最优解为:1715.3336
最优解路径:

Best_route =

  1 至 24 列

    13    14    11    12    29    30    15    16     3     0     0     0     0     0     0     0     0     0     0     0     0     0     0     0
    21    22     5     6     9    10    27    28     1     2    23    24     0     0     0     0     0     0     0     0     0     0     0     0
    17    18    25    26    19    20     4     7     8     0     0     0     0     0     0     0     0     0     0     0     0     0     0     0
     0     0     0     0     0     0     0     0     0     0     0     0     0     0     0     0     0     0     0     0     0     0     0     0
     0     0     0     0     0     0     0     0     0     0     0     0     0     0     0     0     0     0     0     0     0     0     0     0

  25 至 31 列

     0     0     0     0     0     0     0
     0     0     0     0     0     0     0
     0     0     0     0     0     0     0
     0     0     0     0     0     0     0
     0     0     0     0     0     0     0

本次运算用时:68.674秒
算法在第14代时收敛

best
1775.91425100267
1775.91425100267
1773.56052636815
1773.56052636815
1723.51690704823
1723.51690704823
1723.51690704823
1723.51690704823
1723.51690704823
1723.51690704823
1723.51690704823
1723.51690704823
1723.51690704823
1715.33364045371
1715.33364045371
1715.33364045371
1715.33364045371
1715.33364045371
1715.33364045371
1715.33364045371
1715.33364045371
1715.33364045371
1715.33364045371
1715.33364045371
1715.33364045371
1715.33364045371
1715.33364045371
1715.33364045371
1715.33364045371
1715.33364045371
1715.33364045371
1715.33364045371
1715.33364045371
1715.33364045371
1715.33364045371
1715.33364045371
1715.33364045371
1715.33364045371
1715.33364045371
1715.33364045371
1715.33364045371
1715.33364045371
1715.33364045371
1715.33364045371
1715.33364045371
1715.33364045371
1715.33364045371
1715.33364045371
1715.33364045371
1715.33364045371
1715.33364045371
1715.33364045371
1715.33364045371
1715.33364045371
1715.33364045371
1715.33364045371
1715.33364045371
1715.33364045371
1715.33364045371
1715.33364045371
1715.33364045371
1715.33364045371
1715.33364045371
1715.33364045371
1715.33364045371
1715.33364045371
1715.33364045371
1715.33364045371
1715.33364045371
1715.33364045371
1715.33364045371
1715.33364045371
1715.33364045371
1715.33364045371
1715.33364045371
1715.33364045371
1715.33364045371
1715.33364045371
1715.33364045371
1715.33364045371
1715.33364045371
1715.33364045371
1715.33364045371
1715.33364045371
1715.33364045371
1715.33364045371
1715.33364045371
1715.33364045371
1715.33364045371
1715.33364045371
1715.33364045371
1715.33364045371
1715.33364045371
1715.33364045371
1715.33364045371
1715.33364045371
1715.33364045371
1715.33364045371
1715.33364045371
1715.33364045371
1715.33364045371
1715.33364045371
1715.33364045371
1715.33364045371
1715.33364045371
1715.33364045371
1715.33364045371
1715.33364045371
1715.33364045371
1715.33364045371
1715.33364045371
1715.33364045371
1715.33364045371
1715.33364045371
1715.33364045371
1715.33364045371
1715.33364045371
1715.33364045371
1715.33364045371
1715.33364045371
1715.33364045371
1715.33364045371
1715.33364045371
1715.33364045371
1715.33364045371
1715.33364045371
1715.33364045371
1715.33364045371
1715.33364045371
1715.33364045371
1715.33364045371
1715.33364045371
1715.33364045371
1715.33364045371
1715.33364045371
1715.33364045371
1715.33364045371
1715.33364045371
1715.33364045371
1715.33364045371
1715.33364045371
1715.33364045371
1715.33364045371
1715.33364045371
1715.33364045371
1715.33364045371
1715.33364045371
1715.33364045371
1715.33364045371
1715.33364045371
1715.33364045371
1715.33364045371
1715.33364045371
1715.33364045371
1715.33364045371
1715.33364045371
1715.33364045371
1715.33364045371
1715.33364045371
1715.33364045371
1715.33364045371
1715.33364045371
1715.33364045371
1715.33364045371
1715.33364045371
1715.33364045371
1715.33364045371
1715.33364045371
1715.33364045371
1715.33364045371
1715.33364045371
1715.33364045371
1715.33364045371
1715.33364045371
1715.33364045371
1715.33364045371
1715.33364045371
1715.33364045371
1715.33364045371
1715.33364045371
1715.33364045371
1715.33364045371
1715.33364045371
1715.33364045371
1715.33364045371
1715.33364045371
1715.33364045371
1715.33364045371
1715.33364045371
1715.33364045371
1715.33364045371
1715.33364045371
1715.33364045371
1715.33364045371
1715.33364045371
1715.33364045371
1715.33364045371
1715.33364045371
1715.33364045371
1715.33364045371
1715.33364045371
1715.33364045371
1715.33364045371
1715.33364045371
1715.33364045371
1715.33364045371
1715.33364045371
1715.33364045371
1715.33364045371
1715.33364045371
1715.33364045371
1715.33364045371
1715.33364045371
1715.33364045371
1715.33364045371
1715.33364045371
1715.33364045371
1715.33364045371
1715.33364045371
1715.33364045371
1715.33364045371
1715.33364045371
1715.33364045371
1715.33364045371
1715.33364045371
1715.33364045371
1715.33364045371
1715.33364045371
1715.33364045371
1715.33364045371
1715.33364045371
1715.33364045371
1715.33364045371
1715.33364045371
1715.33364045371
1715.33364045371
1715.33364045371
1715.33364045371
1715.33364045371
1715.33364045371
1715.33364045371
1715.33364045371
1715.33364045371
1715.33364045371
1715.33364045371
1715.33364045371
1715.33364045371
1715.33364045371
1715.33364045371
1715.33364045371
1715.33364045371
1715.33364045371
1715.33364045371
1715.33364045371
1715.33364045371
1715.33364045371
1715.33364045371
1715.33364045371
1715.33364045371
1715.33364045371
1715.33364045371
1715.33364045371
1715.33364045371
1715.33364045371
1715.33364045371
1715.33364045371
1715.33364045371
1715.33364045371
1715.33364045371
1715.33364045371
1715.33364045371
1715.33364045371
1715.33364045371
1715.33364045371
1715.33364045371
1715.33364045371
1715.33364045371
1715.33364045371
1715.33364045371
1715.33364045371
1715.33364045371
1715.33364045371
1715.33364045371
1715.33364045371
1715.33364045371
1715.33364045371
1715.33364045371
1715.33364045371
1715.33364045371
1715.33364045371
1715.33364045371
1715.33364045371
1715.33364045371
1715.33364045371
1715.33364045371
1715.33364045371
1715.33364045371
1715.33364045371
1715.33364045371
1715.33364045371
1715.33364045371
1715.33364045371
1715.33364045371
1715.33364045371
1715.33364045371
1715.33364045371
1715.33364045371
1715.33364045371
1715.33364045371
1715.33364045371
1715.33364045371
1715.33364045371
1715.33364045371
1715.33364045371
1715.33364045371
1715.33364045371
1715.33364045371
1715.33364045371
1715.33364045371
1715.33364045371
1715.33364045371
1715.33364045371
1715.33364045371
1715.33364045371
1715.33364045371
1715.33364045371
1715.33364045371
1715.33364045371
1715.33364045371
1715.33364045371
1715.33364045371
1715.33364045371
1715.33364045371
1715.33364045371
1715.33364045371
1715.33364045371
1715.33364045371
1715.33364045371
1715.33364045371
1715.33364045371
1715.33364045371
1715.33364045371
1715.33364045371
1715.33364045371
1715.33364045371
1715.33364045371
1715.33364045371
1715.33364045371
1715.33364045371
1715.33364045371
1715.33364045371
1715.33364045371
1715.33364045371
1715.33364045371
1715.33364045371
1715.33364045371
1715.33364045371
1715.33364045371
1715.33364045371
1715.33364045371
1715.33364045371
1715.33364045371
1715.33364045371
1715.33364045371
1715.33364045371
1715.33364045371
1715.33364045371
1715.33364045371
1715.33364045371
1715.33364045371
1715.33364045371
1715.33364045371
1715.33364045371
1715.33364045371
1715.33364045371
1715.33364045371
1715.33364045371
1715.33364045371
1715.33364045371
1715.33364045371
1715.33364045371
1715.33364045371
1715.33364045371
1715.33364045371
1715.33364045371
1715.33364045371
1715.33364045371
1715.33364045371
1715.33364045371
1715.33364045371
1715.33364045371
1715.33364045371
1715.33364045371
1715.33364045371
1715.33364045371
1715.33364045371
1715.33364045371
1715.33364045371
1715.33364045371
1715.33364045371
1715.33364045371
1715.33364045371
1715.33364045371
1715.33364045371
1715.33364045371
1715.33364045371
1715.33364045371
1715.33364045371
1715.33364045371
