最优解为:1070.965
最优解路径:

Best_route =

     3     4    13    14     1     2     7     8     0     0     0     0     0     0     0     0     0
     9    10    11    12     5     6    15    16     0     0     0     0     0     0     0     0     0

本次运算用时:7.26秒
算法在第3代时收敛

best
1073.59370914433
1073.59370914433
1070.96499891243
1070.96499891243
1070.96499891243
1070.96499891243
1070.96499891243
1070.96499891243
1070.96499891243
1070.96499891243
1070.96499891243
1070.96499891243
1070.96499891243
1070.96499891243
1070.96499891243
1070.96499891243
1070.96499891243
1070.96499891243
1070.96499891243
1070.96499891243
1070.96499891243
1070.96499891243
1070.96499891243
1070.96499891243
1070.96499891243
1070.96499891243
1070.96499891243
1070.96499891243
1070.96499891243
1070.96499891243
1070.96499891243
1070.96499891243
1070.96499891243
1070.96499891243
1070.96499891243
1070.96499891243
1070.96499891243
1070.96499891243
1070.96499891243
1070.96499891243
1070.96499891243
1070.96499891243
1070.96499891243
1070.96499891243
1070.96499891243
1070.96499891243
1070.96499891243
1070.96499891243
1070.96499891243
1070.96499891243
1070.96499891243
1070.96499891243
1070.96499891243
1070.96499891243
1070.96499891243
1070.96499891243
1070.96499891243
1070.96499891243
1070.96499891243
1070.96499891243
1070.96499891243
1070.96499891243
1070.96499891243
1070.96499891243
1070.96499891243
1070.96499891243
1070.96499891243
1070.96499891243
1070.96499891243
1070.96499891243
1070.96499891243
1070.96499891243
1070.96499891243
1070.96499891243
1070.96499891243
1070.96499891243
1070.96499891243
1070.96499891243
1070.96499891243
1070.96499891243
1070.96499891243
1070.96499891243
1070.96499891243
1070.96499891243
1070.96499891243
1070.96499891243
1070.96499891243
1070.96499891243
1070.96499891243
1070.96499891243
1070.96499891243
1070.96499891243
1070.96499891243
1070.96499891243
1070.96499891243
1070.96499891243
1070.96499891243
1070.96499891243
1070.96499891243
1070.96499891243
1070.96499891243
1070.96499891243
1070.96499891243
1070.96499891243
1070.96499891243
1070.96499891243
1070.96499891243
1070.96499891243
1070.96499891243
1070.96499891243
1070.96499891243
1070.96499891243
1070.96499891243
1070.96499891243
1070.96499891243
1070.96499891243
1070.96499891243
1070.96499891243
1070.96499891243
1070.96499891243
1070.96499891243
1070.96499891243
1070.96499891243
1070.96499891243
1070.96499891243
1070.96499891243
1070.96499891243
1070.96499891243
1070.96499891243
1070.96499891243
1070.96499891243
1070.96499891243
1070.96499891243
1070.96499891243
1070.96499891243
1070.96499891243
1070.96499891243
1070.96499891243
1070.96499891243
1070.96499891243
1070.96499891243
1070.96499891243
1070.96499891243
1070.96499891243
1070.96499891243
1070.96499891243
1070.96499891243
1070.96499891243
1070.96499891243
1070.96499891243
1070.96499891243
1070.96499891243
1070.96499891243
1070.96499891243
1070.96499891243
1070.96499891243
1070.96499891243
1070.96499891243
1070.96499891243
1070.96499891243
1070.96499891243
1070.96499891243
1070.96499891243
1070.96499891243
1070.96499891243
1070.96499891243
1070.96499891243
1070.96499891243
1070.96499891243
1070.96499891243
1070.96499891243
1070.96499891243
1070.96499891243
1070.96499891243
1070.96499891243
1070.96499891243
1070.96499891243
1070.96499891243
1070.96499891243
1070.96499891243
1070.96499891243
1070.96499891243
1070.96499891243
1070.96499891243
1070.96499891243
1070.96499891243
1070.96499891243
1070.96499891243
1070.96499891243
1070.96499891243
1070.96499891243
1070.96499891243
1070.96499891243
1070.96499891243
1070.96499891243
1070.96499891243
1070.96499891243
1070.96499891243
1070.96499891243
1070.96499891243

ave
1088.57992520718
1085.81009039959
1089.95187176422
1090.45556581606
1084.73640129355
1098.91243215293
1088.13603092492
1081.46278144606
1092.21677965788
1086.91014083912
1094.70932559760
1095.55156196198
1096.82780838042
1077.94164744933
1088.80681513028
1087.84066732961
1084.18807807944
1100.56216486419
1104.60896485254
1095.73554342469
1095.31991619828
1107.45974504397
1095.15824089220
1097.09142258774
1095.86957733723
1097.90155622510
1090.61952719990
1111.86505963344
1121.97018312694
1107.34582770405
1108.98754176769
1101.80532703895
1113.80632403911
1092.25302307071
1120.04121403374
1100.21082011198
1090.43927768979
1116.82908429539
1098.02516601019
1106.88916486866
1112.52895713866
1106.54759233838
1098.27117550089
1122.75323288691
1108.06711856800
1091.32789435344
1096.14232133358
1130.44966621349
1112.58307714004
1103.54955872205
1118.79951504794
1119.09381225177
1091.67793705386
1091.14255132627
1091.95072804697
1080.86170308375
1092.59608884424
1098.21368355976
1105.44991346346
1104.72674797504
1109.81857180568
1092.43778987780
1101.06929242290
1125.97952792106
1106.78918152152
1087.08162664823
1094.28159648225
1103.42262793872
1097.68650076620
1104.71409320333
1112.07268136052
1098.92673290430
1098.70553383782
1102.19098346165
1088.32102805731
1084.45246990291
1086.46671445548
1088.29753859330
1107.63424559745
1085.49451660490
1115.06667829400
1103.69425714685
1109.98168312325
1076.32226400530
1088.37972415114
1082.43511475508
1114.97949014649
1082.81691531166
1110.54269205534
1096.03797288326
1088.12891001702
1106.87930173088
1094.88894188719
1108.04856582883
1082.97994101030
1096.12278447672
1091.56037737890
1115.49886134963
1103.17941963965
1114.57042544196
1106.01429689450
1090.87898329861
1099.65233459615
1082.87577795905
1098.82443917930
1082.79344120187
1092.93672197292
1104.17217174170
1110.44898962025
1091.02556823266
1112.67311807200
1099.73227169698
1144.39647213539
1115.65661289979
1129.11705905943
1088.96457472952
1098.70280437858
1119.80306504248
1090.85080210602
1106.93075719608
1108.63710556262
1123.33469075685
1104.53717381082
1086.46102872215
1116.15169878056
1083.14661397841
1092.81076706852
1094.40981187167
1101.69136259341
1103.05275183475
1101.74393292545
1121.40162417253
1090.20941771957
1081.49243689179
1128.58410842262
1117.87022605921
1113.54207122526
1113.00537176610
1081.48462425746
1072.74417504294
1106.21329655944
1119.93928834221
1093.49891561836
1102.77802043455
1129.19169019329
1141.21104379990
1097.62095950961
1089.99735579286
1077.28409563392
1104.36180636742
1082.85270146090
1105.48491793734
1105.79695320363
1076.53332670200
1096.06054849647
1073.14940925797
1100.22989478755
1100.30910857486
1093.00061437293
1091.47658239603
1096.33990201272
1098.24211927366
1082.16075051211
1105.29917860625
1093.24716664764
1089.36613451360
1086.84053746384
1106.50828345658
1091.72964280595
1087.41572335463
1096.30302395012
1092.24491703499
1084.34055746498
1115.99366607982
1098.80833063266
1117.19492364941
1113.64460423777
1090.85862562110
1105.04146228018
1083.39349386226
1105.24489446601
1105.38001301623
1114.20494370464
1114.41642837935
1107.96061761916
1094.06742934063
1083.40438302788
1110.96884169093
1122.38569521837
1101.81270185233
1112.57504728013
1119.73874666786
1091.77753526246
1080.72860889184
1092.04664233528
1098.27429149749
1075.91562977936
1092.75293371967
1089.94815543125
1074.43968061069