最优解为:306.4012
最优解路径:

Best_route =

     0     0     0     0     0     0
     1     4     2     5     3     0

本次运算用时:1.39秒
算法在第3代时收敛

best
306.450510900696
306.450510900696
306.401178454650
306.401178454650
306.401178454650
306.401178454650
306.401178454650
306.401178454650
306.401178454650
306.401178454650
306.401178454650
306.401178454650
306.401178454650
306.401178454650
306.401178454650
306.401178454650
306.401178454650
306.401178454650
306.401178454650
306.401178454650
306.401178454650
306.401178454650
306.401178454650
306.401178454650
306.401178454650
306.401178454650
306.401178454650
306.401178454650
306.401178454650
306.401178454650
306.401178454650
306.401178454650
306.401178454650
306.401178454650
306.401178454650
306.401178454650
306.401178454650
306.401178454650
306.401178454650
306.401178454650
306.401178454650
306.401178454650
306.401178454650
306.401178454650
306.401178454650
306.401178454650
306.401178454650
306.401178454650
306.401178454650
306.401178454650
306.401178454650
306.401178454650
306.401178454650
306.401178454650
306.401178454650
306.401178454650
306.401178454650
306.401178454650
306.401178454650
306.401178454650
306.401178454650
306.401178454650
306.401178454650
306.401178454650
306.401178454650
306.401178454650
306.401178454650
306.401178454650
306.401178454650
306.401178454650
306.401178454650
306.401178454650
306.401178454650
306.401178454650
306.401178454650
306.401178454650
306.401178454650
306.401178454650
306.401178454650
306.401178454650
306.401178454650
306.401178454650
306.401178454650
306.401178454650
306.401178454650
306.401178454650
306.401178454650
306.401178454650
306.401178454650
306.401178454650
306.401178454650
306.401178454650
306.401178454650
306.401178454650
306.401178454650
306.401178454650
306.401178454650
306.401178454650
306.401178454650
306.401178454650

ave
324.704290697432
310.398286657520
323.158472508487
333.560214387196
311.058995464919
310.380300237255
309.857820817872
308.659145021928
309.796657436389
311.033878932192
321.451864123044
309.858770673570
320.873899406935
308.859440753309
308.640406704044
308.941589985574
308.343794028237
308.369290030556
307.695594949071
318.615602851555
307.744352923331
306.993019443424
307.963892515374
318.993019443424
319.182021105666
307.907107809401
306.873467248460
319.105917903212
319.071095943720
306.562649429503
318.401178454650
307.127776840287
330.615602851555
306.401178454650
318.719102086514
306.401178454650
306.732548760086
306.401178454650
318.479254954946
306.645349331558
306.562649429503
306.401178454650
306.401178454650
318.371431974648
306.748848566517
306.401178454650
306.401178454650
306.401178454650
306.401178454650
306.401178454650
306.883605963379
306.401178454650
306.401178454650
306.401178454650
306.401178454650
306.401178454650
306.401178454650
318.401178454650
306.401178454650
306.401178454650
306.401178454650
306.401178454650
306.401178454650
318.401178454650
306.645349331558
306.401178454650
306.401178454650
306.401178454650
306.401178454650
306.401178454650
318.479254954946
306.401178454650
306.401178454650
306.401178454650
306.401178454650
318.401178454650
318.479254954946
306.401178454650
306.401178454650
306.401178454650
306.401178454650
306.401178454650
306.401178454650
306.401178454650
306.401178454650
306.401178454650
306.401178454650
306.401178454650
306.401178454650
306.401178454650
306.401178454650
306.571077785234
306.401178454650
306.401178454650
306.401178454650
306.401178454650
306.748848566517
306.401178454650
306.401178454650
306.401178454650