最优解为:513.8359
最优解路径:

Best_route =

     0     0     0     0     0     0     0     0     0     0     0
     3     4     1     5     7     8     9    10     6     2     0

本次运算用时:2.562秒
算法在第25代时收敛

best
564.267485878386
564.267485878386
564.267485878386
564.267485878386
564.267485878386
564.267485878386
564.267485878386
564.267485878386
564.267485878386
564.267485878386
564.267485878386
564.267485878386
564.267485878386
564.267485878386
564.267485878386
564.267485878386
564.267485878386
564.267485878386
564.267485878386
564.267485878386
564.267485878386
564.267485878386
564.267485878386
564.267485878386
513.835944365514
513.835944365514
513.835944365514
513.835944365514
513.835944365514
513.835944365514
513.835944365514
513.835944365514
513.835944365514
513.835944365514
513.835944365514
513.835944365514
513.835944365514
513.835944365514
513.835944365514
513.835944365514
513.835944365514
513.835944365514
513.835944365514
513.835944365514
513.835944365514
513.835944365514
513.835944365514
513.835944365514
513.835944365514
513.835944365514
513.835944365514
513.835944365514
513.835944365514
513.835944365514
513.835944365514
513.835944365514
513.835944365514
513.835944365514
513.835944365514
513.835944365514
513.835944365514
513.835944365514
513.835944365514
513.835944365514
513.835944365514
513.835944365514
513.835944365514
513.835944365514
513.835944365514
513.835944365514
513.835944365514
513.835944365514
513.835944365514
513.835944365514
513.835944365514
513.835944365514
513.835944365514
513.835944365514
513.835944365514
513.835944365514
513.835944365514
513.835944365514
513.835944365514
513.835944365514
513.835944365514
513.835944365514
513.835944365514
513.835944365514
513.835944365514
513.835944365514
513.835944365514
513.835944365514
513.835944365514
513.835944365514
513.835944365514
513.835944365514
513.835944365514
513.835944365514
513.835944365514
513.835944365514

ave
1221.22282238439
1397.16773257268
1533.91720547655
1461.16638232583
1531.63552724825
1272.63905759607
1314.54961568976
1309.56636788580
1489.40988234299
1396.41476736504
1383.54213253931
1580.80635322315
1450.63124683216
1438.98259373644
1526.19332316945
1328.96998874762
1436.76259559579
1276.28709819348
1291.22198707481
1079.57029731845
1263.93763614413
1092.11990968594
1205.51118790342
1209.31388963476
1206.57552464059
1064.22230544196
1053.56586844531
1369.19838114465
1038.77902195606
1023.67586489428
779.993777741935
886.247348187772
1118.58057964954
725.593684021543
686.724724213042
778.850527140152
632.479552420609
609.349031796575
609.267485878386
647.561098338797
731.741987487741
648.245504906764
617.479552420609
609.432200278813
632.996105045714
564.267485878386
579.267485878386
579.267485878386
564.349031796575
564.267485878386
564.349031796575
564.267485878386
671.126625669748
617.398006502420
579.004572090731
647.996105045714
617.382365791772
579.004572090731
579.267485878386
594.349031796575
579.267485878386
564.267485878386
564.267485878386
617.382365791772
564.267485878386
564.267485878386
632.398006502420
564.267485878386
564.267485878386
579.267485878386
564.267485878386
564.267485878386
564.267485878386
579.267485878386
564.267485878386
564.349031796575
617.398006502420
564.267485878386
564.267485878386
564.267485878386
564.267485878386
617.382365791772
564.267485878386
564.267485878386
564.267485878386
579.267485878386
564.267485878386
564.267485878386
564.267485878386
564.267485878386
564.267485878386
564.267485878386
564.267485878386
564.267485878386
564.267485878386
564.267485878386
594.349031796575
564.267485878386
564.267485878386
579.267485878386