实验环境：
VeiNum = 2
Q_ant = 60
AntNum = 20 
iter_max = 100

抽取的客户节点编号为

Cus_select =

    91    32    28     7    67

各任务对应的的客户节点编号为

Task_Cus =

    91    32    28     7    67

cus：
35	35
35	35
35	35
15	19
35	69
41	37
20	50
67	5


task：
2	4	1	0	1
4	3	2	1	0
3	5	3	0	1
5	2	4	3	0
3	6	3	0	1
6	2	4	5	0
3	7	3	0	1
7	2	4	7	0
3	8	3	0	1
8	2	4	9	0


linktime
0	0	0.640312423743285	1.35000000000000	0.850000000000000	0.658113883008419	0.158113883008419	1.03033008588991	0.530330085889911	1.59658560997307	1.09658560997307
0.640312423743285	0.806979090409952	0	2.15697909040995	1.34629120178363	1.46509297341837	0.790569415042095	1.83730917629986	0.785015923405379	2.40356470038302	1.34629120178363
1.14031242374329	1.14031242374329	1.94729151415324	1.34629120178363	2.15697909040995	0.790569415042095	1.46509297341837	0.785015923405379	1.83730917629986	1.34629120178363	2.40356470038302
0.850000000000000	1.01666666666667	1.34629120178363	2.36666666666667	0	1.67478054967509	0.813941029804985	2.04699675255658	0.605185921845510	2.61325227663973	1.78885438199983
0	0	0.806979090409952	1.35000000000000	1.01666666666667	0.658113883008419	0.324780549675086	1.03033008588991	0.696996752556577	1.59658560997307	1.26325227663973
0.158113883008419	0.324780549675086	0.790569415042095	1.67478054967509	0.813941029804985	0.982894432683505	0	1.35511063556500	0.617454451761423	1.92136615964815	1.03077640640442
0	0	0.806979090409952	1.35000000000000	1.01666666666667	0.658113883008419	0.324780549675086	1.03033008588991	0.696996752556577	1.59658560997307	1.26325227663973
0.530330085889911	0.696996752556577	0.785015923405379	2.04699675255658	0.605185921845510	1.35511063556500	0.617454451761423	1.72732683844649	0	2.29358236252964	1.62672984849974
0	0	0.806979090409952	1.35000000000000	1.01666666666667	0.658113883008419	0.324780549675086	1.03033008588991	0.696996752556577	1.59658560997307	1.26325227663973
1.09658560997307	1.26325227663973	1.34629120178363	2.61325227663973	1.78885438199983	1.92136615964815	1.03077640640442	2.29358236252964	1.62672984849974	2.85983788661280	0
0	0	0.806979090409952	1.35000000000000	1.01666666666667	0.658113883008419	0.324780549675086	1.03033008588991	0.696996752556577	1.59658560997307	1.26325227663973

tasktime
0
1.30697909040995
0.166666666666667
0.166666666666667
1.51666666666667
0.166666666666667
0.824780549675086
0.166666666666667
1.19699675255658
0.166666666666667
1.76325227663973



1
2	4	1	0	1
5	2	4	0	0
6	2	4	0	0
7	2	4	0	0
8	2	4	0	0


2
4	3	2	0	0
3	5	3	0	1
3	6	3	0	1
3	7	3	0	1
3	8	3	0	1




linktime1
0	0	0.850000000000000	0.158113883008419	0.530330085889911	1.09658560997307
0.640312423743285	0.806979090409952	1.34629120178363	0.790569415042095	0.785015923405379	1.34629120178363
0	0	1.01666666666667	0.324780549675086	0.696996752556577	1.26325227663973
0	0	1.01666666666667	0.324780549675086	0.696996752556577	1.26325227663973
0	0	1.01666666666667	0.324780549675086	0.696996752556577	1.26325227663973
0	0	1.01666666666667	0.324780549675086	0.696996752556577	1.26325227663973

tasktime1
0
1.30697909040995
1.51666666666667
0.824780549675086
1.19699675255658
1.76325227663973


linktime2
0	0.640312423743285	1.35000000000000	0.658113883008419	1.03033008588991	1.59658560997307
1.14031242374329	1.94729151415324	1.34629120178363	0.790569415042095	0.785015923405379	1.34629120178363
0.850000000000000	1.34629120178363	2.36666666666667	1.67478054967509	2.04699675255658	2.61325227663973
0.158113883008419	0.790569415042095	1.67478054967509	0.982894432683505	1.35511063556500	1.92136615964815
0.530330085889911	0.785015923405379	2.04699675255658	1.35511063556500	1.72732683844649	2.29358236252964
1.09658560997307	1.34629120178363	2.61325227663973	1.92136615964815	2.29358236252964	2.85983788661280


tasktime2
0
0.166666666666667
0.166666666666667
0.166666666666667
0.166666666666667
0.166666666666667