最优解为:1955.7061
最优解路径:

Best_route =

  1 至 24 列

    13    15    27    23    24     9    10    37    11    12     0     0     0     0     0     0     0     0     0     0     0     0     0     0
    29    30    16    21    22    26     5     6    32     0     0     0     0     0     0     0     0     0     0     0     0     0     0     0
     0     0     0     0     0     0     0     0     0     0     0     0     0     0     0     0     0     0     0     0     0     0     0     0
     3     4    17     1    25    31     7     2    35    36     8     0     0     0     0     0     0     0     0     0     0     0     0     0
    14    33    34    18    39    40    28    19    20    38     0     0     0     0     0     0     0     0     0     0     0     0     0     0

  25 至 41 列

     0     0     0     0     0     0     0     0     0     0     0     0     0     0     0     0     0
     0     0     0     0     0     0     0     0     0     0     0     0     0     0     0     0     0
     0     0     0     0     0     0     0     0     0     0     0     0     0     0     0     0     0
     0     0     0     0     0     0     0     0     0     0     0     0     0     0     0     0     0
     0     0     0     0     0     0     0     0     0     0     0     0     0     0     0     0     0

本次运算用时:136.392秒
算法在第257代时收敛

best
2067.67089081408
2067.67089081408
2067.67089081408
2067.67089081408
2067.67089081408
2067.67089081408
2067.67089081408
2067.67089081408
2067.67089081408
2067.67089081408
2067.67089081408
2067.67089081408
2067.67089081408
2067.67089081408
2067.67089081408
2067.67089081408
2067.67089081408
2067.67089081408
2067.67089081408
2067.67089081408
2067.67089081408
2067.57593818212
2067.57593818212
2067.57593818212
2067.57593818212
2067.57593818212
2065.39581806989
2064.68914353744
2064.68914353744
2064.68914353744
2064.68914353744
2056.99513719806
2056.99513719806
2056.99513719806
2056.99513719806
2055.23403290125
2055.23403290125
2055.23403290125
2055.23403290125
2055.23403290125
2055.23403290125
2055.23403290125
2055.23403290125
2055.23403290125
2055.23403290125
2055.23403290125
2055.23403290125
2055.23403290125
2055.23403290125
2055.23403290125
2055.23403290125
2055.23403290125
2055.23403290125
2055.23403290125
2055.23403290125
2055.23403290125
2055.23403290125
2055.23403290125
2055.23403290125
2055.23403290125
2055.23403290125
2055.23403290125
2055.23403290125
2055.23403290125
2055.23403290125
2055.23403290125
2055.23403290125
2055.23403290125
2055.23403290125
2055.23403290125
2055.23403290125
2055.23403290125
2055.23403290125
2055.23403290125
2055.23403290125
2055.23403290125
2055.23403290125
2055.23403290125
2055.23403290125
2055.23403290125
2055.23403290125
2055.23403290125
2055.23403290125
2055.23403290125
2055.23403290125
2055.23403290125
2055.23403290125
2055.23403290125
2055.23403290125
2055.23403290125
2055.23403290125
2055.23403290125
2055.23403290125
2055.23403290125
2055.23403290125
2055.23403290125
2055.23403290125
2049.87210183422
2049.87210183422
2049.87210183422
2049.87210183422
2049.87210183422
2049.87210183422
2049.87210183422
2049.87210183422
2049.87210183422
2049.87210183422
2049.87210183422
2049.87210183422
2049.87210183422
2049.87210183422
2049.87210183422
2042.52149739150
2042.52149739150
2009.29965590688
2008.61872835163
2008.61872835163
2008.61872835163
2008.61872835163
2008.61872835163
2008.61872835163
2008.61872835163
2008.61872835163
2008.61872835163
2008.61872835163
2008.61872835163
2008.61872835163
2008.61872835163
2008.61872835163
2008.61872835163
2008.61872835163
2008.61872835163
2008.01254822674
2008.01254822674
2008.01254822674
2008.01254822674
2008.01254822674
2008.01254822674
2002.82003275426
2002.82003275426
2002.82003275426
2002.82003275426
2002.82003275426
2002.82003275426
2002.82003275426
2002.82003275426
2002.82003275426
2002.82003275426
2002.82003275426
2002.82003275426
2002.82003275426
2002.82003275426
2002.82003275426
2002.82003275426
2002.82003275426
2002.82003275426
2002.82003275426
2002.82003275426
2002.82003275426
2002.82003275426
2002.82003275426
2002.82003275426
2002.82003275426
2002.82003275426
2002.82003275426
2002.82003275426
2002.82003275426
2002.82003275426
2002.82003275426
2002.82003275426
2002.82003275426
2002.82003275426
2002.82003275426
2002.82003275426
2002.82003275426
2002.82003275426
2002.82003275426
2002.82003275426
2002.82003275426
2002.82003275426
2002.82003275426
2002.82003275426
2002.30463532746
2002.30463532746
2002.30463532746
2002.30463532746
2002.30463532746
2002.30463532746
2002.30463532746
2002.30463532746
2002.30463532746
2002.30463532746
2002.30463532746
2002.30463532746
2002.30463532746
2002.30463532746
2002.30463532746
2002.30463532746
2002.30463532746
2002.30463532746
2002.30463532746
2002.30463532746
2002.30463532746
2002.30463532746
2002.30463532746
2002.30463532746
2002.30463532746
2002.30463532746
2002.30463532746
2002.30463532746
2002.30463532746
2002.30463532746
2002.30463532746
2002.30463532746
2002.30463532746
2002.30463532746
2002.30463532746
2002.30463532746
2002.30463532746
2002.30463532746
2002.30463532746
2002.30463532746
2002.30463532746
2002.30463532746
2002.30463532746
2002.30463532746
2002.30463532746
2002.30463532746
2002.30463532746
2002.30463532746
2002.30463532746
2002.30463532746
2002.30463532746
2002.30463532746
2002.30463532746
2002.30463532746
2002.30463532746
2002.30463532746
2002.30463532746
2002.30463532746
2002.30463532746
2002.30463532746
2002.30463532746
2002.30463532746
2002.30463532746
2002.30463532746
2002.30463532746
2002.30463532746
2002.30463532746
2002.30463532746
2002.30463532746
2002.30463532746
2002.30463532746
2002.30463532746
2002.30463532746
2002.30463532746
1955.70607158261
1955.70607158261
1955.70607158261
1955.70607158261
1955.70607158261
1955.70607158261
1955.70607158261
1955.70607158261
1955.70607158261
1955.70607158261
1955.70607158261
1955.70607158261
1955.70607158261
1955.70607158261
1955.70607158261
1955.70607158261
1955.70607158261
1955.70607158261
1955.70607158261
1955.70607158261
1955.70607158261
1955.70607158261
1955.70607158261
1955.70607158261
1955.70607158261
1955.70607158261
1955.70607158261
1955.70607158261
1955.70607158261
1955.70607158261
1955.70607158261
1955.70607158261
1955.70607158261
1955.70607158261
1955.70607158261
1955.70607158261
1955.70607158261
1955.70607158261
1955.70607158261
1955.70607158261
1955.70607158261
1955.70607158261
1955.70607158261
1955.70607158261
1955.70607158261
1955.70607158261
1955.70607158261
1955.70607158261
1955.70607158261
1955.70607158261
1955.70607158261
1955.70607158261
1955.70607158261
1955.70607158261
1955.70607158261
1955.70607158261
1955.70607158261
1955.70607158261
1955.70607158261
1955.70607158261
1955.70607158261
1955.70607158261
1955.70607158261
1955.70607158261
1955.70607158261
1955.70607158261
1955.70607158261
1955.70607158261
1955.70607158261
1955.70607158261
1955.70607158261
1955.70607158261
1955.70607158261
1955.70607158261
1955.70607158261
1955.70607158261
1955.70607158261
1955.70607158261
1955.70607158261
1955.70607158261
1955.70607158261
1955.70607158261
1955.70607158261
1955.70607158261
1955.70607158261
1955.70607158261
1955.70607158261
1955.70607158261
1955.70607158261
1955.70607158261
1955.70607158261
1955.70607158261
1955.70607158261
1955.70607158261
1955.70607158261
1955.70607158261
1955.70607158261
1955.70607158261
1955.70607158261
1955.70607158261
1955.70607158261
1955.70607158261
1955.70607158261
1955.70607158261
1955.70607158261
1955.70607158261
1955.70607158261
1955.70607158261
1955.70607158261
1955.70607158261
1955.70607158261
1955.70607158261
1955.70607158261
1955.70607158261
1955.70607158261
1955.70607158261
1955.70607158261
1955.70607158261
1955.70607158261
1955.70607158261
1955.70607158261
1955.70607158261
1955.70607158261
1955.70607158261
1955.70607158261
1955.70607158261
1955.70607158261
1955.70607158261
1955.70607158261
1955.70607158261
1955.70607158261
1955.70607158261
1955.70607158261
1955.70607158261
1955.70607158261
