最优解为:1729.6343
最优解路径:

Best_route =

  1 至 24 列

    25    26     3     4    13    14    27    28     5     6     1     0     0     0     0     0     0     0     0     0     0     0     0     0
    11    12     9    10    23    24    17    18    29    30     2     0     0     0     0     0     0     0     0     0     0     0     0     0
     0     0     0     0     0     0     0     0     0     0     0     0     0     0     0     0     0     0     0     0     0     0     0     0
    15    16    21    22     7     8    19    20     0     0     0     0     0     0     0     0     0     0     0     0     0     0     0     0

  25 至 31 列

     0     0     0     0     0     0     0
     0     0     0     0     0     0     0
     0     0     0     0     0     0     0
     0     0     0     0     0     0     0

本次运算用时:20.095秒
算法在第17代时收敛

best
1785.13676522114
1785.13676522114
1780.82639029113
1780.82639029113
1780.82639029113
1780.82639029113
1780.82639029113
1780.82639029113
1780.82639029113
1780.82639029113
1780.82639029113
1780.82639029113
1780.82639029113
1780.82639029113
1780.82639029113
1780.82639029113
1729.63430299810
1729.63430299810
1729.63430299810
1729.63430299810
1729.63430299810
1729.63430299810
1729.63430299810
1729.63430299810
1729.63430299810
1729.63430299810
1729.63430299810
1729.63430299810
1729.63430299810
1729.63430299810
1729.63430299810
1729.63430299810
1729.63430299810
1729.63430299810
1729.63430299810
1729.63430299810
1729.63430299810
1729.63430299810
1729.63430299810
1729.63430299810
1729.63430299810
1729.63430299810
1729.63430299810
1729.63430299810
1729.63430299810
1729.63430299810
1729.63430299810
1729.63430299810
1729.63430299810
1729.63430299810
1729.63430299810
1729.63430299810
1729.63430299810
1729.63430299810
1729.63430299810
1729.63430299810
1729.63430299810
1729.63430299810
1729.63430299810
1729.63430299810
1729.63430299810
1729.63430299810
1729.63430299810
1729.63430299810
1729.63430299810
1729.63430299810
1729.63430299810
1729.63430299810
1729.63430299810
1729.63430299810
1729.63430299810
1729.63430299810
1729.63430299810
1729.63430299810
1729.63430299810
1729.63430299810
1729.63430299810
1729.63430299810
1729.63430299810
1729.63430299810
1729.63430299810
1729.63430299810
1729.63430299810
1729.63430299810
1729.63430299810
1729.63430299810
1729.63430299810
1729.63430299810
1729.63430299810
1729.63430299810
1729.63430299810
1729.63430299810
1729.63430299810
1729.63430299810
1729.63430299810
1729.63430299810
1729.63430299810
1729.63430299810
1729.63430299810
1729.63430299810
1729.63430299810
1729.63430299810
1729.63430299810
1729.63430299810
1729.63430299810
1729.63430299810
1729.63430299810
1729.63430299810
1729.63430299810
1729.63430299810
1729.63430299810
1729.63430299810
1729.63430299810
1729.63430299810
1729.63430299810
1729.63430299810
1729.63430299810
1729.63430299810
1729.63430299810
1729.63430299810
1729.63430299810
1729.63430299810
1729.63430299810
1729.63430299810
1729.63430299810
1729.63430299810
1729.63430299810
1729.63430299810
1729.63430299810
1729.63430299810
1729.63430299810
1729.63430299810
1729.63430299810
1729.63430299810
1729.63430299810
1729.63430299810
1729.63430299810
1729.63430299810
1729.63430299810
1729.63430299810
1729.63430299810
1729.63430299810
1729.63430299810
1729.63430299810
1729.63430299810
1729.63430299810
1729.63430299810
1729.63430299810
1729.63430299810
1729.63430299810
1729.63430299810
1729.63430299810
1729.63430299810
1729.63430299810
1729.63430299810
1729.63430299810
1729.63430299810
1729.63430299810
1729.63430299810
1729.63430299810
1729.63430299810
1729.63430299810
1729.63430299810
1729.63430299810
1729.63430299810
1729.63430299810
1729.63430299810
1729.63430299810
1729.63430299810
1729.63430299810
1729.63430299810
1729.63430299810
1729.63430299810
1729.63430299810
1729.63430299810
1729.63430299810
1729.63430299810
1729.63430299810
1729.63430299810
1729.63430299810
1729.63430299810
1729.63430299810
1729.63430299810
1729.63430299810
1729.63430299810
1729.63430299810
1729.63430299810
1729.63430299810
1729.63430299810
1729.63430299810
1729.63430299810
1729.63430299810
1729.63430299810
1729.63430299810
1729.63430299810
1729.63430299810
1729.63430299810
1729.63430299810
1729.63430299810
1729.63430299810

ave
2153.04859733738
2277.90971414658
2365.75637508967
2402.73925801022
2390.62821027166
2301.39182127821
2183.06165302252
2353.28741276656
2247.85114636309
2344.24599278179
2334.10346286489
2258.02451953210
2061.32820025543
2206.51463547341
2162.88214729725
2088.99582663588
2122.32958799287
2142.60135770894
2137.81874701260
2097.56229727720
2104.60743712472
2006.95363173043
1928.43728864893
2059.33153123225
1982.10390579924
1947.96521375814
1927.46339341270
2353.47526964441
1981.88447602561
2083.84606911349
1911.62812457602
1981.07327550354
2112.07740073860
2071.78073212655
1887.22367340185
1958.37149366124
2033.04093071185
1996.96778190764
2023.10180383260
1878.20620116123
2080.04398658495
2010.30231311252
2259.96465840210
2179.91505321517
2089.30551817176
1895.14051817492
1989.16933222917
2124.77351353398
1983.14596346168
1970.34379358260
1981.27610216556
1874.80926643494
1863.14654878185
1929.97612221322
2067.12558348390
1975.49193388980
1929.45653725205
1982.78884967796
1840.17415769306
1975.46375901232
1934.62220586715
1998.20790856653
2152.66050527894
2012.34693158685
2137.00094339596
2166.71922163967
1992.75746883350
2070.48162168977
2018.64587808869
1908.20317619514
1914.36026035691
1884.70673038708
1890.59181899089
2017.11600320362
2150.96794756413
1870.21116442916
1944.06619307533
1922.72043631206
2066.29532596447
1922.55365253497
2088.31367302999
1873.64023348293
2084.54998260155
2207.27716565885
1884.90357281422
1941.76404538661
2286.61814614941
1921.76491907085
2042.98926294981
2023.96814387013
2043.02025133596
1823.54049662173
2040.18119640473
2073.28389033108
2068.53138030716
1986.42815052599
2293.57863541930
2008.57825120662
1854.97828277137
1952.93757983575
2102.45883332399
1956.17066361311
1909.95274698146
2079.64705234512
1919.73644150147
2021.15255606899
2095.92485825244
1990.55964933783
1898.67473274627
2099.91905610688
2251.41058701335
2059.50162289333
2116.87479509141
1927.60675979843
1995.70924165978
1881.76586416437
2029.99802363304
2013.11210322801
2038.82160769527
2060.43056384165
2041.45411526718
2129.71855434220
2068.63848575320
1990.40715199993
2094.08520655230
1936.07904138651
1935.86480487115
2085.05547488806
1970.73517254554
2192.16772064377
1938.46828408329
1909.15059176257
2294.11362340668
2043.29419412161
1929.43220153246
1983.32287095887
2056.43226081245
2000.90838058769
2001.23922400120
1957.75605072673
2140.91277994490
2115.54064352777
1897.83842479746
2091.62942395837
1968.03206611457
2217.69637526704
2106.81612113429
1979.22323964282
1943.16531525391
2101.50415039948
2039.62020454121
2022.67310396038
2069.81435608986
2043.74670277328
2054.12444024171
2165.82299696248
1951.91636954728
2000.89066912231
2127.40752442924
2271.41775287827
1943.96006525359
2087.49676304460
2065.20784951924
1915.34242570220
2136.44882423643
2152.37961857898
2101.54379672081
2040.19306040554
2167.08027043396
2332.41713884185
2229.01622353773
2024.15226992921
2008.30933012666
1934.71125453639
2070.90279177558
1891.25214009753
1917.12095024199
1991.83850804155
2148.02957855810
1885.69039672144
2133.88897465189
2247.91629439224
2158.11450365689
2178.42678286152
1941.73997598616
2034.26417636127
2081.84727686322
2073.96138511065
1982.85306953768
2190.22656281999
1908.62940964150
2080.12677324505
1928.17528440719
1974.87523008796
1982.92156757622
2192.08086233452
1939.63545087831
2093.44901372232
1990.39941092206
1986.51390198174