最优解为:683.0995
最优解路径:

Best_route =

     0     0     0     0     0     0     0     0     0     0     0     0     0     0     0     0
     4     6    14    11     3     8     5     9    13     7    10     2    12    15     0     0
     0     0     0     0     0     0     0     0     0     0     0     0     0     0     0     0
     0     0     0     0     0     0     0     0     0     0     0     0     0     0     0     0
     1     0     0     0     0     0     0     0     0     0     0     0     0     0     0     0

本次运算用时:33.811秒
算法在第29代时收敛

best
688.358347347190
688.358347347190
688.358347347190
688.358347347190
688.358347347190
688.358347347190
688.358347347190
688.358347347190
688.012720731290
688.012720731290
687.316802069906
687.090687032617
687.090687032617
687.090687032617
687.090687032617
687.090687032617
687.090687032617
685.706653030969
685.706653030969
685.706653030969
685.706653030969
685.413437026059
685.138036269923
685.063460827265
684.183957701482
684.183957701482
683.915520400254
683.915520400254
683.099516682763
683.099516682763
683.099516682763
683.099516682763
683.099516682763
683.099516682763
683.099516682763
683.099516682763
683.099516682763
683.099516682763
683.099516682763
683.099516682763
683.099516682763
683.099516682763
683.099516682763
683.099516682763
683.099516682763
683.099516682763
683.099516682763
683.099516682763
683.099516682763
683.099516682763
683.099516682763
683.099516682763
683.099516682763
683.099516682763
683.099516682763
683.099516682763
683.099516682763
683.099516682763
683.099516682763
683.099516682763
683.099516682763
683.099516682763
683.099516682763
683.099516682763
683.099516682763
683.099516682763
683.099516682763
683.099516682763
683.099516682763
683.099516682763
683.099516682763
683.099516682763
683.099516682763
683.099516682763
683.099516682763
683.099516682763
683.099516682763
683.099516682763
683.099516682763
683.099516682763
683.099516682763
683.099516682763
683.099516682763
683.099516682763
683.099516682763
683.099516682763
683.099516682763
683.099516682763
683.099516682763
683.099516682763
683.099516682763
683.099516682763
683.099516682763
683.099516682763
683.099516682763
683.099516682763
683.099516682763
683.099516682763
683.099516682763
683.099516682763
683.099516682763
683.099516682763
683.099516682763
683.099516682763
683.099516682763
683.099516682763
683.099516682763
683.099516682763
683.099516682763
683.099516682763
683.099516682763
683.099516682763
683.099516682763
683.099516682763
683.099516682763
683.099516682763
683.099516682763
683.099516682763
683.099516682763
683.099516682763
683.099516682763
683.099516682763
683.099516682763
683.099516682763
683.099516682763
683.099516682763
683.099516682763
683.099516682763
683.099516682763
683.099516682763
683.099516682763
683.099516682763
683.099516682763
683.099516682763
683.099516682763
683.099516682763
683.099516682763
683.099516682763
683.099516682763
683.099516682763
683.099516682763
683.099516682763
683.099516682763
683.099516682763
683.099516682763
683.099516682763
683.099516682763
683.099516682763
683.099516682763
683.099516682763
683.099516682763
683.099516682763
683.099516682763
683.099516682763
683.099516682763
683.099516682763
683.099516682763
683.099516682763
683.099516682763
683.099516682763
683.099516682763
683.099516682763
683.099516682763
683.099516682763
683.099516682763
683.099516682763
683.099516682763
683.099516682763
683.099516682763
683.099516682763
683.099516682763
683.099516682763
683.099516682763
683.099516682763
683.099516682763
683.099516682763
683.099516682763
683.099516682763
683.099516682763
683.099516682763
683.099516682763
683.099516682763
683.099516682763
683.099516682763
683.099516682763
683.099516682763
683.099516682763
683.099516682763
683.099516682763
683.099516682763
683.099516682763
683.099516682763
683.099516682763
683.099516682763
683.099516682763
683.099516682763
683.099516682763
683.099516682763
683.099516682763
683.099516682763
683.099516682763

ave
777.546205184683
774.539297479188
734.282310525323
721.125133044611
749.760940578325
742.409429881015
751.284737066585
722.378470881740
729.609630771402
731.400215324810
729.649797191296
720.371370380657
716.401827856468
750.806792378776
737.560369056772
736.794019087477
706.342864866358
765.998884933751
775.763126017065
785.767861006163
779.702484716347
716.170515591352
735.939492297348
734.781602355072
722.911341419083
741.453357164058
721.871578829773
733.513165640101
749.314435307146
740.694803319430
748.547242680734
721.501928561232
718.323911542663
719.739667540220
729.820550422436
707.066905578723
715.558422204838
706.140011300207
718.104582577928
707.709015694070
697.400411482645
697.089828277426
706.294857171935
705.766645702658
715.022724169243
705.370381422590
695.814140613470
745.426408268317
695.310335020260
706.493226368216
684.057884285709
714.156890922536
684.278592368267
704.528540361955
704.795364800843
704.633514901600
683.789986082216
706.334591171581
704.488191960916
685.643786836178
683.152787950940
694.501410139578
683.700271711813
683.152787950940
704.070674773965
683.860231013774
683.673768343110
683.206059219117
683.634852373572
694.403383900757
684.442456326690
683.766993344828
683.596006284664
683.786673799451
694.300837273374
683.800989296091
683.294183477295
684.133323376483
683.099516682763
703.390417542111
683.491679235913
713.821441448064
683.448771749933
683.538326554724
694.901071356879
694.149544528278
684.131797398191
684.077246493945
683.786763444636
683.333676062506
686.234490727448
683.348941911900
683.617873210638
683.099516682763
693.605009204230
683.340817537142
684.662038678413
684.839707912039
683.650698803024
693.552742188517
683.724653783409
703.249005611926
693.454810680509
683.644281319368
693.496973399776
684.435648134399
704.101272277555
683.607727554831
684.131500569074
683.799721066093
715.520801124904
684.243478672240
693.152759452850
683.099516682763
703.351942080368
683.856201116798
683.489718752236
683.376244402166
693.884734835719
683.557499501697
683.099516682763
683.756148822936
683.099516682763
693.692992670411
683.797934780918
683.988405188248
692.965425965634
693.741839206371
693.508102076402
684.148282794218
684.381686175130
683.525152183741
683.453621473284
683.485716126892
683.333676062506
683.942662745948
693.479133400524
704.995968995029
684.184657119382
683.268622426851
703.656622719824
694.667255509818
693.344265707006
683.316084401092
683.648511056565
683.866416858917
683.374515563302
683.099516682763
693.866833120096
683.099516682763
683.505882094120
683.099516682763
683.726660922852
683.853453381647
684.650385293116
704.343356994152
683.274913387673
684.945894924894
683.792970728978
693.737518236651
684.163962305762
703.341790209199
683.274913387673
694.031651771349
683.485055286547
683.999258251397
694.244805807284
694.842058990336
683.299950637667
684.158191354900
683.099516682763
683.307355592753
683.451391330846
683.118786772385
685.172979584530
683.648511056565
693.655524846415
683.690926358352
684.068410080764
684.625508793022
693.354743541145
683.567631047332
683.514645719606
683.838692788418
693.018339553908
683.355245212677
683.793702592333
704.319556382087
683.268622426851
684.971561382271
683.279401498036
683.648511056565
693.182470342490
713.865079263118
683.259193481055
683.832467386663
684.266998453775
683.420116980854
703.267542568440
684.447221931924
684.156312179672