最优解为:638.829
最优解路径:

Best_route =

    10    11     3     9    13     7     1    12    15     2     0     0     0     0     0     0
     6     8     5    14     4     0     0     0     0     0     0     0     0     0     0     0
     0     0     0     0     0     0     0     0     0     0     0     0     0     0     0     0
     0     0     0     0     0     0     0     0     0     0     0     0     0     0     0     0
     0     0     0     0     0     0     0     0     0     0     0     0     0     0     0     0

本次运算用时:34.22秒
算法在第14代时收敛

best
641.606256491522
641.606256491522
640.520256491522
639.521714509738
639.521714509738
639.110750505198
639.110750505198
639.110750505198
639.110750505198
639.110750505198
639.110750505198
639.110750505198
639.110750505198
638.829039154567
638.829039154567
638.829039154567
638.829039154567
638.829039154567
638.829039154567
638.829039154567
638.829039154567
638.829039154567
638.829039154567
638.829039154567
638.829039154567
638.829039154567
638.829039154567
638.829039154567
638.829039154567
638.829039154567
638.829039154567
638.829039154567
638.829039154567
638.829039154567
638.829039154567
638.829039154567
638.829039154567
638.829039154567
638.829039154567
638.829039154567
638.829039154567
638.829039154567
638.829039154567
638.829039154567
638.829039154567
638.829039154567
638.829039154567
638.829039154567
638.829039154567
638.829039154567
638.829039154567
638.829039154567
638.829039154567
638.829039154567
638.829039154567
638.829039154567
638.829039154567
638.829039154567
638.829039154567
638.829039154567
638.829039154567
638.829039154567
638.829039154567
638.829039154567
638.829039154567
638.829039154567
638.829039154567
638.829039154567
638.829039154567
638.829039154567
638.829039154567
638.829039154567
638.829039154567
638.829039154567
638.829039154567
638.829039154567
638.829039154567
638.829039154567
638.829039154567
638.829039154567
638.829039154567
638.829039154567
638.829039154567
638.829039154567
638.829039154567
638.829039154567
638.829039154567
638.829039154567
638.829039154567
638.829039154567
638.829039154567
638.829039154567
638.829039154567
638.829039154567
638.829039154567
638.829039154567
638.829039154567
638.829039154567
638.829039154567
638.829039154567
638.829039154567
638.829039154567
638.829039154567
638.829039154567
638.829039154567
638.829039154567
638.829039154567
638.829039154567
638.829039154567
638.829039154567
638.829039154567
638.829039154567
638.829039154567
638.829039154567
638.829039154567
638.829039154567
638.829039154567
638.829039154567
638.829039154567
638.829039154567
638.829039154567
638.829039154567
638.829039154567
638.829039154567
638.829039154567
638.829039154567
638.829039154567
638.829039154567
638.829039154567
638.829039154567
638.829039154567
638.829039154567
638.829039154567
638.829039154567
638.829039154567
638.829039154567
638.829039154567
638.829039154567
638.829039154567
638.829039154567
638.829039154567
638.829039154567
638.829039154567
638.829039154567
638.829039154567
638.829039154567
638.829039154567
638.829039154567
638.829039154567
638.829039154567
638.829039154567
638.829039154567
638.829039154567
638.829039154567
638.829039154567
638.829039154567
638.829039154567
638.829039154567
638.829039154567
638.829039154567
638.829039154567
638.829039154567
638.829039154567
638.829039154567
638.829039154567
638.829039154567
638.829039154567
638.829039154567
638.829039154567
638.829039154567
638.829039154567
638.829039154567
638.829039154567
638.829039154567
638.829039154567
638.829039154567
638.829039154567
638.829039154567
638.829039154567
638.829039154567
638.829039154567
638.829039154567
638.829039154567
638.829039154567
638.829039154567
638.829039154567
638.829039154567
638.829039154567
638.829039154567
638.829039154567
638.829039154567
638.829039154567
638.829039154567
638.829039154567
638.829039154567
638.829039154567
638.829039154567
638.829039154567
638.829039154567
638.829039154567
638.829039154567

ave
669.168540347569
679.258689648085
677.288503821997
687.631050522326
686.037159825773
656.130062069739
696.466803895511
664.894254881212
696.456720211070
664.191416587759
665.508045409815
694.465088035246
715.563539914232
673.384394467106
682.133614748310
662.468974730045
712.007516485517
682.165944680144
722.099905557847
661.457920036865
671.843759990747
671.286016662549
652.273213950029
660.929308514453
700.099367938563
670.669780270204
690.070094217930
690.182186513567
659.623221934146
700.156853028420
660.190810488860
670.539858552082
699.865513833994
649.736782342665
679.105034294369
669.508780020449
639.534386242589
649.193943358978
689.422652220637
669.630851224842
679.478417593388
638.904022722655
689.315829982866
699.616679270917
679.765106652903
708.625099359175
719.015040476056
678.797530047378
649.158896124721
649.081366636366
649.062625370756
668.720439154567
649.002878887985
639.011866012948
648.889149399630
658.756639154567
639.002878887985
668.807359021276
649.124718310216
658.948856391303
639.222271173129
638.867234743998
638.829039154567
648.792839154567
639.011866012948
668.868146281173
638.829039154567
658.940515052971
639.518141308309
639.085854438362
669.143816752533
638.829039154567
648.949481408247
639.011866012948
648.819210180669
659.864548035879
648.966678887985
649.012178866422
639.248787476972
648.966678887985
649.255740986812
638.829039154567
649.201283690354
639.623104912217
639.425103373577
639.251869067743
649.162379349719
639.002878887985
648.831034743998
639.168508266628
678.775520910018
638.915959021276
649.062585879657
639.310821202507
639.342348000046
648.915959021276
639.274044934462
659.227621672882
649.184295304305
639.002878887985
658.939466012948
648.879759021276
639.002878887985
648.915959021276
658.975666012948
639.433089941591
639.180540696239
639.089798754694
638.896172366688
638.829039154567
639.098785879657
658.879759021276
639.021659644694
649.072480510145
639.194692871330
638.915959021276
639.081660180669
659.479217665279
649.272513928101
648.969615334138
648.899101676994
638.915959021276
649.062585879657
639.081660180669
659.032970251172
649.243216709534
639.255036741324
668.956008065152
639.011866012948
659.060997840246
639.388617345565
639.081660180669
659.169837906480
648.829039154567
649.011866012948
659.351022961539
638.829039154567
638.829039154567
649.167984248426
638.829039154567
649.100445209767
638.915959021276
639.360604141293
639.339611820362
639.308849753543
649.287640512876
639.306567402926
649.490423762048
648.981118743159
638.915959021276
649.285298490635
649.366155005677
638.996466825082
639.134985879657
649.332973388221
638.829039154567
648.792839154567
649.069648337814
639.584390002433
638.915959021276
639.038237039050
638.931801359532
649.380823867482
638.867234743998
648.792839154567
639.011866012948
658.842521710526
639.013760019408
639.107411589517
648.819210180669
649.045460180669
638.829039154567
639.093620829530
639.023876997678
638.954154610707
649.420580806599
638.915959021276
648.954154610707
648.829039154567
638.829039154567
638.829039154567
648.948408293502
648.914175255071
648.946892233397
659.105539431056
639.002878887985
638.829039154567
648.915959021276
639.242786356984
648.870225526421
648.973060180669
648.900490121319
648.852128333073
658.939466012948
639.060997840246
639.253941087169
638.881880056788
648.856003287018
638.829039154567
639.000519536261
638.829039154567