最优解为:2372.5846
最优解路径:

Best_route =

  1 至 24 列

    13    14    11    12    31    32    27    28     3     4     0     0     0     0     0     0     0     0     0     0     0     0     0     0
    39    40     7     8     5     6    37    38    35    36     0     0     0     0     0     0     0     0     0     0     0     0     0     0
    19    20    25    26    33    34     9    10    17    18     0     0     0     0     0     0     0     0     0     0     0     0     0     0
    15    16    21    22     1     2    23    24    29    30     0     0     0     0     0     0     0     0     0     0     0     0     0     0
     0     0     0     0     0     0     0     0     0     0     0     0     0     0     0     0     0     0     0     0     0     0     0     0

  25 至 41 列

     0     0     0     0     0     0     0     0     0     0     0     0     0     0     0     0     0
     0     0     0     0     0     0     0     0     0     0     0     0     0     0     0     0     0
     0     0     0     0     0     0     0     0     0     0     0     0     0     0     0     0     0
     0     0     0     0     0     0     0     0     0     0     0     0     0     0     0     0     0
     0     0     0     0     0     0     0     0     0     0     0     0     0     0     0     0     0

本次运算用时:122.15秒
算法在第118代时收敛

best
2395.75255400798
2395.75255400798
2395.75255400798
2395.75255400798
2395.75255400798
2395.75255400798
2395.75255400798
2395.75255400798
2392.04045256585
2392.04045256585
2391.63644243042
2391.63644243042
2387.57594343327
2387.57594343327
2384.07430761601
2384.07430761601
2384.07430761601
2384.07430761601
2384.07430761601
2381.49469672818
2381.49469672818
2380.98491352057
2380.98491352057
2380.98491352057
2380.98491352057
2380.98491352057
2380.98491352057
2380.98491352057
2380.98491352057
2380.98491352057
2380.98491352057
2380.98491352057
2380.66264857545
2380.66264857545
2380.66264857545
2380.66264857545
2380.66264857545
2380.44962543114
2380.44962543114
2380.44962543114
2375.77770797607
2375.77770797607
2375.77770797607
2375.32147855882
2375.32147855882
2375.32147855882
2375.32147855882
2375.32147855882
2375.32147855882
2375.32147855882
2375.32147855882
2375.32147855882
2375.32147855882
2375.32147855882
2375.21418136440
2375.21418136440
2375.21418136440
2375.21418136440
2375.21418136440
2375.21418136440
2375.21418136440
2375.21418136440
2375.21418136440
2375.21418136440
2375.21418136440
2375.21418136440
2375.21418136440
2375.04842681350
2375.04842681350
2375.04842681350
2375.04842681350
2375.04842681350
2375.04842681350
2375.04842681350
2375.04842681350
2375.04842681350
2375.04842681350
2375.04842681350
2372.71997242841
2372.71997242841
2372.71997242841
2372.71997242841
2372.71997242841
2372.71997242841
2372.71997242841
2372.71997242841
2372.71997242841
2372.71997242841
2372.71997242841
2372.71997242841
2372.71997242841
2372.71997242841
2372.71997242841
2372.71997242841
2372.71997242841
2372.71997242841
2372.71997242841
2372.71997242841
2372.71997242841
2372.71997242841
2372.71997242841
2372.71997242841
2372.71997242841
2372.71997242841
2372.71997242841
2372.71997242841
2372.71997242841
2372.71997242841
2372.71997242841
2372.71997242841
2372.71997242841
2372.71997242841
2372.71997242841
2372.71997242841
2372.71997242841
2372.71997242841
2372.71997242841
2372.58461036474
2372.58461036474
2372.58461036474
2372.58461036474
2372.58461036474
2372.58461036474
2372.58461036474
2372.58461036474
2372.58461036474
2372.58461036474
2372.58461036474
2372.58461036474
2372.58461036474
2372.58461036474
2372.58461036474
2372.58461036474
2372.58461036474
2372.58461036474
2372.58461036474
2372.58461036474
2372.58461036474
2372.58461036474
2372.58461036474
2372.58461036474
2372.58461036474
2372.58461036474
2372.58461036474
2372.58461036474
2372.58461036474
2372.58461036474
2372.58461036474
2372.58461036474
2372.58461036474
2372.58461036474
2372.58461036474
2372.58461036474
2372.58461036474
2372.58461036474
2372.58461036474
2372.58461036474
2372.58461036474
2372.58461036474
2372.58461036474
2372.58461036474
2372.58461036474
2372.58461036474
2372.58461036474
2372.58461036474
2372.58461036474
2372.58461036474
2372.58461036474
2372.58461036474
2372.58461036474
2372.58461036474
2372.58461036474
2372.58461036474
2372.58461036474
2372.58461036474
2372.58461036474
2372.58461036474
2372.58461036474
2372.58461036474
2372.58461036474
2372.58461036474
2372.58461036474
2372.58461036474
2372.58461036474
2372.58461036474
2372.58461036474
2372.58461036474
2372.58461036474
2372.58461036474
2372.58461036474
2372.58461036474
2372.58461036474
2372.58461036474
2372.58461036474
2372.58461036474
2372.58461036474
2372.58461036474
2372.58461036474
2372.58461036474
2372.58461036474
2372.58461036474
2372.58461036474
2372.58461036474
2372.58461036474
2372.58461036474
2372.58461036474
2372.58461036474
2372.58461036474
2372.58461036474
2372.58461036474
2372.58461036474
2372.58461036474
2372.58461036474
2372.58461036474
2372.58461036474
2372.58461036474
2372.58461036474
2372.58461036474
2372.58461036474
2372.58461036474
2372.58461036474
2372.58461036474
2372.58461036474
2372.58461036474
2372.58461036474
2372.58461036474
2372.58461036474
2372.58461036474
2372.58461036474
2372.58461036474
2372.58461036474
2372.58461036474
2372.58461036474
2372.58461036474
2372.58461036474
2372.58461036474
2372.58461036474
2372.58461036474
2372.58461036474
2372.58461036474
2372.58461036474
2372.58461036474
2372.58461036474
2372.58461036474
2372.58461036474
2372.58461036474
2372.58461036474
2372.58461036474
2372.58461036474
2372.58461036474
2372.58461036474
2372.58461036474
2372.58461036474
2372.58461036474
2372.58461036474
2372.58461036474
2372.58461036474
2372.58461036474
2372.58461036474
2372.58461036474
2372.58461036474
2372.58461036474
2372.58461036474
2372.58461036474
2372.58461036474
2372.58461036474
2372.58461036474
2372.58461036474
2372.58461036474
2372.58461036474
2372.58461036474
2372.58461036474
2372.58461036474
2372.58461036474
2372.58461036474
2372.58461036474
2372.58461036474
2372.58461036474
2372.58461036474
2372.58461036474
2372.58461036474
2372.58461036474
2372.58461036474
2372.58461036474
2372.58461036474
2372.58461036474
2372.58461036474
2372.58461036474
2372.58461036474
2372.58461036474
2372.58461036474
2372.58461036474
2372.58461036474
2372.58461036474
2372.58461036474
2372.58461036474
2372.58461036474
2372.58461036474
2372.58461036474
2372.58461036474
2372.58461036474
2372.58461036474
2372.58461036474
2372.58461036474
2372.58461036474
2372.58461036474
2372.58461036474
2372.58461036474
2372.58461036474
2372.58461036474
2372.58461036474
2372.58461036474
2372.58461036474
2372.58461036474
2372.58461036474
2372.58461036474
2372.58461036474
2372.58461036474
2372.58461036474
2372.58461036474
2372.58461036474
2372.58461036474
2372.58461036474
2372.58461036474
2372.58461036474
2372.58461036474
2372.58461036474
2372.58461036474
2372.58461036474
2372.58461036474
2372.58461036474
2372.58461036474
2372.58461036474
2372.58461036474
2372.58461036474
2372.58461036474
2372.58461036474
2372.58461036474
2372.58461036474
2372.58461036474
2372.58461036474
2372.58461036474
2372.58461036474
2372.58461036474
2372.58461036474
2372.58461036474
2372.58461036474
2372.58461036474
2372.58461036474
2372.58461036474
2372.58461036474
2372.58461036474
2372.58461036474
2372.58461036474
2372.58461036474
2372.58461036474
2372.58461036474
2372.58461036474
2372.58461036474
2372.58461036474
2372.58461036474
2372.58461036474
2372.58461036474
2372.58461036474
2372.58461036474
2372.58461036474
2372.58461036474
2372.58461036474
2372.58461036474
2372.58461036474
2372.58461036474
2372.58461036474
2372.58461036474
2372.58461036474
2372.58461036474
2372.58461036474
2372.58461036474
2372.58461036474
2372.58461036474
2372.58461036474
2372.58461036474
2372.58461036474
2372.58461036474
2372.58461036474
2372.58461036474
2372.58461036474
2372.58461036474
2372.58461036474
2372.58461036474
2372.58461036474
2372.58461036474
