最优解为:1125.8348
最优解路径:

Best_route =

     1     2     9    10    11    12    17    18     6    13    14     0     0     0     0     0     0     0     0     0     0
     7     8    19    20     3     4    15    16     5     0     0     0     0     0     0     0     0     0     0     0     0

本次运算用时:9.281秒
算法在第130代时收敛

best
1182.13210894252
1135.45000150310
1135.45000150310
1135.45000150310
1135.45000150310
1135.45000150310
1130.46202722164
1130.46202722164
1130.46202722164
1130.46202722164
1130.46202722164
1130.46202722164
1130.46202722164
1130.46202722164
1130.46202722164
1130.46202722164
1130.46202722164
1130.46202722164
1130.46202722164
1130.46202722164
1130.46202722164
1130.46202722164
1130.46202722164
1130.46202722164
1130.46202722164
1130.46202722164
1130.46202722164
1130.46202722164
1130.46202722164
1130.46202722164
1130.46202722164
1130.46202722164
1130.46202722164
1127.64636149875
1127.64636149875
1127.64636149875
1127.64636149875
1127.64636149875
1127.64636149875
1127.64636149875
1127.64636149875
1127.64636149875
1127.64636149875
1127.64636149875
1127.64636149875
1127.64636149875
1127.64636149875
1127.64636149875
1127.64636149875
1127.64636149875
1127.64636149875
1127.64636149875
1127.64636149875
1127.64636149875
1127.64636149875
1127.64636149875
1127.64636149875
1127.64636149875
1127.64636149875
1127.64636149875
1127.64636149875
1127.64636149875
1127.64636149875
1127.64636149875
1127.64636149875
1127.64636149875
1127.64636149875
1127.64636149875
1127.64636149875
1127.64636149875
1127.64636149875
1127.64636149875
1127.64636149875
1127.64636149875
1127.64636149875
1127.64636149875
1127.64636149875
1127.64636149875
1127.64636149875
1127.64636149875
1127.64636149875
1127.64636149875
1127.64636149875
1127.64636149875
1127.64636149875
1127.64636149875
1127.64636149875
1127.64636149875
1127.64636149875
1127.64636149875
1127.64636149875
1127.64636149875
1127.64636149875
1127.64636149875
1127.64636149875
1127.64636149875
1127.64636149875
1127.64636149875
1127.64636149875
1127.64636149875
1127.64636149875
1127.64636149875
1127.64636149875
1127.64636149875
1127.64636149875
1127.64636149875
1127.64636149875
1127.64636149875
1127.64636149875
1127.64636149875
1127.64636149875
1127.64636149875
1127.64636149875
1127.64636149875
1127.64636149875
1127.64636149875
1127.64636149875
1127.64636149875
1127.64636149875
1127.64636149875
1127.64636149875
1127.64636149875
1127.64636149875
1127.64636149875
1127.64636149875
1127.64636149875
1127.64636149875
1127.64636149875
1127.64636149875
1125.83484723799
1125.83484723799
1125.83484723799
1125.83484723799
1125.83484723799
1125.83484723799
1125.83484723799
1125.83484723799
1125.83484723799
1125.83484723799
1125.83484723799
1125.83484723799
1125.83484723799
1125.83484723799
1125.83484723799
1125.83484723799
1125.83484723799
1125.83484723799
1125.83484723799
1125.83484723799
1125.83484723799
1125.83484723799
1125.83484723799
1125.83484723799
1125.83484723799
1125.83484723799
1125.83484723799
1125.83484723799
1125.83484723799
1125.83484723799
1125.83484723799
1125.83484723799
1125.83484723799
1125.83484723799
1125.83484723799
1125.83484723799
1125.83484723799
1125.83484723799
1125.83484723799
1125.83484723799
1125.83484723799
1125.83484723799
1125.83484723799
1125.83484723799
1125.83484723799
1125.83484723799
1125.83484723799
1125.83484723799
1125.83484723799
1125.83484723799
1125.83484723799
1125.83484723799
1125.83484723799
1125.83484723799
1125.83484723799
1125.83484723799
1125.83484723799
1125.83484723799
1125.83484723799
1125.83484723799
1125.83484723799
1125.83484723799
1125.83484723799
1125.83484723799
1125.83484723799
1125.83484723799
1125.83484723799
1125.83484723799
1125.83484723799
1125.83484723799
1125.83484723799

ave
1273.39409085460
1232.09970476541
1222.12673690129
1284.50253319881
1242.98646153858
1303.49587496316
1228.39701636194
1249.05566430137
1238.77516406279
1260.03805719491
1246.11603848763
1253.09425066127
1215.96103124885
1223.42942863325
1234.41890291196
1237.57180612533
1225.77189884602
1218.53933132506
1241.05911038198
1241.99359324159
1228.18814329071
1231.44228944280
1249.73312744874
1227.78647200420
1222.83608180506
1255.62064344959
1249.10914912312
1231.17160244646
1286.61510223779
1252.41931707268
1310.26265319310
1295.24091337114
1338.00976257601
1289.48955394017
1222.81256440854
1324.75256972482
1326.21017486682
1307.65594519684
1312.97832522790
1232.53560244814
1223.15716988630
1213.87062444236
1217.62832635954
1200.63158394434
1231.26807631585
1216.68976188923
1200.73496562834
1224.88745134291
1253.29944704192
1248.99488979852
1251.25552669845
1213.15934474089
1225.61532375435
1230.73884174957
1263.95352863651
1229.00819261015
1265.59786426737
1207.31664179093
1211.89479895413
1193.18275267094
1252.15790460576
1203.48526578705
1221.49184861719
1196.23256964550
1191.61395912029
1246.22464663217
1212.42034113549
1204.24898778436
1237.21239751451
1232.73586246487
1186.60054387042
1183.87210743279
1196.27946802430
1199.66271841301
1226.14253073045
1193.17178261287
1188.56199471291
1200.65403370920
1197.72973514248
1196.97268948130
1188.97911768018
1193.35225365836
1213.87930103419
1229.15415030306
1183.69648576032
1193.37679022638
1205.81837821662
1188.55752308652
1206.62262271627
1182.71043667020
1203.34265749645
1211.77941801627
1184.63368101040
1227.47828620764
1206.78347892299
1222.95251905260
1194.08722016691
1189.04572324322
1221.92809786130
1213.74887188738
1190.33539503942
1210.28678282584
1240.59053333026
1203.51603279015
1203.07400405139
1187.81030381557
1199.26263624362
1224.10833574892
1179.87609497252
1187.77801323795
1220.48226916314
1210.50451021717
1210.79092628027
1210.49674939315
1199.19692776940
1204.72832623033
1190.84575933507
1256.53522645441
1179.29908800460
1200.50212804852
1202.38563362916
1211.02364016954
1205.74854896635
1211.15763262887
1184.34390944273
1190.96436195920
1187.93106759234
1200.04688415106
1223.21014505718
1183.91576323137
1199.11051286131
1194.21616570188
1203.75980042789
1184.30846434455
1218.20278540920
1227.04326810941
1229.25549503741
1228.60383342324
1211.76133520469
1212.59947177767
1192.69787246088
1197.12771382791
1228.52044061663
1220.86252095713
1193.13415519310
1253.54107630662
1177.45226364514
1211.43595711524
1200.66122088161
1174.80793310936
1190.77157565155
1216.37061031539
1222.49126314655
1200.97885804951
1218.21865853740
1198.17222116080
1207.15150801550
1202.80238973083
1203.88995640394
1185.21405993820
1232.58797193650
1170.03679263360
1187.95785072899
1214.59250463686
1215.73913853768
1186.78957645270
1182.79898886090
1216.67037540025
1190.10215776042
1209.08942898071
1157.75637807453
1193.01250136047
1209.48240030173
1196.13658836970
1178.33663618162
1189.00721121058
1220.57740327573
1243.77928340276
1187.13693762437
1200.14761914806
1198.07885485439
1183.34583356857
1206.16247162784
1228.08435909856
1245.82487913867
1181.75190957686
1177.65018147758
1203.97834767901
1212.48614051032
1253.30029412542
1280.96163700851
1227.96422085990
1303.08815845757
1234.14250800815
1276.75012349632
1225.83358738110
1211.72136061054
1242.38086624914
1259.22007631712
1275.13972964167