最优解为:329.8932
最优解路径:

Best_route =

     5     1     6     3     2     4     0
     0     0     0     0     0     0     0

本次运算用时:1.671秒
算法在第1代时收敛

best
329.893192974096
329.893192974096
329.893192974096
329.893192974096
329.893192974096
329.893192974096
329.893192974096
329.893192974096
329.893192974096
329.893192974096
329.893192974096
329.893192974096
329.893192974096
329.893192974096
329.893192974096
329.893192974096
329.893192974096
329.893192974096
329.893192974096
329.893192974096
329.893192974096
329.893192974096
329.893192974096
329.893192974096
329.893192974096
329.893192974096
329.893192974096
329.893192974096
329.893192974096
329.893192974096
329.893192974096
329.893192974096
329.893192974096
329.893192974096
329.893192974096
329.893192974096
329.893192974096
329.893192974096
329.893192974096
329.893192974096
329.893192974096
329.893192974096
329.893192974096
329.893192974096
329.893192974096
329.893192974096
329.893192974096
329.893192974096
329.893192974096
329.893192974096
329.893192974096
329.893192974096
329.893192974096
329.893192974096
329.893192974096
329.893192974096
329.893192974096
329.893192974096
329.893192974096
329.893192974096
329.893192974096
329.893192974096
329.893192974096
329.893192974096
329.893192974096
329.893192974096
329.893192974096
329.893192974096
329.893192974096
329.893192974096
329.893192974096
329.893192974096
329.893192974096
329.893192974096
329.893192974096
329.893192974096
329.893192974096
329.893192974096
329.893192974096
329.893192974096
329.893192974096
329.893192974096
329.893192974096
329.893192974096
329.893192974096
329.893192974096
329.893192974096
329.893192974096
329.893192974096
329.893192974096
329.893192974096
329.893192974096
329.893192974096
329.893192974096
329.893192974096
329.893192974096
329.893192974096
329.893192974096
329.893192974096
329.893192974096
ave
388.096657861503
442.497445868986
367.919948634827
439.473324074498
376.900203117609
383.606433138593
378.904582112883
378.075504701944
393.206977781778
359.604566279216
370.751841902359
353.433864607431
375.957329095842
359.038483361001
374.214194968473
338.979518246626
341.134972756281
377.184743958547
381.014931508953
362.333100975260
362.874461339641
335.802455797369
342.462563848715
335.097201832332
330.598446939132
340.589350111275
330.590183372680
329.893192974096
330.590183372680
334.880001832333
347.517032789417
329.893192974096
335.097201832333
330.671388314054
374.858820339310
329.893192974096
329.893192974096
344.747829105713
329.893192974096
329.893192974096
329.893192974096
334.671556259217
337.494647041346
329.893192974096
332.426633241735
329.893192974096
332.282374616657
329.893192974096
329.893192974096
335.097201832333
332.626738032722
346.907531253440
332.282374616657
329.893192974096
329.893192974096
330.237556390162
329.893192974096
329.893192974096
332.282374616657
329.893192974096
329.893192974096
329.893192974096
329.893192974096
329.893192974096
329.893192974096
329.893192974096
329.893192974096
329.893192974096
329.893192974096
332.282374616657
334.815814884296
329.893192974096
329.893192974096
329.893192974096
329.893192974096
332.282374616657
329.893192974096
330.245819956614
329.893192974096
330.671388314054
329.893192974096
329.893192974096
329.893192974096
329.893192974096
332.282374616657
329.893192974096
329.893192974096
346.907531253440
329.893192974096
329.893192974096
329.893192974096
332.282374616657
329.893192974096
329.893192974096
329.893192974096
334.961206773707
329.893192974096
329.893192974096
329.893192974096
332.282374616657