实验环境：
VeiNum = 2
Q_ant = 60
AntNum = 20 
iter_max = 100

抽取的客户节点编号为

Cus_select =

    82    90    13

各任务对应的的客户节点编号为

Task_Cus =

    82    90    13

cus：
35	35
35	35
35	35
15	47
31	67
30	25


task：
3	4	3	0	1
4	2	4	1	0
2	5	1	0	1
5	3	2	3	0
2	6	1	0	1
6	3	2	5	0


linktime
0	1.08309518948453	0.583095189484530	0	0.806225774829855	0	0.279508497187474
0.583095189484530	1.83285704563573	0	0.749761856151197	0.640312423743285	0.749761856151197	0.665676347784717
0	1.08309518948453	0.749761856151197	0	0.972892441496522	0	0.446175163854140
0.806225774829855	2.05598763098105	0.640312423743285	0.972892441496522	0	0.972892441496522	42.0119030752000
1.30622577482986	0.640312423743285	2.05598763098105	1.30622577482986	2.27911821632638	1.30622577482986	1.75240093868400
0.279508497187474	1.52927035333867	0.665676347784717	0.446175163854140	42.0119030752000	0.446175163854140	0
0.779508497187474	0.665676347784717	1.52927035333867	0.779508497187474	1.75240093868400	0.779508497187474	1.22568366104161

tasktime
0
0.166666666666667
1.24976185615120
1.47289244149652
0.166666666666667
0.946175163854140
0.166666666666667


1
4	2	4	0	0
2	5	1	0	1
2	6	1	0	1


2
3	4	3	0	1
5	3	2	0	0
6	3	2	0	0



linktime1
0	0.583095189484530	0	0
0	0.749761856151197	0	0
0.806225774829855	0.640312423743285	0.972892441496522	0.972892441496522
0.279508497187474	0.665676347784717	0.446175163854140	0.446175163854140

tasktime1
0
1.24976185615120
1.47289244149652
0.946175163854140


linktime2
0	1.08309518948453	0.806225774829855	0.279508497187474
0.583095189484530	1.83285704563573	0.640312423743285	0.665676347784717
1.30622577482986	0.640312423743285	2.27911821632638	1.75240093868400
0.779508497187474	0.665676347784717	1.75240093868400	1.22568366104161


tasktime2
0
0.166666666666667
0.166666666666667
0.166666666666667