最优解为:480.3889
最优解路径:

Best_route =

     0     0     0     0     0     0     0
     3     4     5     6     1     2     0

本次运算用时:1.506秒
算法在第1代时收敛

best
480.388945315175
480.388945315175
480.388945315175
480.388945315175
480.388945315175
480.388945315175
480.388945315175
480.388945315175
480.388945315175
480.388945315175
480.388945315175
480.388945315175
480.388945315175
480.388945315175
480.388945315175
480.388945315175
480.388945315175
480.388945315175
480.388945315175
480.388945315175
480.388945315175
480.388945315175
480.388945315175
480.388945315175
480.388945315175
480.388945315175
480.388945315175
480.388945315175
480.388945315175
480.388945315175
480.388945315175
480.388945315175
480.388945315175
480.388945315175
480.388945315175
480.388945315175
480.388945315175
480.388945315175
480.388945315175
480.388945315175
480.388945315175
480.388945315175
480.388945315175
480.388945315175
480.388945315175
480.388945315175
480.388945315175
480.388945315175
480.388945315175
480.388945315175
480.388945315175
480.388945315175
480.388945315175
480.388945315175
480.388945315175
480.388945315175
480.388945315175
480.388945315175
480.388945315175
480.388945315175
480.388945315175
480.388945315175
480.388945315175
480.388945315175
480.388945315175
480.388945315175
480.388945315175
480.388945315175
480.388945315175
480.388945315175
480.388945315175
480.388945315175
480.388945315175
480.388945315175
480.388945315175
480.388945315175
480.388945315175
480.388945315175
480.388945315175
480.388945315175
480.388945315175
480.388945315175
480.388945315175
480.388945315175
480.388945315175
480.388945315175
480.388945315175
480.388945315175
480.388945315175
480.388945315175
480.388945315175
480.388945315175
480.388945315175
480.388945315175
480.388945315175
480.388945315175
480.388945315175
480.388945315175
480.388945315175
480.388945315175

ave
496.221073382199
480.758780011630
480.573862663403
480.666321337517
495.857054465479
495.573862663403
480.666321337517
495.666321337517
480.573862663403
480.666321337517
480.481403989289
480.388945315175
480.573862663403
480.666321337517
480.666321337517
480.666321337517
480.573862663403
480.481403989289
480.666321337517
480.481403989289
480.481403989289
480.388945315175
480.388945315175
480.388945315175
480.481403989289
480.388945315175
480.481403989289
480.388945315175
480.388945315175
480.388945315175
480.481403989289
480.388945315175
480.388945315175
480.388945315175
495.388945315175
480.388945315175
480.481403989289
480.481403989289
480.388945315175
480.573862663403
480.388945315175
480.388945315175
480.481403989289
480.481403989289
480.388945315175
480.388945315175
480.481403989289
480.388945315175
480.388945315175
480.388945315175
480.481403989289
480.481403989289
480.388945315175
480.481403989289
480.388945315175
480.672137117252
480.388945315175
480.388945315175
480.388945315175
480.573862663403
480.481403989289
480.388945315175
480.573862663403
480.388945315175
480.388945315175
480.481403989289
480.481403989289
480.388945315175
480.388945315175
480.388945315175
480.388945315175
480.388945315175
480.481403989289
480.481403989289
480.388945315175
480.481403989289
480.579678443138
480.481403989289
480.481403989289
480.481403989289
480.481403989289
480.481403989289
480.388945315175
480.672137117252
480.481403989289
480.388945315175
480.388945315175
480.388945315175
480.388945315175
480.388945315175
480.388945315175
480.481403989289
480.481403989289
480.481403989289
480.388945315175
480.388945315175
480.573862663403
480.573862663403
480.388945315175
480.388945315175