最优解为:480.3889
最优解路径:

Best_route =

     0     0     0     0     0     0     0
     3     4     5     6     1     2     0

本次运算用时:1.374秒
算法在第1代时收敛

best
480.388945315175
480.388945315175
480.388945315175
480.388945315175
480.388945315175
480.388945315175
480.388945315175
480.388945315175
480.388945315175
480.388945315175
480.388945315175
480.388945315175
480.388945315175
480.388945315175
480.388945315175
480.388945315175
480.388945315175
480.388945315175
480.388945315175
480.388945315175
480.388945315175
480.388945315175
480.388945315175
480.388945315175
480.388945315175
480.388945315175
480.388945315175
480.388945315175
480.388945315175
480.388945315175
480.388945315175
480.388945315175
480.388945315175
480.388945315175
480.388945315175
480.388945315175
480.388945315175
480.388945315175
480.388945315175
480.388945315175
480.388945315175
480.388945315175
480.388945315175
480.388945315175
480.388945315175
480.388945315175
480.388945315175
480.388945315175
480.388945315175
480.388945315175
480.388945315175
480.388945315175
480.388945315175
480.388945315175
480.388945315175
480.388945315175
480.388945315175
480.388945315175
480.388945315175
480.388945315175
480.388945315175
480.388945315175
480.388945315175
480.388945315175
480.388945315175
480.388945315175
480.388945315175
480.388945315175
480.388945315175
480.388945315175
480.388945315175
480.388945315175
480.388945315175
480.388945315175
480.388945315175
480.388945315175
480.388945315175
480.388945315175
480.388945315175
480.388945315175
480.388945315175
480.388945315175
480.388945315175
480.388945315175
480.388945315175
480.388945315175
480.388945315175
480.388945315175
480.388945315175
480.388945315175
480.388945315175
480.388945315175
480.388945315175
480.388945315175
480.388945315175
480.388945315175
480.388945315175
480.388945315175
480.388945315175
480.388945315175

ave
480.481403989289
480.943697359858
480.851238685744
480.851238685744
495.764595791366
480.481403989289
496.041971813707
495.758780011630
480.758780011630
495.758780011630
480.666321337517
480.573862663403
495.672137117252
480.851238685744
481.041971813707
480.666321337517
480.573862663403
495.481403989289
480.388945315175
480.481403989289
480.388945315175
480.481403989289
480.388945315175
480.579678443138
480.388945315175
480.388945315175
480.481403989289
480.388945315175
480.579678443138
480.388945315175
480.388945315175
480.758780011630
480.388945315175
480.666321337517
480.481403989289
480.481403989289
495.481403989289
480.388945315175
480.388945315175
480.388945315175
480.573862663403
480.388945315175
480.573862663403
480.481403989289
480.579678443138
480.481403989289
480.388945315175
480.388945315175
480.388945315175
480.481403989289
480.481403989289
480.481403989289
480.388945315175
480.388945315175
480.388945315175
480.388945315175
480.388945315175
480.388945315175
495.579678443138
480.481403989289
480.579678443138
480.388945315175
480.481403989289
480.388945315175
480.388945315175
480.388945315175
480.388945315175
480.481403989289
480.388945315175
480.481403989289
480.388945315175
480.481403989289
480.388945315175
480.481403989289
480.388945315175
480.388945315175
480.481403989289
480.388945315175
480.388945315175
480.481403989289
480.388945315175
480.388945315175
480.388945315175
480.481403989289
480.388945315175
480.388945315175
480.388945315175
480.388945315175
480.388945315175
495.388945315175
480.666321337517
480.481403989289
480.388945315175
480.388945315175
480.388945315175
480.388945315175
480.388945315175
480.388945315175
480.481403989289
480.388945315175