最优解为:307.6827
最优解路径:

Best_route =

     0     0     0     0
     1     2     3     0

本次运算用时:0.687秒
算法在第4代时收敛

best
308.682240146540
308.682240146540
308.682240146540
307.682651393821
307.682651393821
307.682651393821
307.682651393821
307.682651393821
307.682651393821
307.682651393821
307.682651393821
307.682651393821
307.682651393821
307.682651393821
307.682651393821
307.682651393821
307.682651393821
307.682651393821
307.682651393821
307.682651393821
307.682651393821
307.682651393821
307.682651393821
307.682651393821
307.682651393821
307.682651393821
307.682651393821
307.682651393821
307.682651393821
307.682651393821
307.682651393821
307.682651393821
307.682651393821
307.682651393821
307.682651393821
307.682651393821
307.682651393821
307.682651393821
307.682651393821
307.682651393821
307.682651393821
307.682651393821
307.682651393821
307.682651393821
307.682651393821
307.682651393821
307.682651393821
307.682651393821
307.682651393821
307.682651393821
307.682651393821
307.682651393821
307.682651393821
307.682651393821
307.682651393821
307.682651393821
307.682651393821
307.682651393821
307.682651393821
307.682651393821
307.682651393821
307.682651393821
307.682651393821
307.682651393821
307.682651393821
307.682651393821
307.682651393821
307.682651393821
307.682651393821
307.682651393821
307.682651393821
307.682651393821
307.682651393821
307.682651393821
307.682651393821
307.682651393821
307.682651393821
307.682651393821
307.682651393821
307.682651393821
307.682651393821
307.682651393821
307.682651393821
307.682651393821
307.682651393821
307.682651393821
307.682651393821
307.682651393821
307.682651393821
307.682651393821
307.682651393821
307.682651393821
307.682651393821
307.682651393821
307.682651393821
307.682651393821
307.682651393821
307.682651393821
307.682651393821
307.682651393821

ave
309.625683927687
309.221824557878
323.754423229668
308.832482599477
308.747641969286
308.967302667304
308.875680776731
323.797621406922
308.743321406922
308.828162037113
308.851921406922
308.712780776731
308.736540146540
308.743321406922
308.828162037113
308.736540146540
308.682240146540
308.712780776731
308.682240146540
323.682240146540
308.767080776731
308.736540146540
308.712780776731
308.682240146540
323.577960708904
308.682240146540
308.682240146540
308.682240146540
308.712780776731
308.682240146540
308.682240146540
308.682240146540
308.682240146540
308.682240146540
323.577960708904
323.577960708904
308.682240146540
308.682240146540
308.682240146540
308.682240146540
308.682240146540
308.682240146540
308.682240146540
308.682240146540
308.682240146540
308.682240146540
308.682240146540
308.682240146540
308.682240146540
308.682240146540
308.682240146540
308.682240146540
308.682240146540
308.682240146540
308.682240146540
323.682240146540
308.682240146540
308.682240146540
308.682240146540
308.682240146540
308.682240146540
308.682240146540
308.682240146540
308.682240146540
308.682240146540
308.682240146540
308.682240146540
308.682240146540
308.682240146540
308.682240146540
308.682240146540
308.682240146540
308.682240146540
308.682240146540
308.682240146540
308.736540146540
308.682240146540
308.682240146540
308.682240146540
308.682240146540
308.682240146540
308.682240146540
308.682240146540
308.682240146540
308.682240146540
308.682240146540
308.682240146540
308.682240146540
308.682240146540
308.682240146540
308.682240146540
308.682240146540
308.682240146540
308.682240146540
308.682240146540
308.682240146540
308.682240146540
308.682240146540
308.682240146540
308.682240146540