最优解为:489.1858
最优解路径:

Best_route =

     3     4     5     6     1     2     0
     0     0     0     0     0     0     0

本次运算用时:1.64秒
算法在第1代时收敛

best
489.185797037746
489.185797037746
489.185797037746
489.185797037746
489.185797037746
489.185797037746
489.185797037746
489.185797037746
489.185797037746
489.185797037746
489.185797037746
489.185797037746
489.185797037746
489.185797037746
489.185797037746
489.185797037746
489.185797037746
489.185797037746
489.185797037746
489.185797037746
489.185797037746
489.185797037746
489.185797037746
489.185797037746
489.185797037746
489.185797037746
489.185797037746
489.185797037746
489.185797037746
489.185797037746
489.185797037746
489.185797037746
489.185797037746
489.185797037746
489.185797037746
489.185797037746
489.185797037746
489.185797037746
489.185797037746
489.185797037746
489.185797037746
489.185797037746
489.185797037746
489.185797037746
489.185797037746
489.185797037746
489.185797037746
489.185797037746
489.185797037746
489.185797037746
489.185797037746
489.185797037746
489.185797037746
489.185797037746
489.185797037746
489.185797037746
489.185797037746
489.185797037746
489.185797037746
489.185797037746
489.185797037746
489.185797037746
489.185797037746
489.185797037746
489.185797037746
489.185797037746
489.185797037746
489.185797037746
489.185797037746
489.185797037746
489.185797037746
489.185797037746
489.185797037746
489.185797037746
489.185797037746
489.185797037746
489.185797037746
489.185797037746
489.185797037746
489.185797037746
489.185797037746
489.185797037746
489.185797037746
489.185797037746
489.185797037746
489.185797037746
489.185797037746
489.185797037746
489.185797037746
489.185797037746
489.185797037746
489.185797037746
489.185797037746
489.185797037746
489.185797037746
489.185797037746
489.185797037746
489.185797037746
489.185797037746
489.185797037746

ave
506.423869195334
505.644409831075
542.359607640193
505.304833116540
503.140081324301
489.633411469264
489.409604253505
490.081025900781
489.857218685023
489.857218685023
537.188882020404
490.752447548058
489.633411469264
519.749180968040
489.409604253505
489.409604253505
489.409604253505
489.409604253505
489.633411469264
504.409604253505
489.185797037746
489.409604253505
489.409604253505
489.409604253505
504.185797037746
489.409604253505
489.185797037746
489.185797037746
489.409604253505
489.185797037746
489.409604253505
489.409604253505
489.409604253505
489.409604253505
489.749180968040
489.185797037746
489.185797037746
504.301566536522
489.633411469264
489.185797037746
489.185797037746
489.185797037746
489.185797037746
489.185797037746
489.185797037746
489.185797037746
489.409604253505
489.633411469264
489.633411469264
489.185797037746
489.185797037746
489.185797037746
489.185797037746
489.185797037746
489.409604253505
489.409604253505
489.185797037746
489.409604253505
489.185797037746
489.409604253505
504.525373752281
489.633411469264
489.633411469264
489.185797037746
489.409604253505
489.409604253505
489.185797037746
489.409604253505
504.185797037746
489.409604253505
489.409604253505
526.240571561399
489.409604253505
489.185797037746
489.633411469264
489.185797037746
489.185797037746
489.409604253505
526.240571561399
489.185797037746
489.409604253505
489.301566536522
489.409604253505
489.185797037746
489.409604253505
489.185797037746
489.185797037746
489.185797037746
489.185797037746
489.409604253505
489.185797037746
489.185797037746
489.185797037746
489.185797037746
489.409604253505
489.185797037746
489.409604253505
504.185797037746
489.185797037746
489.301566536522