最优解为:1021.0334
最优解路径:

Best_route =

    15    16     3     4     9    10     5     0     0     0     0     0     0     0     0     0     0
     7     8    13    14    11    12     1     2     6     0     0     0     0     0     0     0     0

本次运算用时:7.04秒
算法在第4代时收敛

best
1041.09611379686
1025.65324735401
1025.65324735401
1021.03338209491
1021.03338209491
1021.03338209491
1021.03338209491
1021.03338209491
1021.03338209491
1021.03338209491
1021.03338209491
1021.03338209491
1021.03338209491
1021.03338209491
1021.03338209491
1021.03338209491
1021.03338209491
1021.03338209491
1021.03338209491
1021.03338209491
1021.03338209491
1021.03338209491
1021.03338209491
1021.03338209491
1021.03338209491
1021.03338209491
1021.03338209491
1021.03338209491
1021.03338209491
1021.03338209491
1021.03338209491
1021.03338209491
1021.03338209491
1021.03338209491
1021.03338209491
1021.03338209491
1021.03338209491
1021.03338209491
1021.03338209491
1021.03338209491
1021.03338209491
1021.03338209491
1021.03338209491
1021.03338209491
1021.03338209491
1021.03338209491
1021.03338209491
1021.03338209491
1021.03338209491
1021.03338209491
1021.03338209491
1021.03338209491
1021.03338209491
1021.03338209491
1021.03338209491
1021.03338209491
1021.03338209491
1021.03338209491
1021.03338209491
1021.03338209491
1021.03338209491
1021.03338209491
1021.03338209491
1021.03338209491
1021.03338209491
1021.03338209491
1021.03338209491
1021.03338209491
1021.03338209491
1021.03338209491
1021.03338209491
1021.03338209491
1021.03338209491
1021.03338209491
1021.03338209491
1021.03338209491
1021.03338209491
1021.03338209491
1021.03338209491
1021.03338209491
1021.03338209491
1021.03338209491
1021.03338209491
1021.03338209491
1021.03338209491
1021.03338209491
1021.03338209491
1021.03338209491
1021.03338209491
1021.03338209491
1021.03338209491
1021.03338209491
1021.03338209491
1021.03338209491
1021.03338209491
1021.03338209491
1021.03338209491
1021.03338209491
1021.03338209491
1021.03338209491
1021.03338209491
1021.03338209491
1021.03338209491
1021.03338209491
1021.03338209491
1021.03338209491
1021.03338209491
1021.03338209491
1021.03338209491
1021.03338209491
1021.03338209491
1021.03338209491
1021.03338209491
1021.03338209491
1021.03338209491
1021.03338209491
1021.03338209491
1021.03338209491
1021.03338209491
1021.03338209491
1021.03338209491
1021.03338209491
1021.03338209491
1021.03338209491
1021.03338209491
1021.03338209491
1021.03338209491
1021.03338209491
1021.03338209491
1021.03338209491
1021.03338209491
1021.03338209491
1021.03338209491
1021.03338209491
1021.03338209491
1021.03338209491
1021.03338209491
1021.03338209491
1021.03338209491
1021.03338209491
1021.03338209491
1021.03338209491
1021.03338209491
1021.03338209491
1021.03338209491
1021.03338209491
1021.03338209491
1021.03338209491
1021.03338209491
1021.03338209491
1021.03338209491
1021.03338209491
1021.03338209491
1021.03338209491
1021.03338209491
1021.03338209491
1021.03338209491
1021.03338209491
1021.03338209491
1021.03338209491
1021.03338209491
1021.03338209491
1021.03338209491
1021.03338209491
1021.03338209491
1021.03338209491
1021.03338209491
1021.03338209491
1021.03338209491
1021.03338209491
1021.03338209491
1021.03338209491
1021.03338209491
1021.03338209491
1021.03338209491
1021.03338209491
1021.03338209491
1021.03338209491
1021.03338209491
1021.03338209491
1021.03338209491
1021.03338209491
1021.03338209491
1021.03338209491
1021.03338209491
1021.03338209491
1021.03338209491
1021.03338209491
1021.03338209491
1021.03338209491
1021.03338209491
1021.03338209491
1021.03338209491
1021.03338209491
1021.03338209491
1021.03338209491
1021.03338209491
1021.03338209491
1021.03338209491
1021.03338209491

ave
1105.24876445701
1133.59055482641
1152.31824384040
1132.97127929206
1120.23783651346
1102.47159036649
1093.07553340889
1166.95199496137
1110.24144171233
1119.37005618343
1107.48707291804
1149.46220618647
1119.99055468250
1170.50350366769
1129.68534756849
1121.74624942636
1095.61412955187
1102.17419838835
1117.69160341708
1112.71080114245
1113.83329626138
1110.77046336387
1087.00833633053
1131.64094967191
1067.60721368795
1092.03736085049
1061.66575371183
1077.24031529148
1129.92910283982
1075.15064591221
1073.58275879118
1050.21400517024
1104.26711223239
1083.12688988432
1077.11685155018
1061.89649573425
1061.80931897975
1072.86329735732
1047.21373085919
1070.52859163746
1057.23662845492
1060.68041682481
1038.48348508959
1058.58433976736
1046.07753966172
1055.84569172523
1046.68296550794
1061.35122285341
1037.88433988748
1060.09630069569
1048.78478376363
1051.37655098750
1075.46692813952
1056.89690116235
1030.67861616241
1066.64190146697
1049.94914495029
1053.19362805480
1057.11247841898
1081.22944025821
1044.94083233675
1041.86968870451
1064.97003912644
1083.76896981655
1040.77447720252
1061.83208394284
1036.93776805012
1046.73841447150
1048.80944977539
1068.20585769658
1028.31095921109
1047.48086571766
1059.38284758885
1043.93653949598
1053.92116432367
1036.92289768436
1065.63771742002
1046.90526524461
1055.40909164833
1056.13499068296
1048.84750319363
1053.03222166953
1051.74020242579
1047.46913384374
1047.56487741201
1035.06052136350
1051.91026945831
1033.20086140675
1041.43645420992
1067.75581648021
1050.58003453779
1087.33389059087
1071.70529160371
1030.94659053851
1034.46346180795
1046.73032389480
1076.78283304088
1053.35005988189
1048.88055493423
1058.12764594039
1071.19297428539
1064.07656687525
1025.65324735401
1071.29216210494
1041.22610507429
1067.24527355127
1036.24029994552
1051.90682701572
1086.96895300739
1039.58492854896
1041.04525561399
1065.75956066828
1052.04147848837
1045.93878671731
1066.45124869817
1062.09236172448
1042.50741645384
1031.41059578042
1034.69936670788
1069.79086211844
1035.65250425777
1045.07098185140
1049.67439445479
1044.62047560248
1054.89578737359
1056.84641543192
1056.53228822186
1041.34718220467
1061.98737487227
1068.20418905406
1036.88664408249
1071.84444970276
1072.56607329219
1048.14530768189
1050.00760691121
1038.56447776025
1039.60704164344
1048.51431214698
1068.27734429214
1032.92912014190
1083.04041877532
1057.80825505282
1039.21275144115
1030.31927149671
1064.68536766951
1035.08843198701
1028.57366795270
1065.63214869360
1072.92554666411
1042.05914243800
1041.16922303236
1043.14554163714
1048.52760391211
1036.03427553539
1050.03404916104
1031.19455116645
1053.13386715175
1051.42773085374
1039.73804841291
1058.94232148447
1056.57045171399
1040.67603051280
1061.05876942288
1044.69347049472
1049.51650206780
1039.14771048426
1028.73380884123
1049.45352303877
1091.95270656897
1030.94659053851
1043.50223510371
1035.73405313506
1061.35122285341
1073.80128070095
1060.48133670107
1057.75381999698
1061.12361495949
1063.60366741789
1042.62051309299
1039.77178968167
1034.44292678391
1059.61759913012
1091.05912976661
1030.42240784431
1051.87613977541
1042.37800031861
1028.34560409106
1048.73813628176
1041.65108884549
1042.49534486200
1073.92043882578
1040.21000221922
1041.94032466913
1073.29476212575
1060.06276096213
1066.14635795772
1080.64018594684
1079.21877295027
1048.45742022318
1081.45340466285