最优解为:648.9117
最优解路径:

Best_route =

     0     0     0     0     0     0     0     0     0     0     0     0     0
    11    12     7     8     1     2     3     4     5     6     9    10     0

本次运算用时:5.295秒
算法在第7代时收敛

best
648.911679125701
648.911679125701
648.911679125701
648.911679125701
648.911679125701
648.911679125701
648.911679125701
648.911679125701
648.911679125701
648.911679125701
648.911679125701
648.911679125701
648.911679125701
648.911679125701
648.911679125701
648.911679125701
648.911679125701
648.911679125701
648.911679125701
648.911679125701
648.911679125701
648.911679125701
648.911679125701
648.911679125701
648.911679125701
648.911679125701
648.911679125701
648.911679125701
648.911679125701
648.911679125701
648.911679125701
648.911679125701
648.911679125701
648.911679125701
648.911679125701
648.911679125701
648.911679125701
648.911679125701
648.911679125701
648.911679125701
648.911679125701
648.911679125701
648.911679125701
648.911679125701
648.911679125701
648.911679125701
648.911679125701
648.911679125701
648.911679125701
648.911679125701
648.911679125701
648.911679125701
648.911679125701
648.911679125701
648.911679125701
648.911679125701
648.911679125701
648.911679125701
648.911679125701
648.911679125701
648.911679125701
648.911679125701
648.911679125701
648.911679125701
648.911679125701
648.911679125701
648.911679125701
648.911679125701
648.911679125701
648.911679125701
648.911679125701
648.911679125701
648.911679125701
648.911679125701
648.911679125701
648.911679125701
648.911679125701
648.911679125701
648.911679125701
648.911679125701
648.911679125701
648.911679125701
648.911679125701
648.911679125701
648.911679125701
648.911679125701
648.911679125701
648.911679125701
648.911679125701
648.911679125701
648.911679125701
648.911679125701
648.911679125701
648.911679125701
648.911679125701
648.911679125701
648.911679125701
648.911679125701
648.911679125701
648.911679125701
648.911679125701
648.911679125701
648.911679125701
648.911679125701
648.911679125701
648.911679125701
648.911679125701
648.911679125701
648.911679125701
648.911679125701
648.911679125701
648.911679125701
648.911679125701
648.911679125701
648.911679125701
648.911679125701
648.911679125701
648.911679125701
648.911679125701
648.911679125701
648.911679125701
648.911679125701
648.911679125701
648.911679125701
648.911679125701
648.911679125701
648.911679125701
648.911679125701
648.911679125701
648.911679125701
648.911679125701
648.911679125701
648.911679125701
648.911679125701
648.911679125701
648.911679125701
648.911679125701
648.911679125701
648.911679125701
648.911679125701
648.911679125701
648.911679125701
648.911679125701
648.911679125701
648.911679125701
648.911679125701
648.911679125701
648.911679125701
648.911679125701
648.911679125701
648.911679125701
648.911679125701
648.911679125701
648.911679125701
648.911679125701
648.911679125701
648.911679125701
648.911679125701
648.911679125701
648.911679125701
648.911679125701
648.911679125701
648.911679125701
648.911679125701
648.911679125701
648.911679125701
648.911679125701
648.911679125701
648.911679125701
648.911679125701
648.911679125701
648.911679125701
648.911679125701
648.911679125701
648.911679125701
648.911679125701
648.911679125701
648.911679125701
648.911679125701
648.911679125701
648.911679125701
648.911679125701
648.911679125701
648.911679125701
648.911679125701
648.911679125701
648.911679125701
648.911679125701
648.911679125701
648.911679125701
648.911679125701
648.911679125701
648.911679125701
648.911679125701
648.911679125701
648.911679125701
648.911679125701
648.911679125701
648.911679125701
648.911679125701

ave
857.952515856977
809.786431726462
780.685414237445
839.222163593560
824.055828281373
847.277317262579
876.388397821220
740.415629724054
813.999536596711
778.821106832091
780.079842613881
720.184622707251
721.090942939728
755.006053364899
680.004241517584
709.034289254256
787.787696066179
701.930554268551
741.755106540168
711.736102972801
679.106823190743
696.856093539718
677.577617327783
694.185856985580
680.205077812472
741.075088871442
665.168657354957
694.409294382777
680.157331164214
680.017555766734
695.385892438743
696.208674887106
649.043540265880
699.263962230692
709.992923021867
694.484443047405
649.029791549875
709.401716459981
664.527744274713
664.657770911842
679.418512792939
710.274689834925
694.256479508242
719.784790084927
695.100099440002
694.517963614752
695.759485047460
664.657770911842
679.039253926338
678.934800256469
694.778421696610
664.053149970490
725.190143188764
679.737659614006
679.121235876265
710.339555881507
680.110711375428
710.312025311111
664.185011110669
664.067744090213
649.222761177982
664.229072037932
649.053149970490
680.226976165068
694.658434481922
696.498584314800
664.510652777183
679.119061439329
743.917883802050
649.336091660068
679.437842804045
694.053149970490
664.704866186919
679.627532644003
680.434377264323
709.983179998621
704.671192517615
710.155867833604
695.037783709660
648.911679125701
664.657770911842
679.884715687760
664.615373532278
664.053149970490
648.911679125701
648.911679125701
665.312693990740
677.430534993876
665.053028005830
692.906662346145
710.921454419338
710.083151866859
664.457283876695
676.886806289429
649.053149970490
694.077836914633
741.517409425369
695.629179438347
717.541057879063
694.346435712194
694.719905207982
665.045696129437
695.179226254219
664.772139136890
679.934138369223
648.926091811223
664.375324824809
649.053149970490
718.106614117223
679.395159553628
679.628765201357
679.496175878897
664.864600604574
695.355571982147
664.433181553935
741.064585312890
709.761166817892
665.096136041331
648.911679125701
694.896883904455
679.229072037932
695.273011000536
681.189919741434
695.671913920774
710.583121375428
648.911679125701
679.468616370328
726.187264972671
695.238518755800
710.063113747487
679.370809967948
745.262710454678
694.536855245554
710.141626103433
648.911679125701
664.026940240712
710.685017849585
662.571005861047
694.945662511043
679.597846564783
664.841709153832
664.642596633309
693.288542919238
694.811539738362
693.880523199279
680.677398562068
679.567789507014
679.256212423016
694.237580616034
649.081290333193
695.206192119810
695.117691197451
694.781987626496
695.309524893613
664.473985403436
680.018967515897
665.177639985563
664.678333351750
664.855255396811
693.962940619172
743.876785311908
663.884301450770
673.602025017226
678.942378179264
679.709765297706
695.209325550077
649.222761177982
709.409127475466
679.940015221173
741.731912985958
695.496040447570
664.237355297705
679.657770911842
709.922097520957
724.587124022812
664.511896558812
664.087601193143
663.911679125701
710.274625044971
676.797773689821
691.927640096092
664.321257502052
664.723682380682
679.770404013681
679.800905304331
719.084130026163
664.596188769217
679.256212423016
665.374332684334
664.730594822839
695.752751368547
756.329659385035
711.564948577266
680.017555766734
753.295570741807
661.601952752552
740.861098419450
710.392641153535
695.203108577610
709.700850645581