最优解为:814.9438
最优解路径:

Best_route =

     7     8     6    16     2    10     0     0     0     0     0     0     0     0     0     0     0
    15     5     1    13     3    14     9     4    11    12     0     0     0     0     0     0     0

本次运算用时:13.329秒
算法在第11代时收敛

best
904.253919963346
904.253919963346
856.417588108910
839.205123056431
839.205123056431
839.205123056431
839.205123056431
839.205123056431
839.205123056431
839.205123056431
814.943789037270
814.943789037270
814.943789037270
814.943789037270
814.943789037270
814.943789037270
814.943789037270
814.943789037270
814.943789037270
814.943789037270
814.943789037270
814.943789037270
814.943789037270
814.943789037270
814.943789037270
814.943789037270
814.943789037270
814.943789037270
814.943789037270
814.943789037270
814.943789037270
814.943789037270
814.943789037270
814.943789037270
814.943789037270
814.943789037270
814.943789037270
814.943789037270
814.943789037270
814.943789037270
814.943789037270
814.943789037270
814.943789037270
814.943789037270
814.943789037270
814.943789037270
814.943789037270
814.943789037270
814.943789037270
814.943789037270
814.943789037270
814.943789037270
814.943789037270
814.943789037270
814.943789037270
814.943789037270
814.943789037270
814.943789037270
814.943789037270
814.943789037270
814.943789037270
814.943789037270
814.943789037270
814.943789037270
814.943789037270
814.943789037270
814.943789037270
814.943789037270
814.943789037270
814.943789037270
814.943789037270
814.943789037270
814.943789037270
814.943789037270
814.943789037270
814.943789037270
814.943789037270
814.943789037270
814.943789037270
814.943789037270
814.943789037270
814.943789037270
814.943789037270
814.943789037270
814.943789037270
814.943789037270
814.943789037270
814.943789037270
814.943789037270
814.943789037270
814.943789037270
814.943789037270
814.943789037270
814.943789037270
814.943789037270
814.943789037270
814.943789037270
814.943789037270
814.943789037270
814.943789037270
814.943789037270
814.943789037270
814.943789037270
814.943789037270
814.943789037270
814.943789037270
814.943789037270
814.943789037270
814.943789037270
814.943789037270
814.943789037270
814.943789037270
814.943789037270
814.943789037270
814.943789037270
814.943789037270
814.943789037270
814.943789037270
814.943789037270
814.943789037270
814.943789037270
814.943789037270
814.943789037270
814.943789037270
814.943789037270
814.943789037270
814.943789037270
814.943789037270
814.943789037270
814.943789037270
814.943789037270
814.943789037270
814.943789037270
814.943789037270
814.943789037270
814.943789037270
814.943789037270
814.943789037270
814.943789037270
814.943789037270
814.943789037270
814.943789037270
814.943789037270
814.943789037270
814.943789037270
814.943789037270
814.943789037270
814.943789037270
814.943789037270
814.943789037270
814.943789037270
814.943789037270
814.943789037270
814.943789037270
814.943789037270
814.943789037270
814.943789037270
814.943789037270
814.943789037270
814.943789037270
814.943789037270
814.943789037270
814.943789037270
814.943789037270
814.943789037270
814.943789037270
814.943789037270
814.943789037270
814.943789037270
814.943789037270
814.943789037270
814.943789037270
814.943789037270
814.943789037270
814.943789037270
814.943789037270
814.943789037270
814.943789037270
814.943789037270
814.943789037270
814.943789037270
814.943789037270
814.943789037270
814.943789037270
814.943789037270
814.943789037270
814.943789037270
814.943789037270
814.943789037270
814.943789037270
814.943789037270
814.943789037270
814.943789037270
814.943789037270
814.943789037270
814.943789037270
814.943789037270
814.943789037270
814.943789037270
814.943789037270

ave
984.127492872566
1005.29440424370
1011.72158837289
967.905934989052
964.170807240584
986.908052894916
968.599326707442
963.404581561688
962.869815024143
966.296363464726
996.086242128755
979.516495126373
962.782125500152
990.868518818685
978.564040854482
959.474810574827
964.025225501185
959.979591946568
975.516125957291
946.003972009330
943.480958713513
948.559856682066
948.464305463093
951.289329483664
947.988807656654
924.586369496920
958.319560747111
946.507047237875
930.428315678127
942.249629383814
942.739548727942
938.702799642501
930.071851778946
925.343075358941
942.447513782006
924.445411839617
918.178335171368
920.965484387749
930.602011056015
913.779625392197
910.862952644519
908.711553771815
909.168547983707
917.890393505224
913.177493725004
918.334790114673
915.328296516475
912.279058500916
909.812063622985
912.289013530972
923.834215736318
910.864830999583
934.792133685369
913.681636233736
903.211895393907
909.968089807783
908.923255560439
903.081297672069
911.291740524891
900.731818263667
909.139957597215
902.424229149645
906.940956009683
905.714015033107
908.013274772027
904.424036076979
904.002991512842
913.226158260183
901.541767963863
901.728127202290
903.308874920038
903.157505237219
908.276502463701
899.735509325044
904.912538592487
907.577301471307
903.867936066822
903.285655440414
906.704942267454
905.706750748010
908.539284759892
900.731818263667
912.585930199029
902.422029554881
901.041826866397
915.194814089625
903.136831695019
905.745018888988
900.731818263667
900.233663794356
913.384549423608
902.422029554881
903.729835689490
904.696893865433
901.425720616258
905.961374176122
903.407919101680
901.593377032476
906.595321474768
905.916015128108
911.254932704980
909.584666665258
904.553857654454
903.115931907471
908.734401166050
901.425720616258
909.838172971770
904.112240846094
906.093515997378
905.418558387447
904.140990929026
906.066765218534
901.229972732979
902.422029554881
902.725445575717
902.422029554881
917.336740415689
904.660707708154
902.994704943881
903.614086376783
905.746293224617
901.664664745123
902.920184024192
907.640960091202
903.179760797038
902.681606327726
901.923875085569
907.138679144609
901.923875085569
902.422029554881
904.870385786326
907.050363365657
910.154252040834
901.923875085569
900.731818263667
901.429596119534
903.481242231990
905.031477722734
904.806143198685
904.941662786573
903.614086376783
900.233663794356
901.813147000115
907.424505364197
900.432909668598
913.108677956813
905.044230136648
912.168245243447
903.853030505648
905.102703264774
906.372037512883
904.855877299918
906.790893224787
900.233663794356
904.696893865433
902.088122882193
900.731818263667
908.356128222352
918.742599709348
906.364872719409
900.731818263667
904.311864232650
903.643703829271
907.259676896090
899.735509325044
905.701031312134
914.855518998948
904.806143198685
908.397143530154
902.055990118446
907.078130424733
908.392609843356
909.955361626355
908.234475980809
911.101849412681
906.286205550027
915.818654907765
904.717353608820
902.320103823543
906.084695080337
900.731818263667
906.232448542295
902.020783232826
902.846672539307
913.453089058946
902.118476569472
901.241450252952
904.588280374507
901.229972732979
907.931880957329
911.355951016436
909.603007150962
908.411226258438
903.350180429179
903.115931907471
904.206847945482
902.422029554881
916.159767438723
905.075595452226
903.115931907471