最优解为:849.1282
最优解路径:

Best_route =

    15     9    16     7     8    10     6     0     0     0     0     0     0     0     0     0     0
     5     1    13    11    12    14     3     4     2     0     0     0     0     0     0     0     0

本次运算用时:13.251秒
算法在第1代时收敛

best
849.128151869462
849.128151869462
849.128151869462
849.128151869462
849.128151869462
849.128151869462
849.128151869462
849.128151869462
849.128151869462
849.128151869462
849.128151869462
849.128151869462
849.128151869462
849.128151869462
849.128151869462
849.128151869462
849.128151869462
849.128151869462
849.128151869462
849.128151869462
849.128151869462
849.128151869462
849.128151869462
849.128151869462
849.128151869462
849.128151869462
849.128151869462
849.128151869462
849.128151869462
849.128151869462
849.128151869462
849.128151869462
849.128151869462
849.128151869462
849.128151869462
849.128151869462
849.128151869462
849.128151869462
849.128151869462
849.128151869462
849.128151869462
849.128151869462
849.128151869462
849.128151869462
849.128151869462
849.128151869462
849.128151869462
849.128151869462
849.128151869462
849.128151869462
849.128151869462
849.128151869462
849.128151869462
849.128151869462
849.128151869462
849.128151869462
849.128151869462
849.128151869462
849.128151869462
849.128151869462
849.128151869462
849.128151869462
849.128151869462
849.128151869462
849.128151869462
849.128151869462
849.128151869462
849.128151869462
849.128151869462
849.128151869462
849.128151869462
849.128151869462
849.128151869462
849.128151869462
849.128151869462
849.128151869462
849.128151869462
849.128151869462
849.128151869462
849.128151869462
849.128151869462
849.128151869462
849.128151869462
849.128151869462
849.128151869462
849.128151869462
849.128151869462
849.128151869462
849.128151869462
849.128151869462
849.128151869462
849.128151869462
849.128151869462
849.128151869462
849.128151869462
849.128151869462
849.128151869462
849.128151869462
849.128151869462
849.128151869462
849.128151869462
849.128151869462
849.128151869462
849.128151869462
849.128151869462
849.128151869462
849.128151869462
849.128151869462
849.128151869462
849.128151869462
849.128151869462
849.128151869462
849.128151869462
849.128151869462
849.128151869462
849.128151869462
849.128151869462
849.128151869462
849.128151869462
849.128151869462
849.128151869462
849.128151869462
849.128151869462
849.128151869462
849.128151869462
849.128151869462
849.128151869462
849.128151869462
849.128151869462
849.128151869462
849.128151869462
849.128151869462
849.128151869462
849.128151869462
849.128151869462
849.128151869462
849.128151869462
849.128151869462
849.128151869462
849.128151869462
849.128151869462
849.128151869462
849.128151869462
849.128151869462
849.128151869462
849.128151869462
849.128151869462
849.128151869462
849.128151869462
849.128151869462
849.128151869462
849.128151869462
849.128151869462
849.128151869462
849.128151869462
849.128151869462
849.128151869462
849.128151869462
849.128151869462
849.128151869462
849.128151869462
849.128151869462
849.128151869462
849.128151869462
849.128151869462
849.128151869462
849.128151869462
849.128151869462
849.128151869462
849.128151869462
849.128151869462
849.128151869462
849.128151869462
849.128151869462
849.128151869462
849.128151869462
849.128151869462
849.128151869462
849.128151869462
849.128151869462
849.128151869462
849.128151869462
849.128151869462
849.128151869462
849.128151869462
849.128151869462
849.128151869462
849.128151869462
849.128151869462
849.128151869462
849.128151869462
849.128151869462
849.128151869462
849.128151869462
849.128151869462
849.128151869462
849.128151869462
849.128151869462
849.128151869462
849.128151869462

ave
987.962144525124
982.985170400762
974.694344622004
980.742257667064
982.645365164420
963.385459989848
996.697733838006
959.110076681162
964.727954670982
970.694051729320
974.785001895459
952.438160362139
952.226880580971
956.239906056789
947.648007842852
950.110003388284
944.058029235182
942.760517272157
940.667406268088
955.008559540193
944.452109773526
929.301441764347
928.343037303246
963.194988386865
932.047608725936
944.369184226941
925.979160921867
910.636433299831
924.685072374556
920.341054615520
915.539028528379
942.310162377420
925.976738856976
918.460206286764
926.020593229632
932.052580270422
917.994576588604
928.070894630315
910.378999048035
913.704865925499
914.788078237390
918.343488723451
908.895614957983
916.597877243593
906.489449668701
906.992847905163
903.482548682360
901.401148363007
909.389224037642
902.286246255715
910.641581834402
904.277087752420
899.958964323153
916.276898680315
907.018038601211
904.533798327557
908.206253132863
903.449050873242
908.848586151989
907.870785123084
903.865901895920
904.789319819847
907.745678841641
910.279426000883
905.987487706541
903.903298157544
905.184510311447
906.078658847415
904.365434479652
908.581934433989
901.717346928066
899.950322325765
904.347245365689
904.508796141130
902.930012907759
903.764033954765
905.059569793577
907.606891673840
901.937579472413
915.357113286589
911.523034546133
905.037539387090
902.481218499879
903.041390703859
914.718175333329
906.179654813222
909.724535102681
901.961637589100
909.840710706188
908.026448934009
908.284480072965
902.274011822997
901.843479478869
906.532364896758
908.454293044292
908.071541697666
905.049739740751
905.950392930123
903.018518529114
922.254900940257
904.691190417010
901.960451647158
901.393071525117
911.089164076567
908.715012417093
909.929926150771
904.035821050575
915.754639421333
901.456450084796
907.667795012989
905.278310777013
908.709389182215
907.777276312051
899.783778196899
904.916219478001
906.349762773630
900.845958747785
906.772676542990
906.763977285664
902.886742914241
906.127426610230
901.401148363007
912.630320225271
904.117465704768
901.072743166058
906.659825807237
901.401148363007
905.404742855793
908.547807707211
902.086584197961
912.088398134677
912.018768631525
918.639130428341
908.063398737571
909.395765191265
912.464623000325
911.852726843300
912.098757474856
923.535486749820
911.452468390703
902.712335796264
907.886437507608
903.671272096162
907.376952402040
911.499977000585
908.925716134067
905.033330911289
909.793223022969
902.888872925923
911.533959227740
907.464327517418
905.049739740751
904.352578137117
906.007754041770
908.284480072965
902.958689842191
909.608522926965
903.377828309143
915.571027104743
900.764376074757
904.642167937106
904.317231272450
904.431738343532
899.783778196899
905.167232508890
908.719546081727
907.387416154374
901.401148363007
911.339223765794
917.022370003042
903.082222776805
899.783778196899
900.077104587214
913.230906386571
908.305844432346
905.442855356934
900.320209306305
917.464611480081
904.522246428358
910.188704163121
909.350914786466
912.984862732118
904.492334137805
906.989790334917
918.140427636742
911.422493741880
916.797131447295
910.639185884725
903.018518529114
912.580685117572
910.364035522163
904.879110811017
901.424020537752
903.338750444310
906.051753322534
917.238586467904
908.772235665717
907.486532545003
915.371569179117
914.303702463287