最优解为:842.6961
最优解路径:

Best_route =

    15    13     1    11    12    16     7     8     2     0     0     0     0     0     0     0     0
     9     5    10    14     3     4     6     0     0     0     0     0     0     0     0     0     0

本次运算用时:20.313秒
算法在第99代时收敛

best
906.200545446999
902.442249437562
902.442249437562
854.354263039740
854.354263039740
854.354263039740
854.354263039740
854.354263039740
854.354263039740
854.354263039740
854.354263039740
854.354263039740
854.354263039740
854.354263039740
854.354263039740
854.354263039740
854.354263039740
854.354263039740
854.354263039740
854.354263039740
854.354263039740
854.354263039740
854.354263039740
854.354263039740
854.354263039740
854.354263039740
854.354263039740
854.354263039740
854.354263039740
854.354263039740
854.354263039740
854.354263039740
854.354263039740
854.354263039740
854.354263039740
854.354263039740
854.354263039740
854.354263039740
854.354263039740
854.354263039740
854.354263039740
854.354263039740
854.354263039740
854.354263039740
854.354263039740
854.354263039740
854.354263039740
854.354263039740
854.354263039740
854.354263039740
854.354263039740
854.354263039740
854.354263039740
854.354263039740
854.354263039740
854.354263039740
854.354263039740
854.354263039740
854.354263039740
854.354263039740
854.354263039740
854.354263039740
854.354263039740
854.354263039740
854.354263039740
854.354263039740
854.354263039740
854.354263039740
854.354263039740
854.354263039740
854.354263039740
854.354263039740
854.354263039740
854.354263039740
854.354263039740
854.354263039740
854.354263039740
854.354263039740
854.354263039740
854.354263039740
854.354263039740
854.354263039740
854.354263039740
854.354263039740
854.354263039740
854.354263039740
854.354263039740
854.354263039740
854.354263039740
854.354263039740
854.354263039740
854.354263039740
854.354263039740
854.354263039740
854.354263039740
854.354263039740
854.354263039740
854.354263039740
842.696129290946
842.696129290946
842.696129290946
842.696129290946
842.696129290946
842.696129290946
842.696129290946
842.696129290946
842.696129290946
842.696129290946
842.696129290946
842.696129290946
842.696129290946
842.696129290946
842.696129290946
842.696129290946
842.696129290946
842.696129290946
842.696129290946
842.696129290946
842.696129290946
842.696129290946
842.696129290946
842.696129290946
842.696129290946
842.696129290946
842.696129290946
842.696129290946
842.696129290946
842.696129290946
842.696129290946
842.696129290946
842.696129290946
842.696129290946
842.696129290946
842.696129290946
842.696129290946
842.696129290946
842.696129290946
842.696129290946
842.696129290946
842.696129290946
842.696129290946
842.696129290946
842.696129290946
842.696129290946
842.696129290946
842.696129290946
842.696129290946
842.696129290946
842.696129290946
842.696129290946
842.696129290946
842.696129290946
842.696129290946
842.696129290946
842.696129290946
842.696129290946
842.696129290946
842.696129290946
842.696129290946
842.696129290946
842.696129290946
842.696129290946
842.696129290946
842.696129290946
842.696129290946
842.696129290946
842.696129290946
842.696129290946
842.696129290946
842.696129290946
842.696129290946
842.696129290946
842.696129290946
842.696129290946
842.696129290946
842.696129290946
842.696129290946
842.696129290946
842.696129290946
842.696129290946
842.696129290946
842.696129290946
842.696129290946
842.696129290946
842.696129290946
842.696129290946
842.696129290946
842.696129290946
842.696129290946
842.696129290946
842.696129290946
842.696129290946
842.696129290946
842.696129290946
842.696129290946
842.696129290946
842.696129290946
842.696129290946
842.696129290946
842.696129290946

ave
989.364665866561
1007.37005287836
1003.41851309877
979.792014312783
1025.93877080736
1017.03060023508
1021.36827963608
979.874779829034
973.724341850398
1002.56999026581
972.287628825099
1002.24239191113
975.808559370148
976.056685276890
976.918076446052
982.298368463095
995.056250851727
988.616975069631
979.410946053944
977.674275445158
960.924342793685
959.678625937450
964.138197980403
964.120749899336
927.778454060785
926.396764476096
918.080105883113
925.371060163254
925.212711056016
932.499159871662
923.912792994784
927.359543189234
928.327144502291
920.276119545326
913.192670394453
914.823860036314
923.359200917677
904.731463498670
911.928765243984
913.267185128597
906.956746391012
907.748570783526
909.405046249377
911.579176550935
911.774290742609
901.958651402581
911.483417962838
901.985708856389
913.253752707096
906.223347876636
909.308706388038
899.881782647247
903.194305967549
924.828690356241
926.913781109729
909.991390169083
905.713594282082
914.649868923885
905.027149045541
909.722929446973
907.908454429796
905.686594357359
906.367662592820
916.838644843852
909.066372378048
914.050380957670
914.921959660505
906.324224909228
898.938190564248
902.953478384323
910.588096007124
905.904265641507
905.968327375991
906.813786104667
900.057673281586
903.520170537543
907.459880704449
906.732750569927
904.353742988704
903.670411542433
919.967199095638
909.170293349885
903.149657155895
908.065480988764
903.995519618737
902.821460405748
915.178096362382
900.398067110146
905.484941924277
916.833492680352
898.668916056453
902.538061505299
902.576807724428
923.812309305626
903.358757576312
899.423040214407
901.812469684584
900.585462393603
903.871210201387
909.186927029918
901.496164607952
902.195434869504
902.950650980553
916.193307896110
908.707158684077
904.744721244422
901.307792218798
900.466092310761
903.005951157245
901.461085801318
902.973817134187
900.431444392419
904.717099392074
904.544202500752
904.840664142256
902.618095988228
906.119389430472
904.009202592860
901.855871079880
899.843955106697
902.517548585127
902.649535539018
903.251013093539
902.380492369597
900.431444392419
901.816650483035
913.350440656016
903.770550187878
908.086340868261
909.478606894138
900.680779822111
906.288864792324
901.699722462411
901.036820884636
901.498896086227
901.790136086554
902.762309983883
906.451262714507
903.412839024089
901.240919463408
906.688732520712
907.149179616238
912.494215738573
903.330417686689
908.689699004829
908.584420722910
910.434011781211
903.496483768266
901.572608821618
902.293547202349
903.636399806860
902.517548585127
918.484331293570
903.186983745077
906.005322007904
910.308159728549
906.189247390411
902.517548585127
903.358757576312
904.662622233967
903.737685046983
914.595341877661
901.711781363101
904.746568067625
905.845770813845
901.989759473109
902.248437945082
904.157141215333
910.522290950958
902.160023067095
904.335418974263
901.474496488773
902.663196963871
904.645168459934
899.375866168384
906.129327347168
906.674917718199
900.418918264738
904.127891329963
904.520515365403
900.137042025525
906.891349301046
907.661972177741
905.571404558982
904.144175904571
903.756282525611
903.387447095877
901.809713913422
903.045337697144
898.320287944349
906.853794828099
902.569153746170
902.361978998369
903.956204400122
901.593866571615
905.273447448720
909.327309997096
906.795623581234
905.615501450245
903.754308917473