最优解为:766.7539
最优解路径:

Best_route =

     3    11    15     9     1    13     6    10     7     8     2     0     0     0     0     0     0
     4     5    16    12    14     0     0     0     0     0     0     0     0     0     0     0     0

本次运算用时:38.716秒
算法在第5代时收敛

best
827.696559096494
820.945725816396
777.218176907976
777.218176907976
766.753897001233
766.753897001233
766.753897001233
766.753897001233
766.753897001233
766.753897001233
766.753897001233
766.753897001233
766.753897001233
766.753897001233
766.753897001233
766.753897001233
766.753897001233
766.753897001233
766.753897001233
766.753897001233
766.753897001233
766.753897001233
766.753897001233
766.753897001233
766.753897001233
766.753897001233
766.753897001233
766.753897001233
766.753897001233
766.753897001233
766.753897001233
766.753897001233
766.753897001233
766.753897001233
766.753897001233
766.753897001233
766.753897001233
766.753897001233
766.753897001233
766.753897001233
766.753897001233
766.753897001233
766.753897001233
766.753897001233
766.753897001233
766.753897001233
766.753897001233
766.753897001233
766.753897001233
766.753897001233
766.753897001233
766.753897001233
766.753897001233
766.753897001233
766.753897001233
766.753897001233
766.753897001233
766.753897001233
766.753897001233
766.753897001233
766.753897001233
766.753897001233
766.753897001233
766.753897001233
766.753897001233
766.753897001233
766.753897001233
766.753897001233
766.753897001233
766.753897001233
766.753897001233
766.753897001233
766.753897001233
766.753897001233
766.753897001233
766.753897001233
766.753897001233
766.753897001233
766.753897001233
766.753897001233
766.753897001233
766.753897001233
766.753897001233
766.753897001233
766.753897001233
766.753897001233
766.753897001233
766.753897001233
766.753897001233
766.753897001233
766.753897001233
766.753897001233
766.753897001233
766.753897001233
766.753897001233
766.753897001233
766.753897001233
766.753897001233
766.753897001233
766.753897001233
766.753897001233
766.753897001233
766.753897001233
766.753897001233
766.753897001233
766.753897001233
766.753897001233
766.753897001233
766.753897001233
766.753897001233
766.753897001233
766.753897001233
766.753897001233
766.753897001233
766.753897001233
766.753897001233
766.753897001233
766.753897001233
766.753897001233
766.753897001233
766.753897001233
766.753897001233
766.753897001233
766.753897001233
766.753897001233
766.753897001233
766.753897001233
766.753897001233
766.753897001233
766.753897001233
766.753897001233
766.753897001233
766.753897001233
766.753897001233
766.753897001233
766.753897001233
766.753897001233
766.753897001233
766.753897001233
766.753897001233
766.753897001233
766.753897001233
766.753897001233
766.753897001233
766.753897001233
766.753897001233
766.753897001233
766.753897001233
766.753897001233
766.753897001233
766.753897001233
766.753897001233
766.753897001233
766.753897001233
766.753897001233
766.753897001233
766.753897001233
766.753897001233
766.753897001233
766.753897001233
766.753897001233
766.753897001233
766.753897001233
766.753897001233
766.753897001233
766.753897001233
766.753897001233
766.753897001233
766.753897001233
766.753897001233
766.753897001233
766.753897001233
766.753897001233
766.753897001233
766.753897001233
766.753897001233
766.753897001233
766.753897001233
766.753897001233
766.753897001233
766.753897001233
766.753897001233
766.753897001233
766.753897001233
766.753897001233
766.753897001233
766.753897001233
766.753897001233
766.753897001233
766.753897001233
766.753897001233
766.753897001233
766.753897001233
766.753897001233
766.753897001233
766.753897001233
766.753897001233
766.753897001233
766.753897001233
766.753897001233

ave
923.251988807069
922.848082973921
915.243267579151
923.868754877722
927.421364060450
921.272396305113
931.836341639140
904.176541741601
946.075111694598
911.001143475486
905.756225061870
919.294275304750
925.563672244802
912.868867318410
902.468772102010
898.123687880316
880.188164094256
903.166489690278
882.216944192924
894.869057629684
884.414944358362
891.881988374250
882.278492156850
887.800345712604
884.384238181355
882.623749231894
887.267440292242
880.435785216543
874.223007786726
875.277070901444
877.049791928319
873.369676810813
882.336961658829
880.241456548476
873.894538992725
885.194840258950
875.698003976958
872.324756209588
870.811806080231
874.346098598763
871.807066094185
872.377217750275
874.694090659634
868.272732864928
877.342253550478
873.954048011349
871.158586564879
868.858642584584
871.450445705085
871.065094932763
875.162200470351
869.204332310680
870.648101220262
871.423737288730
873.212744121514
871.052256215541
869.085590738539
871.630020804336
870.326031919690
868.883790133376
870.717242762649
867.760335942613
879.264818684318
873.730729025255
870.867152303760
876.987890380707
877.134139025656
867.534432240136
876.949929569578
888.029605941685
891.713029817417
898.919128092196
889.987462144048
898.057762370665
876.893758525327
869.508894786434
866.281632445455
866.793769299209
880.819335024362
869.329543777216
874.846369581663
867.076880461563
871.400120485104
864.762824480539
869.995746143432
863.228935449322
868.656099240641
864.762824480539
864.600872112429
869.394705734373
864.440016842270
864.252649187990
862.731994443637
862.666832486481
864.237000927259
864.762824480539
866.267830964160
864.424368581539
864.424505829562
864.762824480539
865.390089400537
866.332992921317
872.004181042155
864.252649187990
862.666832486481
862.666832486481
864.059368539583
862.854200140761
867.845960783327
864.762824480539
864.171838970102
862.666832486481
866.261398018570
862.666832486481
862.666832486481
862.666832486481
864.467941720390
866.527189777690
862.666832486481
864.237138175282
864.208601531201
864.846654918336
864.106677012946
862.666832486481
862.854200140761
862.666832486481
862.666832486481
866.986317168554
864.464115252525
864.464115252525
865.176926704471
864.237138175282
862.666832486481
864.626115560131
868.269492783323
862.666832486481
867.603472816810
862.666832486481
862.666832486481
871.144924873051
862.666832486481
864.464115252525
864.566039770780
862.666832486481
863.737082178006
862.666832486481
862.666832486481
865.676982701747
862.666832486481
871.422178073162
866.876673431553
862.666832486481
862.666832486481
865.916239261003
862.666832486481
868.595852590932
865.907996774262
864.135076409003
862.666832486481
862.854200140761
865.778907220003
862.666832486481
863.802244135162
867.923760043181
864.142900539369
862.666832486481
862.666832486481
862.666832486481
862.666832486481
864.448811342158
865.934937077451
862.666832486481
862.666832486481
864.237000927259
864.208601531201
865.723471012916
862.666832486481
862.666832486481
864.338925445514
865.607469026278
862.666832486481
862.666832486481
862.666832486481
862.666832486481
862.666832486481
862.666832486481
867.325919105879
864.338925445514
864.354573706245
862.666832486481
865.794418232710
862.666832486481
862.666832486481
862.666832486481
862.666832486481
865.728717240878
862.666832486481
860.893407884238
864.252649187990
862.666832486481