最优解为:767.0345
最优解路径:

Best_route =

    13     1     9     3     6     2    12    14     0     0     0     0     0     0     0     0     0
    11    15     5    16    10     7     8     4     0     0     0     0     0     0     0     0     0

本次运算用时:28.517秒
算法在第3代时收敛

best
817.926797050177
817.926797050177
767.034494363227
767.034494363227
767.034494363227
767.034494363227
767.034494363227
767.034494363227
767.034494363227
767.034494363227
767.034494363227
767.034494363227
767.034494363227
767.034494363227
767.034494363227
767.034494363227
767.034494363227
767.034494363227
767.034494363227
767.034494363227
767.034494363227
767.034494363227
767.034494363227
767.034494363227
767.034494363227
767.034494363227
767.034494363227
767.034494363227
767.034494363227
767.034494363227
767.034494363227
767.034494363227
767.034494363227
767.034494363227
767.034494363227
767.034494363227
767.034494363227
767.034494363227
767.034494363227
767.034494363227
767.034494363227
767.034494363227
767.034494363227
767.034494363227
767.034494363227
767.034494363227
767.034494363227
767.034494363227
767.034494363227
767.034494363227
767.034494363227
767.034494363227
767.034494363227
767.034494363227
767.034494363227
767.034494363227
767.034494363227
767.034494363227
767.034494363227
767.034494363227
767.034494363227
767.034494363227
767.034494363227
767.034494363227
767.034494363227
767.034494363227
767.034494363227
767.034494363227
767.034494363227
767.034494363227
767.034494363227
767.034494363227
767.034494363227
767.034494363227
767.034494363227
767.034494363227
767.034494363227
767.034494363227
767.034494363227
767.034494363227
767.034494363227
767.034494363227
767.034494363227
767.034494363227
767.034494363227
767.034494363227
767.034494363227
767.034494363227
767.034494363227
767.034494363227
767.034494363227
767.034494363227
767.034494363227
767.034494363227
767.034494363227
767.034494363227
767.034494363227
767.034494363227
767.034494363227
767.034494363227
767.034494363227
767.034494363227
767.034494363227
767.034494363227
767.034494363227
767.034494363227
767.034494363227
767.034494363227
767.034494363227
767.034494363227
767.034494363227
767.034494363227
767.034494363227
767.034494363227
767.034494363227
767.034494363227
767.034494363227
767.034494363227
767.034494363227
767.034494363227
767.034494363227
767.034494363227
767.034494363227
767.034494363227
767.034494363227
767.034494363227
767.034494363227
767.034494363227
767.034494363227
767.034494363227
767.034494363227
767.034494363227
767.034494363227
767.034494363227
767.034494363227
767.034494363227
767.034494363227
767.034494363227
767.034494363227
767.034494363227
767.034494363227
767.034494363227
767.034494363227
767.034494363227
767.034494363227
767.034494363227
767.034494363227
767.034494363227
767.034494363227
767.034494363227
767.034494363227
767.034494363227
767.034494363227
767.034494363227
767.034494363227
767.034494363227
767.034494363227
767.034494363227
767.034494363227
767.034494363227
767.034494363227
767.034494363227
767.034494363227
767.034494363227
767.034494363227
767.034494363227
767.034494363227
767.034494363227
767.034494363227
767.034494363227
767.034494363227
767.034494363227
767.034494363227
767.034494363227
767.034494363227
767.034494363227
767.034494363227
767.034494363227
767.034494363227
767.034494363227
767.034494363227
767.034494363227
767.034494363227
767.034494363227
767.034494363227
767.034494363227
767.034494363227
767.034494363227
767.034494363227
767.034494363227
767.034494363227
767.034494363227
767.034494363227
767.034494363227
767.034494363227
767.034494363227
767.034494363227
767.034494363227
767.034494363227
767.034494363227

ave
918.675476299893
936.651129830727
925.683672019379
923.634220236662
925.447349409894
904.313933159883
911.876837916212
906.739626919917
921.505199711704
931.466772995784
928.625118239655
942.973398412337
917.059833173507
917.578311681210
881.810425936341
893.157516930549
895.400334326676
886.564051719647
890.295357725578
882.984517341199
881.236907854152
868.905484527891
873.149117781872
881.270841445855
877.506825421510
868.563482036868
869.503464628510
868.539108284500
871.162724410790
863.226858175772
871.580481529002
861.552753797299
869.219538618463
862.401248302726
866.751258966554
863.581681343534
866.855870740470
864.717593189868
859.959804073604
860.063218669864
858.963150017422
861.955627796340
858.584130575990
858.951045848422
860.398744284512
859.133296623166
865.239468459633
863.001804963612
859.935551281608
858.349734580099
857.193533347449
856.779566139321
856.572582535257
856.572582535257
856.779566139321
856.942177370197
858.158399236766
858.578922415331
858.142750976035
856.779566139321
856.682331183878
856.572582535257
856.649493005896
858.798419712573
857.212603011064
856.779566139321
856.572582535257
858.672727732050
858.535992594943
856.572582535257
858.343087299348
856.572582535257
858.158399236766
856.572582535257
859.032491589165
856.572582535257
856.572582535257
856.572582535257
856.572582535257
858.142750976035
858.145885543588
856.942177370197
856.572582535257
858.158399236766
856.572582535257
858.502468006319
858.373658731621
856.572582535257
858.365382840830
858.142750976035
858.459483228720
857.946726069890
858.611976001994
856.572582535257
856.572582535257
860.002940137547
856.572582535257
856.572582535257
856.572582535257
858.268147885387
856.572582535257
856.572582535257
856.572582535257
858.400543488063
858.577507768131
856.572582535257
856.572582535257
856.572582535257
856.572582535257
856.572582535257
856.572582535257
858.239541732303
856.572582535257
856.572582535257
856.572582535257
856.572582535257
857.356144578324
858.352869147652
856.572582535257
860.126003831187
856.572582535257
856.572582535257
858.273306973872
861.054224773464
856.751417524152
860.163324469641
856.572582535257
859.882290703571
856.572582535257
856.572582535257
856.572582535257
856.682331183878
863.278026155689
859.756408996247
858.790810990889
856.572582535257
856.779566139321
856.572582535257
856.572582535257
856.779566139321
859.978536059207
856.779566139321
856.572582535257
856.572582535257
858.527236777334
856.572582535257
856.572582535257
856.572582535257
856.572582535257
856.572582535257
856.572582535257
856.572582535257
856.572582535257
856.779566139321
864.247874922169
861.761334229122
856.942177370197
856.572582535257
860.201804540075
856.572582535257
856.682331183878
856.572582535257
857.938901939524
856.572582535257
856.572582535257
858.400543488063
858.409299305672
858.491771981002
858.142750976035
858.687256416752
858.392719357698
856.572582535257
856.572582535257
860.191165788344
856.572582535257
856.572582535257
856.779566139321
856.572582535257
858.170592294738
856.572582535257
856.779566139321
856.572582535257
856.572582535257
863.095586691179
860.712121198788
856.572582535257
856.779566139321
856.572582535257
858.490258462239
858.142750976035
860.278286724000
856.572582535257
856.572582535257
856.572582535257
856.580406665623
856.572582535257
857.938901939524
856.942177370197
856.572582535257
857.022502027785