最优解为:765.0036
最优解路径:

Best_route =

     9     5    12     4     7     8    10     0     0     0     0     0     0     0     0     0     0
    11     3     1    13    15     6     2    16    14     0     0     0     0     0     0     0     0

本次运算用时:56.857秒
算法在第8代时收敛

best
816.840091257486
806.271596873393
806.271596873393
806.271596873393
806.271596873393
806.271596873393
806.271596873393
765.003564592834
765.003564592834
765.003564592834
765.003564592834
765.003564592834
765.003564592834
765.003564592834
765.003564592834
765.003564592834
765.003564592834
765.003564592834
765.003564592834
765.003564592834
765.003564592834
765.003564592834
765.003564592834
765.003564592834
765.003564592834
765.003564592834
765.003564592834
765.003564592834
765.003564592834
765.003564592834
765.003564592834
765.003564592834
765.003564592834
765.003564592834
765.003564592834
765.003564592834
765.003564592834
765.003564592834
765.003564592834
765.003564592834
765.003564592834
765.003564592834
765.003564592834
765.003564592834
765.003564592834
765.003564592834
765.003564592834
765.003564592834
765.003564592834
765.003564592834
765.003564592834
765.003564592834
765.003564592834
765.003564592834
765.003564592834
765.003564592834
765.003564592834
765.003564592834
765.003564592834
765.003564592834
765.003564592834
765.003564592834
765.003564592834
765.003564592834
765.003564592834
765.003564592834
765.003564592834
765.003564592834
765.003564592834
765.003564592834
765.003564592834
765.003564592834
765.003564592834
765.003564592834
765.003564592834
765.003564592834
765.003564592834
765.003564592834
765.003564592834
765.003564592834
765.003564592834
765.003564592834
765.003564592834
765.003564592834
765.003564592834
765.003564592834
765.003564592834
765.003564592834
765.003564592834
765.003564592834
765.003564592834
765.003564592834
765.003564592834
765.003564592834
765.003564592834
765.003564592834
765.003564592834
765.003564592834
765.003564592834
765.003564592834
765.003564592834
765.003564592834
765.003564592834
765.003564592834
765.003564592834
765.003564592834
765.003564592834
765.003564592834
765.003564592834
765.003564592834
765.003564592834
765.003564592834
765.003564592834
765.003564592834
765.003564592834
765.003564592834
765.003564592834
765.003564592834
765.003564592834
765.003564592834
765.003564592834
765.003564592834
765.003564592834
765.003564592834
765.003564592834
765.003564592834
765.003564592834
765.003564592834
765.003564592834
765.003564592834
765.003564592834
765.003564592834
765.003564592834
765.003564592834
765.003564592834
765.003564592834
765.003564592834
765.003564592834
765.003564592834
765.003564592834
765.003564592834
765.003564592834
765.003564592834
765.003564592834
765.003564592834
765.003564592834
765.003564592834
765.003564592834
765.003564592834
765.003564592834
765.003564592834
765.003564592834
765.003564592834
765.003564592834
765.003564592834
765.003564592834
765.003564592834
765.003564592834
765.003564592834
765.003564592834
765.003564592834
765.003564592834
765.003564592834
765.003564592834
765.003564592834
765.003564592834
765.003564592834
765.003564592834
765.003564592834
765.003564592834
765.003564592834
765.003564592834
765.003564592834
765.003564592834
765.003564592834
765.003564592834
765.003564592834
765.003564592834
765.003564592834
765.003564592834
765.003564592834
765.003564592834
765.003564592834
765.003564592834
765.003564592834
765.003564592834
765.003564592834
765.003564592834
765.003564592834
765.003564592834
765.003564592834
765.003564592834
765.003564592834
765.003564592834
765.003564592834
765.003564592834
765.003564592834
765.003564592834
765.003564592834
765.003564592834

ave
925.430353221815
945.716557146050
919.927983744739
934.618364195056
921.207120370790
939.438912071875
958.600136048768
913.166633146431
941.906111283092
943.243850552637
924.157283786553
933.382555428396
930.198068256125
932.749365927432
928.518861751480
940.160731189348
936.502546694694
958.030965369848
945.838852101456
935.410370990102
943.941831988075
947.089707055651
944.214851597402
947.011725663220
938.678907136675
934.596268134309
944.169103793032
935.256710431448
942.383387386360
942.809044972726
908.949188176789
928.310590191544
920.990515534213
924.439428647473
918.361328957501
916.271950765630
916.214308755219
919.927579547800
921.780373290892
918.283194539253
910.673339152427
909.214592577408
914.315075961362
907.847273418010
903.940648367392
908.228523631671
902.939546163934
897.497277087444
897.781721187866
893.159223200928
893.757605708550
892.503654783317
891.523858229667
887.635103577303
888.989612074619
879.544313749430
887.309220925921
883.448594748124
881.909638787720
882.947089671134
894.881876108699
876.168349947088
878.208864050607
888.388180974753
882.509446799162
887.878646029154
875.374473146607
876.305259997853
881.624269460889
879.489615903180
879.028639789962
880.468441795595
881.350747859095
878.245846921447
880.776851280700
889.139231740136
876.766242514353
871.518463106008
878.517311585232
870.200576836139
870.200576836139
875.468834118105
874.640090840788
875.508593998734
875.314774862405
875.573755955890
877.039002558883
875.468834118105
882.076152217531
870.200576836139
875.468834118105
871.751950408056
870.200576836139
871.539637653599
874.535316257234
879.353453949887
873.026334016111
870.200576836139
886.005348682036
871.600661481975
882.322908101580
871.518027540150
879.453617793482
871.387703625837
871.689298632282
871.745343200390
877.843087697501
871.751950408056
886.188974610239
870.200576836139
877.815560564463
871.582641116781
870.200576836139
870.200576836139
878.546463748877
870.200576836139
875.468834118105
870.200576836139
879.645410909345
880.737091400071
879.974099443795
871.725463260075
877.005080717234
887.154944585508
871.353303023241
875.468834118105
875.468834118105
876.863998402303
876.434191609198
875.763722751129
880.994519364686
883.754928497680
882.307259840849
875.468834118105
872.889655516343
871.602907070173
875.468834118105
875.053021860398
870.200576836139
875.468834118105
873.278206466911
880.350336058679
879.348094181122
881.063192541874
870.220456776453
870.200576836139
871.387703625837
878.441927924169
873.165909561115
873.707897157849
875.114695559735
871.497985232387
879.733590538575
870.220456776453
871.387703625837
870.200576836139
870.200576836139
870.200576836139
875.707601968002
876.977854473725
875.468834118105
870.200576836139
876.655960907803
879.426069910715
874.307152250018
875.812626074264
880.151944029401
870.325378614239
871.786393537648
889.812062064659
875.468834118105
876.796628941180
870.200576836139
877.039002558883
874.593040097102
877.997215935245
872.574830415535
883.839651072186
880.737091400071
875.468834118105
870.285618733610
874.201477273114
874.622034624411
872.737245912587
875.468834118105
877.330627895385
878.437762095917
870.200576836139
870.200576836139
875.589500832265
885.752443230966
871.786393537648
880.752836276445
878.479510152408
870.200576836139
870.200576836139
882.921525395448
873.226238064113
875.468834118105
871.582641116781