最优解为:964.1496
最优解路径:

Best_route =

     7     8    11    12     3     4     1     2     0     0     0     0     0
     5     6     9    10     0     0     0     0     0     0     0     0     0

本次运算用时:6.025秒
算法在第18代时收敛

best
969.343506592368
969.343506592368
969.343506592368
969.343506592368
969.343506592368
969.343506592368
969.343506592368
967.284736792633
967.284736792633
967.284736792633
967.284736792633
967.284736792633
967.284736792633
967.284736792633
967.284736792633
967.284736792633
967.284736792633
964.149573175518
964.149573175518
964.149573175518
964.149573175518
964.149573175518
964.149573175518
964.149573175518
964.149573175518
964.149573175518
964.149573175518
964.149573175518
964.149573175518
964.149573175518
964.149573175518
964.149573175518
964.149573175518
964.149573175518
964.149573175518
964.149573175518
964.149573175518
964.149573175518
964.149573175518
964.149573175518
964.149573175518
964.149573175518
964.149573175518
964.149573175518
964.149573175518
964.149573175518
964.149573175518
964.149573175518
964.149573175518
964.149573175518
964.149573175518
964.149573175518
964.149573175518
964.149573175518
964.149573175518
964.149573175518
964.149573175518
964.149573175518
964.149573175518
964.149573175518
964.149573175518
964.149573175518
964.149573175518
964.149573175518
964.149573175518
964.149573175518
964.149573175518
964.149573175518
964.149573175518
964.149573175518
964.149573175518
964.149573175518
964.149573175518
964.149573175518
964.149573175518
964.149573175518
964.149573175518
964.149573175518
964.149573175518
964.149573175518
964.149573175518
964.149573175518
964.149573175518
964.149573175518
964.149573175518
964.149573175518
964.149573175518
964.149573175518
964.149573175518
964.149573175518
964.149573175518
964.149573175518
964.149573175518
964.149573175518
964.149573175518
964.149573175518
964.149573175518
964.149573175518
964.149573175518
964.149573175518
964.149573175518
964.149573175518
964.149573175518
964.149573175518
964.149573175518
964.149573175518
964.149573175518
964.149573175518
964.149573175518
964.149573175518
964.149573175518
964.149573175518
964.149573175518
964.149573175518
964.149573175518
964.149573175518
964.149573175518
964.149573175518
964.149573175518
964.149573175518
964.149573175518
964.149573175518
964.149573175518
964.149573175518
964.149573175518
964.149573175518
964.149573175518
964.149573175518
964.149573175518
964.149573175518
964.149573175518
964.149573175518
964.149573175518
964.149573175518
964.149573175518
964.149573175518
964.149573175518
964.149573175518
964.149573175518
964.149573175518
964.149573175518
964.149573175518
964.149573175518
964.149573175518
964.149573175518
964.149573175518
964.149573175518
964.149573175518
964.149573175518
964.149573175518
964.149573175518
964.149573175518
964.149573175518
964.149573175518
964.149573175518
964.149573175518
964.149573175518
964.149573175518
964.149573175518
964.149573175518
964.149573175518
964.149573175518
964.149573175518
964.149573175518
964.149573175518
964.149573175518
964.149573175518
964.149573175518
964.149573175518
964.149573175518
964.149573175518
964.149573175518
964.149573175518
964.149573175518
964.149573175518
964.149573175518
964.149573175518
964.149573175518
964.149573175518
964.149573175518
964.149573175518
964.149573175518
964.149573175518
964.149573175518
964.149573175518
964.149573175518
964.149573175518
964.149573175518
964.149573175518
964.149573175518
964.149573175518
964.149573175518
964.149573175518
964.149573175518
964.149573175518
964.149573175518
964.149573175518
964.149573175518
964.149573175518
964.149573175518

ave
1129.74762223418
1199.54981716619
1228.73851622984
1227.62360054635
1034.52821789842
1195.26707148850
1183.12756741281
1225.00591637229
1124.55922013485
1229.53974991758
1230.31690727188
1096.85867700611
1100.85440754070
1260.14902049273
1097.63650585589
1194.03374672638
1200.01903992082
1162.59898494401
1294.57369894519
1098.95636875871
1167.32238807769
1064.92234177277
1128.30939204522
1032.42988941817
1120.91249634696
1066.28219877962
1063.50886681298
1064.91895822774
1063.96341384995
1032.96287166901
1129.92930203501
1098.16947889231
1035.51740937813
1128.53530455849
1098.47037262072
1160.75893290944
1032.39186271961
1223.92919800143
1289.13275856835
1064.96331254858
1064.96331254858
1097.31420319666
1064.75703492328
1128.46642545115
1159.23666890994
1097.08829068339
1100.52026509514
1162.29271493332
1128.98335232197
1130.27073339974
1165.77118132472
1159.90265895455
1096.87149434337
1161.24945351713
1097.76721476767
1130.93491550126
1065.78467180066
1130.06046841483
1128.35676511195
1055.65480664711
1160.08282767613
1032.72761278758
1544.78861918512
1446.07889526251
1480.60671093077
1481.57854680469
1448.48980813876
1448.03526110180
1319.46390092781
1386.34717992415
1353.16772555196
1290.40536710628
1287.26461711640
1411.20563536571
1222.06056698400
1127.29742496800
1513.10907191403
1386.31406464917
1512.06180014868
1480.58887547062
1481.63226691713
1257.89796444354
1160.63683428579
1132.28394458117
1382.76119506404
1482.70891437499
1481.12399976772
1513.01684775267
1479.85846059865
1385.19240418261
1417.50747752146
1380.85107693364
1415.41170495793
1512.79968564596
1385.29990815880
1322.13755977060
1451.19330656342
1418.47126674389
1387.44015364193
1322.22833384549
1288.54846177670
1322.89945425706
1447.96617225609
1382.00126919519
1417.29738526480
1447.74025974282
1318.59535296791
1321.78707898221
1382.34700978219
1479.53772338643
1382.68364044664
1417.09481938062
1478.43673150863
1382.12109726893
1416.33097942149
1447.82104001760
1414.16891121522
1416.55852120979
1414.34943830291
1383.96529049695
1353.28298248212
1452.00316350208
1450.53266959933
1322.89323797726
1513.68396118226
1512.63280909808
1386.50843158031
1451.75645758778
1479.83544675584
1385.78654844766
1417.96715804881
1576.15742804127
1419.08666497789
1445.01526152062
1476.87217090633
1319.54900395764
1479.17933477660
1389.02861222661
1511.39853211450
1414.39482372849
1413.89562563523
1384.44155331290
1416.44398183361
1413.64527533255
1415.84146795828
1382.96680409201
1416.58324144675
1479.26443780644
1353.67328870106
1257.04546158632
1417.09646747757
1435.72212868386
1510.90323016001
1416.79362300178
1445.64571621212
1385.25656551926
1351.82273041720
1413.96933391410
1352.34001925416
1414.46391257420
1446.11871911189
1350.38266403297
1350.70392596416
1317.30225619254
1318.52082987355
1413.97124561532
1254.98356290754
1444.38700143912
1222.77510742726
1349.17342336998
1190.29981602543
1222.61422570729
1352.86759366751
1165.37894487148
1127.76660745030
1119.53055143863
1065.23500247160
1163.74624064070
1159.53584673943
1191.42387854459
1034.70725819418
1032.39186271961
1065.91212647557
1033.21967163013
1096.71730246783
1161.99499156391
1190.99192486917
1129.08511520599
1129.99588173114
1128.14532210430
1161.37847655353
1127.87447989623
1100.76581249638
1095.35248402499
1124.05486023994
1098.55796500575
1066.21859891463
1128.94412291826
1197.12267082946
1196.16134957263