最优解为:1833.3873
最优解路径:

Best_route =

  1 至 24 列

    23    24     7     8    10    11    12     0     0     0     0     0     0     0     0     0     0     0     0     0     0     0     0     0
    15    16     9     3    25    26    22     0     0     0     0     0     0     0     0     0     0     0     0     0     0     0     0     0
    27    28     5     6     4    20     0     0     0     0     0     0     0     0     0     0     0     0     0     0     0     0     0     0
    13    17    21    18    19    29    30     1    14     2     0     0     0     0     0     0     0     0     0     0     0     0     0     0

  25 至 31 列

     0     0     0     0     0     0     0
     0     0     0     0     0     0     0
     0     0     0     0     0     0     0
     0     0     0     0     0     0     0

本次运算用时:68.041秒
算法在第8代时收敛

best
1868.76093132779
1868.76093132779
1864.17774135761
1861.14404774634
1861.14404774634
1861.14404774634
1861.14404774634
1833.38729610624
1833.38729610624
1833.38729610624
1833.38729610624
1833.38729610624
1833.38729610624
1833.38729610624
1833.38729610624
1833.38729610624
1833.38729610624
1833.38729610624
1833.38729610624
1833.38729610624
1833.38729610624
1833.38729610624
1833.38729610624
1833.38729610624
1833.38729610624
1833.38729610624
1833.38729610624
1833.38729610624
1833.38729610624
1833.38729610624
1833.38729610624
1833.38729610624
1833.38729610624
1833.38729610624
1833.38729610624
1833.38729610624
1833.38729610624
1833.38729610624
1833.38729610624
1833.38729610624
1833.38729610624
1833.38729610624
1833.38729610624
1833.38729610624
1833.38729610624
1833.38729610624
1833.38729610624
1833.38729610624
1833.38729610624
1833.38729610624
1833.38729610624
1833.38729610624
1833.38729610624
1833.38729610624
1833.38729610624
1833.38729610624
1833.38729610624
1833.38729610624
1833.38729610624
1833.38729610624
1833.38729610624
1833.38729610624
1833.38729610624
1833.38729610624
1833.38729610624
1833.38729610624
1833.38729610624
1833.38729610624
1833.38729610624
1833.38729610624
1833.38729610624
1833.38729610624
1833.38729610624
1833.38729610624
1833.38729610624
1833.38729610624
1833.38729610624
1833.38729610624
1833.38729610624
1833.38729610624
1833.38729610624
1833.38729610624
1833.38729610624
1833.38729610624
1833.38729610624
1833.38729610624
1833.38729610624
1833.38729610624
1833.38729610624
1833.38729610624
1833.38729610624
1833.38729610624
1833.38729610624
1833.38729610624
1833.38729610624
1833.38729610624
1833.38729610624
1833.38729610624
1833.38729610624
1833.38729610624
1833.38729610624
1833.38729610624
1833.38729610624
1833.38729610624
1833.38729610624
1833.38729610624
1833.38729610624
1833.38729610624
1833.38729610624
1833.38729610624
1833.38729610624
1833.38729610624
1833.38729610624
1833.38729610624
1833.38729610624
1833.38729610624
1833.38729610624
1833.38729610624
1833.38729610624
1833.38729610624
1833.38729610624
1833.38729610624
1833.38729610624
1833.38729610624
1833.38729610624
1833.38729610624
1833.38729610624
1833.38729610624
1833.38729610624
1833.38729610624
1833.38729610624
1833.38729610624
1833.38729610624
1833.38729610624
1833.38729610624
1833.38729610624
1833.38729610624
1833.38729610624
1833.38729610624
1833.38729610624
1833.38729610624
1833.38729610624
1833.38729610624
1833.38729610624
1833.38729610624
1833.38729610624
1833.38729610624
1833.38729610624
1833.38729610624
1833.38729610624
1833.38729610624
1833.38729610624
1833.38729610624
1833.38729610624
1833.38729610624
1833.38729610624
1833.38729610624
1833.38729610624
1833.38729610624
1833.38729610624
1833.38729610624
1833.38729610624
1833.38729610624
1833.38729610624
1833.38729610624
1833.38729610624
1833.38729610624
1833.38729610624
1833.38729610624
1833.38729610624
1833.38729610624
1833.38729610624
1833.38729610624
1833.38729610624
1833.38729610624
1833.38729610624
1833.38729610624
1833.38729610624
1833.38729610624
1833.38729610624
1833.38729610624
1833.38729610624
1833.38729610624
1833.38729610624
1833.38729610624
1833.38729610624
1833.38729610624
1833.38729610624
1833.38729610624
1833.38729610624
1833.38729610624
1833.38729610624
1833.38729610624
1833.38729610624
1833.38729610624
1833.38729610624
1833.38729610624
1833.38729610624
1833.38729610624
1833.38729610624

ave
2070.17004437927
2117.96839023579
2065.48918179726
2073.97139858007
2110.21292464994
2037.29856027354
2051.22208758813
2051.46259003540
2013.18714907527
2105.36495676472
2010.01195590338
2009.92887890488
2061.97734315866
2060.75579965396
2116.97397559701
2084.31118162501
2057.96024318282
2071.23839575101
2048.40136038903
2060.82453772613
2039.32011728074
2055.76580892452
2062.58413792471
2098.82178624001
2094.72350258919
2051.84812862540
2059.56049107562
1997.61403106268
2055.87707864895
2049.37881918702
2056.58104759079
2074.53989083057
2078.26732118948
2138.96991779544
2045.31404940542
2076.04572678354
2059.22426464767
2075.30518712595
1993.15307286395
2101.13954307240
2080.33967997945
2047.23601757596
2047.13409455254
2073.49352833296
2008.44484202775
2046.26121232194
2038.93363456998
2094.31617786759
2039.01357048889
2098.18083406251
2056.89560174526
2063.01790899067
2100.12881396259
2019.08150421617
2040.94706423621
2047.74609443828
2042.96594428794
2113.31415153855
2079.02724694241
2079.52436266774
2061.70974556268
2052.71432105984
2080.02461767096
2049.91761923075
2028.96031159482
1987.94788987322
1999.72544045709
2034.20375171115
1965.76059866316
2011.77666238030
2038.55203368497
2016.98930202773
2042.05898237950
2054.14430456265
2076.06239679653
2116.49879419278
2094.31377196680
2128.66420949942
2062.86079357899
2110.03041909111
2056.07356341220
2092.99753028612
2138.75541814481
2082.55103534614
2044.22669529428
2090.31262289396
2071.88995078929
2086.94912313915
2106.41936933151
2105.66538417970
2063.92670322024
2085.48437120711
2089.87626260302
2070.33611188913
2083.19971623075
2067.42911812652
2071.38097854677
2118.60186435089
2076.28955314789
2095.46664818214
2094.20778280417
2067.55505658668
2067.68585920890
2047.01514066964
2080.55834321157
2045.48381764249
2076.23907914836
2050.80932892413
2085.59034053915
2090.11009969228
2032.42695639334
2096.25774858755
2104.08932669869
2055.18662923341
2063.76298590937
2109.79621734204
2085.63232700301
2066.21829871205
2059.69720606834
2041.97738388511
2105.89445208326
2102.01536359403
2090.85708987553
2113.19276987012
2064.23451819529
2065.06587507838
2093.50603995392
2048.04148658675
2011.33953923861
2100.51777935312
2064.67662388736
2072.79198462920
2026.13833055804
1955.38385730539
2026.17752616307
2022.67752835938
2026.97950848612
2000.80873527551
2014.64996291302
2008.59282659549
2025.60044656611
2003.16405772842
1964.32215466525
1943.74094728622
2023.32073066801
1994.68644388413
2018.65974969692
1994.42079695507
1958.34034917352
1980.42003350712
1961.51010478556
1980.09364091768
1988.14802823450
1974.07896214127
1993.48528004092
1939.45514751100
1970.82862945525
1945.22673135194
1978.01737987259
2017.97932438701
1974.34463167412
1950.61346910874
2035.63069295608
2003.49792872050
2049.13521994677
2024.97649012159
1975.97130918667
1951.44815427320
1936.25874854291
1944.63091379151
1977.55754141906
1991.95814640205
1972.06106020043
1978.37036646869
1926.38089084897
1951.64049032887
1956.25908445203
1990.52454190870
1979.14316833182
2026.46025514872
1966.61674442009
1961.06616549497
1989.23664349206
1969.86923460171
2015.80761114384
2027.33280090961
2035.36087278015
2021.41353047368
1990.96903700103
1954.90313685993
2016.39618589003
1968.99213194503
1948.27818572552
1998.87840846411
2001.58769915534
1954.62727281274
2002.70620718038
1989.79482093066
2008.55756661504
2011.75335842966