最优解为:345.5066
最优解路径:

Best_route =

     0     0     0     0     0     0     0     0     0
     4     7     3     8     2     1     6     5     0

本次运算用时:3.409秒
算法在第1代时收敛

best
345.506613055254
345.506613055254
345.506613055254
345.506613055254
345.506613055254
345.506613055254
345.506613055254
345.506613055254
345.506613055254
345.506613055254
345.506613055254
345.506613055254
345.506613055254
345.506613055254
345.506613055254
345.506613055254
345.506613055254
345.506613055254
345.506613055254
345.506613055254
345.506613055254
345.506613055254
345.506613055254
345.506613055254
345.506613055254
345.506613055254
345.506613055254
345.506613055254
345.506613055254
345.506613055254
345.506613055254
345.506613055254
345.506613055254
345.506613055254
345.506613055254
345.506613055254
345.506613055254
345.506613055254
345.506613055254
345.506613055254
345.506613055254
345.506613055254
345.506613055254
345.506613055254
345.506613055254
345.506613055254
345.506613055254
345.506613055254
345.506613055254
345.506613055254
345.506613055254
345.506613055254
345.506613055254
345.506613055254
345.506613055254
345.506613055254
345.506613055254
345.506613055254
345.506613055254
345.506613055254
345.506613055254
345.506613055254
345.506613055254
345.506613055254
345.506613055254
345.506613055254
345.506613055254
345.506613055254
345.506613055254
345.506613055254
345.506613055254
345.506613055254
345.506613055254
345.506613055254
345.506613055254
345.506613055254
345.506613055254
345.506613055254
345.506613055254
345.506613055254
345.506613055254
345.506613055254
345.506613055254
345.506613055254
345.506613055254
345.506613055254
345.506613055254
345.506613055254
345.506613055254
345.506613055254
345.506613055254
345.506613055254
345.506613055254
345.506613055254
345.506613055254
345.506613055254
345.506613055254
345.506613055254
345.506613055254
345.506613055254
345.506613055254
345.506613055254
345.506613055254
345.506613055254
345.506613055254
345.506613055254
345.506613055254
345.506613055254
345.506613055254
345.506613055254
345.506613055254
345.506613055254
345.506613055254
345.506613055254
345.506613055254
345.506613055254
345.506613055254
345.506613055254
345.506613055254
345.506613055254
345.506613055254
345.506613055254
345.506613055254
345.506613055254
345.506613055254
345.506613055254
345.506613055254
345.506613055254
345.506613055254
345.506613055254
345.506613055254
345.506613055254
345.506613055254
345.506613055254
345.506613055254
345.506613055254
345.506613055254
345.506613055254
345.506613055254
345.506613055254
345.506613055254
345.506613055254
345.506613055254
345.506613055254
345.506613055254
345.506613055254
345.506613055254
345.506613055254
345.506613055254
345.506613055254
345.506613055254
345.506613055254
345.506613055254
345.506613055254
345.506613055254
345.506613055254
345.506613055254
345.506613055254
345.506613055254
345.506613055254
345.506613055254
345.506613055254
345.506613055254
345.506613055254
345.506613055254
345.506613055254
345.506613055254
345.506613055254
345.506613055254
345.506613055254
345.506613055254
345.506613055254
345.506613055254
345.506613055254
345.506613055254
345.506613055254
345.506613055254
345.506613055254
345.506613055254
345.506613055254
345.506613055254
345.506613055254
345.506613055254
345.506613055254
345.506613055254
345.506613055254
345.506613055254
345.506613055254
345.506613055254
345.506613055254
345.506613055254
345.506613055254
345.506613055254
345.506613055254
345.506613055254
345.506613055254
345.506613055254
345.506613055254
345.506613055254
345.506613055254

ave
436.591775002312
419.423263065965
371.145155688850
384.247083949998
355.221668583497
386.455772536729
400.844447027706
369.492173010094
379.818382687696
350.913406994772
379.461889199295
382.375537337476
365.167642528428
367.676724908010
351.726097738068
348.086834666003
381.243847257556
348.019991658792
348.803081391995
378.924236078392
346.848151377520
378.310960697564
361.729248095584
362.924544262663
345.510048109858
393.262532418845
361.431347616295
345.619524420571
406.416052947448
377.710019735695
345.506613055253
362.228560768790
345.882293003224
360.278035443964
360.477663306724
345.506613055253
360.375169514965
360.762121211758
346.631988333898
345.506613055253
346.276890075071
345.506613055253
360.725240411146
345.506613055253
360.762121211758
345.506613055253
345.510048109858
345.506613055253
345.506613055253
361.793232025899
345.506613055253
345.526899723173
345.506613055253
345.506613055253
345.506613055253
345.506613055253
345.506613055253
360.864615003517
345.506613055253
345.506613055253
346.276890075071
346.583025276451
345.506613055253
345.506613055253
345.506613055253
345.506613055253
345.779799211465
391.460498710476
345.506613055253
345.506613055253
345.506613055253
345.506613055253
345.506613055253
345.510048109858
345.506613055253
345.506613055253
345.506613055253
345.506613055253
345.506613055253
360.664987140758
346.186788249179
345.506613055253
345.506613055253
345.506613055253
345.506613055253
345.506613055253
345.506613055253
345.506613055253
345.506613055253
345.506613055253
345.506613055253
345.506613055253
345.506613055253
345.506613055253
345.506613055253
346.276890075071
345.506613055253
345.506613055253
345.506613055253
345.506613055253
345.506613055253
345.506613055253
345.506613055253
360.864615003517
345.506613055253
345.506613055253
345.506613055253
345.506613055253
345.506613055253
345.619524420571
345.506613055253
345.506613055253
345.506613055253
345.506613055253
345.506613055253
345.506613055253
360.368814865978
345.506613055253
345.506613055253
345.506613055253
345.506613055253
376.120123160022
345.506613055253
345.506613055253
345.506613055253
345.506613055253
345.506613055253
345.506613055253
345.506613055253
345.506613055253
345.506613055253
345.506613055253
345.506613055253
345.506613055253
346.977016255118
345.506613055253
345.779799211465
345.506613055253
345.779799211465
360.368814865978
345.506613055253
345.506613055253
345.506613055253
345.506613055253
345.506613055253
345.506613055253
345.506613055253
345.506613055253
346.276890075071
345.506613055253
345.506613055253
346.136249189480
345.506613055253
345.506613055253
345.950610266302
345.506613055253
345.506613055253
347.007668281869
345.506613055253
345.506613055253
345.506613055253
345.506613055253
376.231380934699
345.506613055253
346.276890075071
377.078736886197
345.506613055253
360.664987140758
345.506613055253
345.506613055253
345.868326968712
345.506613055253
345.506613055253
360.668040614480
345.506613055253
345.892710576782
360.762121211758
345.506613055253
345.506613055253
345.950610266302
345.506613055253
345.506613055253
345.506613055253
345.506613055253
345.506613055253
345.506613055253
345.506613055253
345.882293003224
345.506613055253
345.506613055253
360.762121211758
345.506613055253
345.506613055253
345.506613055253
346.749684686462
345.506613055253
360.664987140758
345.506613055253
345.506613055253
345.506613055253