最优解为:1676.2912
最优解路径:

Best_route =

  1 至 24 列

    21    22    25    18    23    24    14     0     0     0     0     0     0     0     0     0     0     0     0     0     0     0     0     0
     3    17    13     1     9    15    11     0     0     0     0     0     0     0     0     0     0     0     0     0     0     0     0     0
     5    27    28    29    30     6     7     8    16    10     0     0     0     0     0     0     0     0     0     0     0     0     0     0
     0     0     0     0     0     0     0     0     0     0     0     0     0     0     0     0     0     0     0     0     0     0     0     0
     4    19    20     2    26    12     0     0     0     0     0     0     0     0     0     0     0     0     0     0     0     0     0     0

  25 至 31 列

     0     0     0     0     0     0     0
     0     0     0     0     0     0     0
     0     0     0     0     0     0     0
     0     0     0     0     0     0     0
     0     0     0     0     0     0     0

本次运算用时:84.606秒
算法在第468代时收敛

best
1731.67940798861
1731.67940798861
1731.67940798861
1731.67940798861
1731.67940798861
1731.67940798861
1731.67940798861
1731.67940798861
1731.67940798861
1731.67940798861
1731.67940798861
1731.67940798861
1731.67940798861
1731.67940798861
1731.67940798861
1731.67940798861
1731.67940798861
1731.67940798861
1731.67940798861
1731.67940798861
1731.67940798861
1731.67940798861
1731.67940798861
1731.67940798861
1731.67940798861
1731.67940798861
1731.67940798861
1731.67940798861
1731.67940798861
1731.67940798861
1731.67940798861
1731.67940798861
1731.67940798861
1731.67940798861
1731.67940798861
1731.67940798861
1731.67940798861
1731.67940798861
1731.67940798861
1731.67940798861
1731.67940798861
1731.67940798861
1731.67940798861
1731.67940798861
1731.67940798861
1731.67940798861
1731.67940798861
1731.67940798861
1731.67940798861
1731.67940798861
1731.67940798861
1731.67940798861
1731.67940798861
1731.67940798861
1731.67940798861
1731.67940798861
1731.67940798861
1731.67940798861
1731.67940798861
1731.67940798861
1731.67940798861
1731.67940798861
1731.67940798861
1731.67940798861
1731.67940798861
1731.67940798861
1731.67940798861
1731.67940798861
1731.67940798861
1731.67940798861
1731.67940798861
1731.67940798861
1731.67940798861
1731.67940798861
1731.67940798861
1731.67940798861
1731.67940798861
1731.67940798861
1731.67940798861
1731.67940798861
1731.67940798861
1731.67940798861
1731.67940798861
1731.67940798861
1731.67940798861
1731.67940798861
1731.67940798861
1731.67940798861
1731.67940798861
1731.67940798861
1731.67940798861
1731.67940798861
1731.67940798861
1731.67940798861
1731.67940798861
1731.67940798861
1731.67940798861
1731.67940798861
1731.67940798861
1731.67940798861
1731.67940798861
1731.67940798861
1731.67940798861
1731.67940798861
1731.67940798861
1731.67940798861
1731.67940798861
1731.67940798861
1731.67940798861
1731.67940798861
1731.67940798861
1731.67940798861
1731.67940798861
1731.67940798861
1731.67940798861
1731.67940798861
1731.67940798861
1731.67940798861
1731.67940798861
1731.67940798861
1731.67940798861
1731.67940798861
1731.67940798861
1731.67940798861
1731.67940798861
1731.67940798861
1731.67940798861
1731.67940798861
1731.67940798861
1731.67940798861
1731.67940798861
1731.67940798861
1731.67940798861
1731.67940798861
1731.67940798861
1731.67940798861
1731.67940798861
1731.67940798861
1731.67940798861
1731.67940798861
1731.67940798861
1731.67940798861
1731.67940798861
1731.67940798861
1731.67940798861
1731.67940798861
1731.67940798861
1731.67940798861
1731.67940798861
1731.67940798861
1731.67940798861
1731.67940798861
1731.67940798861
1731.67940798861
1731.67940798861
1731.67940798861
1731.67940798861
1731.67940798861
1731.67940798861
1731.67940798861
1729.77145830754
1729.77145830754
1729.77145830754
1729.77145830754
1729.77145830754
1714.35014347547
1714.35014347547
1714.35014347547
1714.35014347547
1714.35014347547
1714.35014347547
1714.35014347547
1714.35014347547
1714.35014347547
1714.35014347547
1714.35014347547
1714.35014347547
1714.35014347547
1714.35014347547
1714.35014347547
1714.35014347547
1714.35014347547
1714.35014347547
1714.35014347547
1714.35014347547
1714.35014347547
1714.35014347547
1714.35014347547
1714.35014347547
1707.20684459626
1707.20684459626
1707.20684459626
1707.20684459626
1707.20684459626
1707.20684459626
1707.20684459626
1707.20684459626
1707.20684459626
1707.20684459626
1707.20684459626
1707.20684459626
1707.20684459626
1707.20684459626
1707.20684459626
1707.20684459626
1707.20684459626
1707.20684459626
1707.20684459626
1707.20684459626
1707.20684459626
1707.20684459626
1707.20684459626
1707.20684459626
1707.20684459626
1707.20684459626
1707.20684459626
1707.20684459626
1694.77102469699
1694.77102469699
1694.77102469699
1694.77102469699
1694.77102469699
1694.77102469699
1694.77102469699
1694.77102469699
1694.77102469699
1694.77102469699
1694.77102469699
1694.77102469699
1694.77102469699
1694.77102469699
1694.77102469699
1694.77102469699
1694.77102469699
1694.77102469699
1694.77102469699
1694.77102469699
1694.77102469699
1694.77102469699
1694.77102469699
1694.77102469699
1694.77102469699
1694.77102469699
1694.77102469699
1694.77102469699
1694.77102469699
1694.77102469699
1694.77102469699
1694.77102469699
1694.77102469699
1694.77102469699
1694.77102469699
1694.77102469699
1694.77102469699
1694.77102469699
1694.77102469699
1694.77102469699
1694.77102469699
1694.77102469699
1694.77102469699
1694.77102469699
1694.77102469699
1694.77102469699
1694.77102469699
1694.77102469699
1694.77102469699
1694.77102469699
1694.77102469699
1694.77102469699
1694.77102469699
1694.77102469699
1694.77102469699
1694.77102469699
1694.77102469699
1694.77102469699
1694.77102469699
1694.77102469699
1694.77102469699
1694.77102469699
1694.77102469699
1694.77102469699
1694.77102469699
1694.77102469699
1694.77102469699
1694.77102469699
1694.77102469699
1694.77102469699
1694.77102469699
1694.77102469699
1694.77102469699
1694.77102469699
1694.77102469699
1694.77102469699
1694.77102469699
1694.77102469699
1694.77102469699
1694.77102469699
1694.77102469699
1694.77102469699
1694.77102469699
1694.77102469699
1694.77102469699
1694.77102469699
1694.77102469699
1694.77102469699
1694.77102469699
1694.77102469699
1694.77102469699
1694.77102469699
1694.77102469699
1694.77102469699
1694.77102469699
1694.77102469699
1694.77102469699
1694.77102469699
1694.77102469699
1694.77102469699
1694.77102469699
1694.77102469699
1694.77102469699
1694.77102469699
1694.77102469699
1694.77102469699
1694.77102469699
1694.77102469699
1694.77102469699
1694.77102469699
1694.77102469699
1694.77102469699
1694.77102469699
1694.77102469699
1694.77102469699
1694.77102469699
1694.77102469699
1694.77102469699
1694.77102469699
1694.77102469699
1694.77102469699
1694.77102469699
1694.77102469699
1694.77102469699
1694.77102469699
1694.77102469699
1694.77102469699
1694.77102469699
1694.77102469699
1694.77102469699
1694.77102469699
1694.77102469699
1694.77102469699
1694.77102469699
1694.77102469699
1694.77102469699
1694.77102469699
1694.77102469699
1694.77102469699
1694.77102469699
1694.77102469699
1694.77102469699
1694.77102469699
1694.77102469699
1694.77102469699
1694.77102469699
1694.77102469699
1694.77102469699
1694.77102469699
1694.77102469699
1694.77102469699
1694.77102469699
1694.77102469699
1694.77102469699
1694.77102469699
1694.77102469699
1694.77102469699
1694.77102469699
1694.77102469699
1694.77102469699
1694.77102469699
1694.77102469699
1694.77102469699
1694.77102469699
1694.77102469699
1694.77102469699
1694.77102469699
1694.77102469699
1694.77102469699
1694.77102469699
1694.77102469699
1694.77102469699
1694.77102469699
1694.77102469699
1694.77102469699
1694.77102469699
1694.77102469699
1694.77102469699
1694.77102469699
1694.77102469699
1694.77102469699
1694.77102469699
1694.77102469699
1694.77102469699
1694.77102469699
1694.77102469699
1694.77102469699
1694.77102469699
1694.77102469699
1694.77102469699
1694.77102469699
1694.77102469699
