最优解为:813.9264
最优解路径:

Best_route =

    15    16    12     6    10     0     0     0     0     0     0     0     0     0     0     0     0
     5    11     3     7     1     9     4     8    13    14     2     0     0     0     0     0     0

本次运算用时:9.813秒
算法在第16代时收敛

best
848.847710965816
843.435366571963
836.979284451294
836.979284451294
826.594851706096
826.594851706096
826.594851706096
826.594851706096
818.278537785166
818.278537785166
818.278537785166
818.278537785166
818.278537785166
818.278537785166
818.278537785166
813.926417996482
813.926417996482
813.926417996482
813.926417996482
813.926417996482
813.926417996482
813.926417996482
813.926417996482
813.926417996482
813.926417996482
813.926417996482
813.926417996482
813.926417996482
813.926417996482
813.926417996482
813.926417996482
813.926417996482
813.926417996482
813.926417996482
813.926417996482
813.926417996482
813.926417996482
813.926417996482
813.926417996482
813.926417996482
813.926417996482
813.926417996482
813.926417996482
813.926417996482
813.926417996482
813.926417996482
813.926417996482
813.926417996482
813.926417996482
813.926417996482
813.926417996482
813.926417996482
813.926417996482
813.926417996482
813.926417996482
813.926417996482
813.926417996482
813.926417996482
813.926417996482
813.926417996482
813.926417996482
813.926417996482
813.926417996482
813.926417996482
813.926417996482
813.926417996482
813.926417996482
813.926417996482
813.926417996482
813.926417996482
813.926417996482
813.926417996482
813.926417996482
813.926417996482
813.926417996482
813.926417996482
813.926417996482
813.926417996482
813.926417996482
813.926417996482
813.926417996482
813.926417996482
813.926417996482
813.926417996482
813.926417996482
813.926417996482
813.926417996482
813.926417996482
813.926417996482
813.926417996482
813.926417996482
813.926417996482
813.926417996482
813.926417996482
813.926417996482
813.926417996482
813.926417996482
813.926417996482
813.926417996482
813.926417996482
813.926417996482
813.926417996482
813.926417996482
813.926417996482
813.926417996482
813.926417996482
813.926417996482
813.926417996482
813.926417996482
813.926417996482
813.926417996482
813.926417996482
813.926417996482
813.926417996482
813.926417996482
813.926417996482
813.926417996482
813.926417996482
813.926417996482
813.926417996482
813.926417996482
813.926417996482
813.926417996482
813.926417996482
813.926417996482
813.926417996482
813.926417996482
813.926417996482
813.926417996482
813.926417996482
813.926417996482
813.926417996482
813.926417996482
813.926417996482
813.926417996482
813.926417996482
813.926417996482
813.926417996482
813.926417996482
813.926417996482
813.926417996482
813.926417996482
813.926417996482
813.926417996482
813.926417996482
813.926417996482
813.926417996482
813.926417996482
813.926417996482
813.926417996482
813.926417996482
813.926417996482
813.926417996482
813.926417996482
813.926417996482
813.926417996482
813.926417996482
813.926417996482
813.926417996482
813.926417996482
813.926417996482
813.926417996482
813.926417996482
813.926417996482
813.926417996482
813.926417996482
813.926417996482
813.926417996482
813.926417996482
813.926417996482
813.926417996482
813.926417996482
813.926417996482
813.926417996482
813.926417996482
813.926417996482
813.926417996482
813.926417996482
813.926417996482
813.926417996482
813.926417996482
813.926417996482
813.926417996482
813.926417996482
813.926417996482
813.926417996482
813.926417996482
813.926417996482
813.926417996482
813.926417996482
813.926417996482
813.926417996482
813.926417996482
813.926417996482
813.926417996482
813.926417996482
813.926417996482
813.926417996482
813.926417996482
813.926417996482

ave
900.894914735166
904.929658837562
908.189590748463
902.521513933087
897.280674131421
907.425859642309
905.529517394644
889.685903970121
907.693308572908
914.254616010811
893.383476228750
900.614771856898
888.991872217034
893.245968514244
900.317571352826
892.767880326458
894.265916154094
890.661734529916
886.149005451219
895.812981359902
886.444446723631
879.531548654225
879.461195961180
872.906078029667
872.414900529056
888.873577406098
874.647567333709
881.758505938328
882.145853848087
866.621267446026
874.698479638120
876.374009898667
868.893561059784
877.692046617831
874.263265568092
877.458477299637
868.983741015408
865.620155606459
863.387991494318
872.927612938967
866.338242272989
870.057880163397
862.547626127440
865.890394235801
870.429173723315
872.847159146645
878.465785540995
862.730708251271
866.504954476955
862.057280298905
862.484987493852
862.099920821637
871.218965287863
862.397830988340
862.915339584146
861.928257578020
864.938256479224
867.276632794341
865.057730313557
872.901261914720
862.271584065254
868.098338196225
867.331062072860
864.138950703734
867.268423439271
861.928257578020
861.928257578020
864.886067069940
861.980446987304
867.770108110375
862.166304908934
861.980446987304
869.692722799442
871.476657383307
861.928257578020
867.803154348135
875.549237442790
864.938256479224
864.509496762663
859.839575902903
869.471539708157
862.226167744723
865.240373696974
861.928257578020
862.627267366312
866.437003140819
864.812298618455
868.088905127713
866.437003140819
864.759208871419
861.928257578020
869.765358691667
874.313725377030
861.990896211608
861.928257578020
870.727917602295
869.422643837460
864.886067069940
867.552739483910
864.886067069940
864.886067069940
864.886067069940
871.733188947856
862.767936545946
875.344106665820
864.691609230584
861.928257578020
864.897534265499
864.886067069940
870.754010573679
866.437003140819
867.729385896649
864.777042459911
864.886067069940
873.529738097203
864.886067069940
870.141530663251
864.436860870437
864.812298618455
869.445585735075
867.022991744169
861.928257578020
863.977736684421
861.928257578020
867.593461697635
867.770108110375
880.346248159646
864.886067069940
864.886067069940
862.099920821637
861.928257578020
862.399947848250
865.506325237625
864.855794080518
864.868233481448
861.928257578020
861.928257578020
861.928257578020
872.992141218716
862.397830988340
861.980446987304
864.886067069940
866.787102716806
867.118676615517
869.783103611060
867.370063685112
865.267422964056
861.928257578020
862.099920821637
861.928257578020
864.812298618455
866.911389887244
864.845344856214
871.233789006494
867.843876561860
861.928257578020
865.377302516739
868.881998143738
865.057730313557
875.744096149279
869.765358691667
864.138950703734
864.983961862072
867.426584040858
864.886067069940
861.928257578020
873.903558195538
861.980446987304
861.928257578020
872.245439048171
862.548515745705
862.089471597333
861.928257578020
861.928257578020
862.548515745705
872.311899910933
861.928257578020
864.812298618455
866.437003140819
868.134113302059
865.079646733420
864.812298618455
866.807549199747
864.864488027739
861.928257578020
868.551378528812
862.600705154989
876.067462891220
866.437003140819
864.321063171655
864.886067069940
861.928257578020
861.928257578020
862.548515745705
861.928257578020
869.394812632739
861.928257578020
864.886067069940
861.928257578020
870.945748703617