最优解为:365.9763
最优解路径:

Best_route =

    13     1     7     2     9     4    10    14     3    12     5     6    15     8    11     0
     0     0     0     0     0     0     0     0     0     0     0     0     0     0     0     0
     0     0     0     0     0     0     0     0     0     0     0     0     0     0     0     0
     0     0     0     0     0     0     0     0     0     0     0     0     0     0     0     0

本次运算用时:9.078秒
算法在第29代时收敛

best
675.425055753212
372.281450733049
372.281450733049
371.649497599274
371.649497599274
371.649497599274
371.548747020821
371.548747020821
371.548747020821
371.548747020821
371.548747020821
371.548747020821
371.548747020821
371.548747020821
367.983497289473
367.983497289473
367.983497289473
367.983497289473
367.983497289473
367.983497289473
367.983497289473
367.983497289473
367.983497289473
367.983497289473
367.983497289473
367.983497289473
367.983497289473
367.983497289473
365.976256754705
365.976256754705
365.976256754705
365.976256754705
365.976256754705
365.976256754705
365.976256754705
365.976256754705
365.976256754705
365.976256754705
365.976256754705
365.976256754705
365.976256754705
365.976256754705
365.976256754705
365.976256754705
365.976256754705
365.976256754705
365.976256754705
365.976256754705
365.976256754705
365.976256754705
365.976256754705
365.976256754705
365.976256754705
365.976256754705
365.976256754705
365.976256754705
365.976256754705
365.976256754705
365.976256754705
365.976256754705
365.976256754705
365.976256754705
365.976256754705
365.976256754705
365.976256754705
365.976256754705
365.976256754705
365.976256754705
365.976256754705
365.976256754705
365.976256754705
365.976256754705
365.976256754705
365.976256754705
365.976256754705
365.976256754705
365.976256754705
365.976256754705
365.976256754705
365.976256754705
365.976256754705
365.976256754705
365.976256754705
365.976256754705
365.976256754705
365.976256754705
365.976256754705
365.976256754705
365.976256754705
365.976256754705
365.976256754705
365.976256754705
365.976256754705
365.976256754705
365.976256754705
365.976256754705
365.976256754705
365.976256754705
365.976256754705
365.976256754705
365.976256754705
365.976256754705
365.976256754705
365.976256754705
365.976256754705
365.976256754705
365.976256754705
365.976256754705
365.976256754705
365.976256754705
365.976256754705
365.976256754705
365.976256754705
365.976256754705
365.976256754705
365.976256754705
365.976256754705
365.976256754705
365.976256754705
365.976256754705
365.976256754705
365.976256754705
365.976256754705
365.976256754705
365.976256754705
365.976256754705
365.976256754705
365.976256754705
365.976256754705
365.976256754705
365.976256754705
365.976256754705
365.976256754705
365.976256754705
365.976256754705
365.976256754705
365.976256754705
365.976256754705
365.976256754705
365.976256754705
365.976256754705
365.976256754705
365.976256754705
365.976256754705
365.976256754705
365.976256754705
365.976256754705
365.976256754705
365.976256754705
365.976256754705
365.976256754705
365.976256754705
365.976256754705
365.976256754705
365.976256754705
365.976256754705
365.976256754705
365.976256754705
365.976256754705
365.976256754705
365.976256754705
365.976256754705
365.976256754705
365.976256754705
365.976256754705
365.976256754705
365.976256754705
365.976256754705
365.976256754705
365.976256754705
365.976256754705
365.976256754705
365.976256754705
365.976256754705
365.976256754705
365.976256754705
365.976256754705
365.976256754705
365.976256754705
365.976256754705
365.976256754705
365.976256754705
365.976256754705
365.976256754705
365.976256754705
365.976256754705
365.976256754705
365.976256754705
365.976256754705
365.976256754705
365.976256754705
365.976256754705
365.976256754705
365.976256754705
365.976256754705
365.976256754705
365.976256754705
365.976256754705
365.976256754705
365.976256754705

ave
742.009506674827
662.500394745504
663.008792972334
662.163041976047
653.987098403622
597.662343478576
643.018774612460
646.575861631102
625.412872861661
551.356372699045
612.818341008280
547.131552723808
575.251288648703
501.743883554650
453.970993355946
545.264902469123
591.038231196009
483.156378479929
499.793441647304
515.233204196605
526.692302221487
481.911881040696
500.168226179964
542.779958479798
538.079142962048
541.455688901386
571.586983389887
461.640677716972
479.086330737124
507.051211563219
508.028004382487
461.976072932408
417.140785177625
492.783719487130
474.707623497815
518.609489804617
473.805349922419
490.969480353043
458.562763146676
427.312006973946
460.702058994824
458.460690545939
412.031690452456
442.890765267613
396.667733499554
382.881914349150
398.535452419875
412.697260942353
397.173792930216
396.978787696285
396.744726221856
366.076618781443
381.022672182584
396.530704083501
381.804122752062
381.022672182584
381.176939865686
442.477800372396
396.945704870097
366.420449984043
365.976256754705
396.860950445443
381.283564602146
381.992273364305
397.100947068779
365.976256754705
381.207157433351
396.701312846999
365.976256754705
366.300441176951
396.536766023197
381.283564602146
397.548066018227
381.207157433351
381.313708916023
365.976256754705
365.976256754705
366.420449984043
381.283564602146
381.285838196577
365.976256754705
366.627554432331
365.976256754705
365.976256754705
397.599168000371
365.976256754705
365.976256754705
365.976256754705
365.976256754705
365.976256754705
365.976256754705
381.113832823528
381.025330481792
381.863049228692
365.976256754705
382.278915322416
366.857356851256
365.976256754705
366.569679180312
365.976256754705
365.976256754705
381.301529081018
365.976256754705
365.976256754705
365.976256754705
365.976256754705
365.976256754705
398.304410345188
365.976256754705
398.259993550224
365.976256754705
366.335897821018
365.976256754705
381.842570086131
366.745919235213
411.061099279011
380.922310155846
365.976256754705
366.176754308776
365.976256754705
365.976256754705
366.166971613162
365.976256754705
365.976256754705
366.817010291121
366.601335470862
365.976256754705
380.974907061394
382.145539993444
366.335897821018
365.976256754705
397.882887083883
396.624402733882
365.976256754705
367.175018616437
381.726836989385
382.061105440186
365.976256754705
365.976256754705
396.423414265400
382.185019397111
367.421370233846
366.120049970825
365.976256754705
381.586695074265
365.976256754705
365.976256754705
397.902194177024
365.976256754705
365.976256754705
397.235430638130
381.216045340250
365.976256754705
366.698400846968
366.613133023833
365.976256754705
366.511872974744
366.327103599286
365.976256754705
381.301529081018
381.034941448421
365.976256754705
412.758434108069
382.750083133660
365.976256754705
367.902636178884
381.353033935651
365.976256754705
365.976256754705
365.976256754705
365.976256754705
382.511928218026
380.692684184291
366.120049970825
365.976256754705
381.940153708700
365.976256754705
365.976256754705
366.502225130571
366.426696573986
381.742712000640
366.971278210805
396.775235128530
398.085749670159
365.976256754705
365.976256754705
365.976256754705
365.976256754705
381.176939865686
365.976256754705
365.976256754705
365.976256754705
382.217556142990
365.976256754705
365.976256754705
366.524374072054
365.976256754705
381.285838196577
365.976256754705
381.230464522758