最优解为:628.6911
最优解路径:

Best_route =

     9    14     3     6     5     8    11     2     7     0     0     0     0     0     0     0
     0     0     0     0     0     0     0     0     0     0     0     0     0     0     0     0
     0     0     0     0     0     0     0     0     0     0     0     0     0     0     0     0
    13    12    15     4    10     1     0     0     0     0     0     0     0     0     0     0

本次运算用时:8.757秒
算法在第20代时收敛

best
635.075248450034
632.657500698142
632.657500698142
632.657500698142
632.657500698142
632.657500698142
632.657500698142
631.626277685588
630.740649357615
630.740649357615
630.740649357615
630.740649357615
630.740649357615
630.740649357615
630.740649357615
630.740649357615
630.740649357615
630.740649357615
630.740649357615
628.691104905396
628.691104905396
628.691104905396
628.691104905396
628.691104905396
628.691104905396
628.691104905396
628.691104905396
628.691104905396
628.691104905396
628.691104905396
628.691104905396
628.691104905396
628.691104905396
628.691104905396
628.691104905396
628.691104905396
628.691104905396
628.691104905396
628.691104905396
628.691104905396
628.691104905396
628.691104905396
628.691104905396
628.691104905396
628.691104905396
628.691104905396
628.691104905396
628.691104905396
628.691104905396
628.691104905396
628.691104905396
628.691104905396
628.691104905396
628.691104905396
628.691104905396
628.691104905396
628.691104905396
628.691104905396
628.691104905396
628.691104905396
628.691104905396
628.691104905396
628.691104905396
628.691104905396
628.691104905396
628.691104905396
628.691104905396
628.691104905396
628.691104905396
628.691104905396
628.691104905396
628.691104905396
628.691104905396
628.691104905396
628.691104905396
628.691104905396
628.691104905396
628.691104905396
628.691104905396
628.691104905396
628.691104905396
628.691104905396
628.691104905396
628.691104905396
628.691104905396
628.691104905396
628.691104905396
628.691104905396
628.691104905396
628.691104905396
628.691104905396
628.691104905396
628.691104905396
628.691104905396
628.691104905396
628.691104905396
628.691104905396
628.691104905396
628.691104905396
628.691104905396
628.691104905396
628.691104905396
628.691104905396
628.691104905396
628.691104905396
628.691104905396
628.691104905396
628.691104905396
628.691104905396
628.691104905396
628.691104905396
628.691104905396
628.691104905396
628.691104905396
628.691104905396
628.691104905396
628.691104905396
628.691104905396
628.691104905396
628.691104905396
628.691104905396
628.691104905396
628.691104905396
628.691104905396
628.691104905396
628.691104905396
628.691104905396
628.691104905396
628.691104905396
628.691104905396
628.691104905396
628.691104905396
628.691104905396
628.691104905396
628.691104905396
628.691104905396
628.691104905396
628.691104905396
628.691104905396
628.691104905396
628.691104905396
628.691104905396
628.691104905396
628.691104905396
628.691104905396
628.691104905396
628.691104905396
628.691104905396
628.691104905396
628.691104905396
628.691104905396
628.691104905396
628.691104905396
628.691104905396
628.691104905396
628.691104905396
628.691104905396
628.691104905396
628.691104905396
628.691104905396
628.691104905396
628.691104905396
628.691104905396
628.691104905396
628.691104905396
628.691104905396
628.691104905396
628.691104905396
628.691104905396
628.691104905396
628.691104905396
628.691104905396
628.691104905396
628.691104905396
628.691104905396
628.691104905396
628.691104905396
628.691104905396
628.691104905396
628.691104905396
628.691104905396
628.691104905396
628.691104905396
628.691104905396
628.691104905396
628.691104905396
628.691104905396
628.691104905396
628.691104905396
628.691104905396
628.691104905396
628.691104905396
628.691104905396
628.691104905396
628.691104905396
628.691104905396
628.691104905396
628.691104905396
628.691104905396
628.691104905396

ave
711.035832085365
643.501007406393
688.550193957593
675.343493536633
660.372558040211
658.192282284712
660.738604129478
657.665838960875
640.378910778230
643.753275837560
658.642856163839
684.283997597227
638.227692031803
656.724906682825
640.184739095048
681.660449307625
683.261171090294
698.898520022169
636.226297892999
666.080483589294
667.051023528499
667.202030083890
649.066411527458
667.364604969135
682.065853546321
635.127117967974
664.994443308002
649.108574234424
650.405106833838
695.610054251886
649.904753976185
678.746985674582
665.520957687125
632.452403353467
649.503083322411
630.622856183263
676.881589377951
661.096467775605
677.414487398999
646.034008702101
631.959329237737
631.106991379916
630.989585661337
661.105791682357
646.855586226569
631.439537599512
632.139016233420
646.150496614205
629.315687704203
660.020865764985
629.956372440990
644.841553224985
645.978897612201
660.649001576935
632.226132912299
629.168369792348
631.218793262379
629.293728034866
630.270029489463
643.837786347268
644.078078013476
629.075396037995
629.294526860192
644.628137179487
645.296425780051
659.956688279293
629.323368063988
628.731780811320
628.876036004864
644.309191925865
629.150456203081
645.706865638843
630.665776380316
630.682047900148
629.101036508315
628.709183095001
629.367347487611
630.092514576616
645.048145479277
631.009362483549
629.592495851124
629.590164070719
659.571263816392
629.834153198919
644.896100991366
629.087493500107
644.542984152771
630.354334530085
629.039689342944
629.309191925865
659.571263816392
629.405902285937
629.509252239696
644.168240564871
630.161968928767
630.713877681420
659.351842661102
631.245143442708
644.906602251007
629.723177159342
660.500969109536
644.214521759515
631.223902280106
644.920621753717
628.863843844618
629.214381169838
630.076837318998
630.446312719504
630.674869384911
645.443063113589
630.432922202634
631.329150552438
628.709183095001
629.075396037995
644.093474227599
632.869873651257
628.831187120039
645.037700560104
630.771406319702
630.767693633652
674.374850231142
629.241874040268
628.691104905396
629.642451315194
629.939755452163
629.558925966346
647.429008687754
644.954546254241
629.459687170593
629.341296520592
644.075997992656
629.315687704203
630.936463833206
644.519242509169
630.572683680448
645.411945704001
629.189251376571
644.963124209943
629.582516131413
629.093474227599
629.414879845694
630.046743914953
630.632139778974
629.135531858603
628.808590185406
628.709183095001
630.100206914156
629.207795162024
628.727261284606
629.388273780491
659.000544307115
629.551547067817
630.811940096258
629.166147087522
629.189251376571
629.633926246716
628.863843844618
629.309191925865
629.950422719723
629.950033713296
628.691104905396
644.868854174078
629.148068897917
629.389289924334
659.507496784570
629.287038763093
630.238155465809
630.482938971103
644.612446295046
629.208611734440
629.847415769181
644.669429784547
629.021611153339
644.501258353056
629.806831824309
631.022158150046
630.196777868291
645.074006107217
631.075979168197
628.931396571604
628.691104905396
629.171173186967
629.171173186966
643.902995038096
630.035908911735
629.302578725471
630.021115816402
630.504879218147
629.748046034978
629.757244657566
630.283672902868
628.709183095001
630.051332097962
629.194399715224
645.020258626220
629.629943580396
629.363513133350
629.674418374130
646.119300601837
629.098391379326