最优解为:325.2469
最优解路径:

Best_route =

     2     4     3     1     0
     0     0     0     0     0

本次运算用时:1.093秒
算法在第1代时收敛

best
325.246938541397
325.246938541397
325.246938541397
325.246938541397
325.246938541397
325.246938541397
325.246938541397
325.246938541397
325.246938541397
325.246938541397
325.246938541397
325.246938541397
325.246938541397
325.246938541397
325.246938541397
325.246938541397
325.246938541397
325.246938541397
325.246938541397
325.246938541397
325.246938541397
325.246938541397
325.246938541397
325.246938541397
325.246938541397
325.246938541397
325.246938541397
325.246938541397
325.246938541397
325.246938541397
325.246938541397
325.246938541397
325.246938541397
325.246938541397
325.246938541397
325.246938541397
325.246938541397
325.246938541397
325.246938541397
325.246938541397
325.246938541397
325.246938541397
325.246938541397
325.246938541397
325.246938541397
325.246938541397
325.246938541397
325.246938541397
325.246938541397
325.246938541397
325.246938541397
325.246938541397
325.246938541397
325.246938541397
325.246938541397
325.246938541397
325.246938541397
325.246938541397
325.246938541397
325.246938541397
325.246938541397
325.246938541397
325.246938541397
325.246938541397
325.246938541397
325.246938541397
325.246938541397
325.246938541397
325.246938541397
325.246938541397
325.246938541397
325.246938541397
325.246938541397
325.246938541397
325.246938541397
325.246938541397
325.246938541397
325.246938541397
325.246938541397
325.246938541397
325.246938541397
325.246938541397
325.246938541397
325.246938541397
325.246938541397
325.246938541397
325.246938541397
325.246938541397
325.246938541397
325.246938541397
325.246938541397
325.246938541397
325.246938541397
325.246938541397
325.246938541397
325.246938541397
325.246938541397
325.246938541397
325.246938541397
325.246938541397

ave
326.429262884403
340.556818094149
325.596977746549
326.364125941508
340.950845457130
325.726732439936
325.857013025512
340.529962513874
340.781858064833
325.336445965775
340.806412339874
326.019451443107
325.425339851142
340.609669085422
325.548016879742
325.807474433304
355.126694524065
325.404818321452
325.663703890376
325.460571992975
325.404810840507
325.551448250076
325.557610289397
325.415980526060
325.252252957135
325.327086640693
325.473489965689
325.330518011027
325.336445965775
340.217714489977
340.202499895080
355.035311535229
325.246938541398
340.132379252242
340.141125038313
325.391892867794
355.026565749158
325.246938541398
325.391892867794
325.391892867794
355.039483721872
325.246938541398
325.246938541398
340.132379252242
325.330518011027
325.246938541398
325.468175549952
325.323221223556
325.246938541398
325.246938541398
325.246938541398
325.246938541398
340.132379252242
325.246938541398
325.246938541398
325.246938541398
325.246938541398
325.246938541398
325.246938541398
325.246938541398
325.246938541398
325.246938541398
325.246938541398
325.246938541398
325.246938541398
325.246938541398
325.391892867794
340.202499895080
340.132379252242
325.246938541398
325.246938541398
325.246938541398
325.246938541398
325.246938541398
325.246938541398
325.246938541398
325.246938541398
325.246938541398
325.246938541398
325.246938541398
325.246938541398
325.246938541398
325.246938541398
325.246938541398
325.246938541398
325.246938541398
325.246938541398
325.246938541398
325.391892867794
325.246938541398
325.246938541398
325.246938541398
325.246938541398
325.246938541398
340.141125038313
325.246938541398
325.246938541398
325.246938541398
325.246938541398
340.202499895080