最优解为:308.1956
最优解路径:

Best_route =

     0     0     0     0     0
     3     2     1     4     0

本次运算用时:1.015秒
算法在第28代时收敛

best
311.110395553359
311.110395553359
311.110395553359
311.110395553359
311.110395553359
311.110395553359
311.110395553359
311.110395553359
311.110395553359
311.110395553359
311.110395553359
311.110395553359
311.110395553359
311.110395553359
311.110395553359
311.110395553359
311.110395553359
311.110395553359
311.110395553359
311.110395553359
311.110395553359
311.110395553359
311.110395553359
311.110395553359
311.110395553359
311.110395553359
311.110395553359
308.195558376426
308.195558376426
308.195558376426
308.195558376426
308.195558376426
308.195558376426
308.195558376426
308.195558376426
308.195558376426
308.195558376426
308.195558376426
308.195558376426
308.195558376426
308.195558376426
308.195558376426
308.195558376426
308.195558376426
308.195558376426
308.195558376426
308.195558376426
308.195558376426
308.195558376426
308.195558376426
308.195558376426
308.195558376426
308.195558376426
308.195558376426
308.195558376426
308.195558376426
308.195558376426
308.195558376426
308.195558376426
308.195558376426
308.195558376426
308.195558376426
308.195558376426
308.195558376426
308.195558376426
308.195558376426
308.195558376426
308.195558376426
308.195558376426
308.195558376426
308.195558376426
308.195558376426
308.195558376426
308.195558376426
308.195558376426
308.195558376426
308.195558376426
308.195558376426
308.195558376426
308.195558376426
308.195558376426
308.195558376426
308.195558376426
308.195558376426
308.195558376426
308.195558376426
308.195558376426
308.195558376426
308.195558376426
308.195558376426
308.195558376426
308.195558376426
308.195558376426
308.195558376426
308.195558376426
308.195558376426
308.195558376426
308.195558376426
308.195558376426
308.195558376426

ave
311.933657691908
326.331625470648
311.309779490715
311.163006913184
326.063961497361
311.217306913184
311.147493029726
326.226599110336
311.186892685278
311.117692340830
311.139889472749
325.972257251489
311.226292340830
311.226599110335
311.233895897807
311.233895897807
311.172299110336
311.179595897807
311.125295897807
311.171992340830
326.078292685278
311.179595897807
311.117692340830
311.110395553359
311.179595897807
311.164695553359
311.132899454783
310.964653694512
326.117692340830
311.164695553359
311.110395553359
311.110395553359
311.164695553359
326.056095553359
311.117999110336
311.110395553359
311.110395553359
311.117999110336
311.110395553359
311.110395553359
311.110395553359
311.110395553359
311.110395553359
311.110395553359
311.110395553359
311.110395553359
311.110395553359
311.110395553359
311.110395553359
311.110395553359
311.110395553359
311.110395553359
311.110395553359
311.110395553359
311.110395553359
326.110395553359
311.110395553359
311.110395553359
311.110395553359
311.110395553359
311.110395553359
311.110395553359
311.110395553359
311.110395553359
311.110395553359
311.110395553359
311.110395553359
311.110395553359
311.110395553359
311.110395553359
311.110395553359
311.110395553359
311.110395553359
311.110395553359
311.110395553359
311.110395553359
311.110395553359
311.110395553359
311.110395553359
311.110395553359
311.110395553359
311.110395553359
311.110395553359
326.056095553359
311.110395553359
311.110395553359
311.110395553359
311.110395553359
326.056095553359
311.110395553359
311.110395553359
311.110395553359
326.110395553359
311.110395553359
311.110395553359
311.110395553359
311.110395553359
311.110395553359
311.110395553359
311.110395553359