实验环境：
VeiNum = 2
Q_ant = 130
AntNum = 20 
iter_max = 200

抽取的客户节点编号为

Cus_select =

    42    79    18    53    92    52    56    62    61    51

各任务对应的的客户节点编号为

Task_Cus =

    42    79    18    53    92    52    56    62    61    51

cus：
35	35
35	35
35	35
24	12
57	48
20	40
37	31
22	22
27	43
53	12
24	58
12	24
49	58


task：
3	4	3	0	1
4	2	4	1	0
3	5	3	0	1
5	2	4	3	0
2	6	1	0	1
6	3	2	5	0
3	7	3	0	1
7	2	4	7	0
2	8	1	0	1
8	3	2	9	0
2	9	1	0	1
9	3	2	11	0
3	10	3	0	1
10	2	4	13	0
2	11	1	0	1
11	3	2	15	0
2	12	1	0	1
12	3	2	17	0
3	13	3	0	1
13	2	4	19	0


linktime
0	1.13737743919910	0.637377439199098	1.13884661695903	0.638846616959032	0	0.395284707521047	0.611803398874990	0.111803398874990	0	0.459619407771256	0	0.282842712474619	1.23015409332551	0.730154093325512	0	0.637377439199098	0	0.637377439199098	1.17314560089181	0.673145600891813
0.637377439199098	1.94142154506486	0	1.94289072282480	1.22091154470748	0.804044105865765	0.707106781186548	1.41584750474075	0.575543221661067	0.804044105865765	0.254950975679639	0.804044105865765	0.778620575119872	2.03419819919128	0.725000000000000	0.804044105865765	1.15000000000000	0.804044105865765	0.424264068711929	1.97718970675758	1.30886401127084
0	1.13737743919910	0.804044105865765	1.13884661695903	0.805513283625699	0	0.561951374187714	0.611803398874990	0.278470065541656	0	0.626286074437923	0	0.449509379141286	1.23015409332551	0.896820759992178	0	0.804044105865765	0	0.804044105865765	1.17314560089181	0.839812267558480
0.638846616959032	1.94289072282480	1.22091154470748	1.94435990058473	0	0.805513283625699	0.946374661537385	1.41731668250069	0.656220237420334	0.805513283625699	1.09001146782958	0.805513283625699	0.760345316287278	2.03566737695121	0.905538513813742	0.805513283625699	0.862046982478333	0.805513283625699	1.27500000000000	1.97865888451751	0.320156211871642
0	1.13737743919910	0.804044105865765	1.13884661695903	0.805513283625699	0	0.561951374187714	0.611803398874990	0.278470065541656	0	0.626286074437923	0	0.449509379141286	1.23015409332551	0.896820759992178	0	0.804044105865765	0	0.804044105865765	1.17314560089181	0.839812267558480
0.395284707521047	1.69932881338681	0.707106781186548	1.70079799114675	0.946374661537385	0.561951374187714	0	1.17375477306270	0.480884601541784	0.561951374187714	18.1107702762748	0.561951374187714	7.61577310586391	1.79210546751323	1.08195425041912	0.561951374187714	18.4390889145858	0.561951374187714	17.8885438199983	1.73509697507953	0.853302408293801
0.895284707521048	0.707106781186548	1.69932881338681	0.946374661537385	1.70079799114675	0.895284707521048	1.45723608170876	0.480884601541784	1.17375477306270	0.895284707521048	1.52157078195897	0.895284707521048	1.34479408666233	1.08195425041912	1.79210546751323	0.895284707521048	1.69932881338681	0.895284707521048	1.69932881338681	0.853302408293801	1.73509697507953
0.111803398874990	1.41584750474075	0.575543221661067	1.41731668250069	0.656220237420334	0.278470065541656	0.480884601541784	0.890273464416646	0	0.278470065541656	0.437321392113398	0.278470065541656	0.390512483795333	1.50862415886717	0.620987117418711	0.278470065541656	0.749166203188585	0.278470065541656	0.649037749287359	1.45161566643347	0.738664335134708
0	1.13737743919910	0.804044105865765	1.13884661695903	0.805513283625699	0	0.561951374187714	0.611803398874990	0.278470065541656	0	0.626286074437923	0	0.449509379141286	1.23015409332551	0.896820759992178	0	0.804044105865765	0	0.804044105865765	1.17314560089181	0.839812267558480
0.459619407771256	1.76366351363702	0.254950975679639	1.76513269139695	1.09001146782958	0.626286074437923	18.1107702762748	1.23808947331291	0.437321392113398	0.626286074437923	0	0.626286074437923	21.5870331449229	1.85644016776343	0.814324873745117	0.626286074437923	36.0555127546399	0.626286074437923	10.1980390271856	1.79943167532974	1.12500000000000
0.959619407771256	0.254950975679639	1.76366351363702	1.09001146782958	1.76513269139695	0.959619407771256	1.52157078195897	0.437321392113398	1.23808947331291	0.959619407771256	1.58590548220918	0.959619407771256	1.40912878691254	0.814324873745117	1.85644016776343	0.959619407771256	1.76366351363702	0.959619407771256	1.76366351363702	1.12500000000000	1.79943167532974
0.282842712474619	1.58688681834038	0.778620575119872	1.58835599610032	0.760345316287278	0.449509379141286	7.61577310586391	1.06131277801628	0.390512483795333	0.449509379141286	21.5870331449229	0.449509379141286	0	1.67966347246680	1.01149641620720	0.449509379141286	15.2970585407784	0.449509379141286	24.2074368738204	1.62265498003310	0.665676347784717
0.782842712474619	0.778620575119872	1.58688681834038	0.760345316287278	1.58835599610032	0.782842712474619	1.34479408666233	0.390512483795333	1.06131277801628	0.782842712474619	1.40912878691254	0.782842712474619	1.23235209161590	1.01149641620720	1.67966347246680	0.782842712474619	1.58688681834038	0.782842712474619	1.58688681834038	0.665676347784717	1.62265498003310
0.730154093325512	2.03419819919128	0.725000000000000	2.03566737695121	0.905538513813742	0.896820759992178	1.08195425041912	1.50862415886717	0.620987117418711	0.896820759992178	0.814324873745117	0.896820759992178	1.01149641620720	2.12697485331769	0	0.896820759992178	1.35945761243225	0.896820759992178	1.06800046816469	2.06996636088399	1.15433963806152
0	1.13737743919910	0.804044105865765	1.13884661695903	0.805513283625699	0	0.561951374187714	0.611803398874990	0.278470065541656	0	0.626286074437923	0	0.449509379141286	1.23015409332551	0.896820759992178	0	0.804044105865765	0	0.804044105865765	1.17314560089181	0.839812267558480
0.637377439199098	1.94142154506486	1.15000000000000	1.94289072282480	0.862046982478333	0.804044105865765	18.4390889145858	1.41584750474075	0.749166203188585	0.804044105865765	36.0555127546399	0.804044105865765	15.2970585407784	2.03419819919128	1.35945761243225	0.804044105865765	0	0.804044105865765	36.0555127546399	1.97718970675758	0.625000000000000
1.13737743919910	1.15000000000000	1.94142154506486	0.862046982478333	1.94289072282480	1.13737743919910	1.69932881338681	0.749166203188585	1.41584750474075	1.13737743919910	1.76366351363702	1.13737743919910	1.58688681834038	1.35945761243225	2.03419819919128	1.13737743919910	1.94142154506486	1.13737743919910	1.94142154506486	0.625000000000000	1.97718970675758
0.637377439199098	1.94142154506486	0.424264068711929	1.94289072282480	1.27500000000000	0.804044105865765	17.8885438199983	1.41584750474075	0.649037749287359	0.804044105865765	10.1980390271856	0.804044105865765	24.2074368738204	2.03419819919128	1.06800046816469	0.804044105865765	36.0555127546399	0.804044105865765	0	1.97718970675758	1.25623445264011
1.13737743919910	0.424264068711929	1.94142154506486	1.27500000000000	1.94289072282480	1.13737743919910	1.69932881338681	0.649037749287359	1.41584750474075	1.13737743919910	1.76366351363702	1.13737743919910	1.58688681834038	1.06800046816469	2.03419819919128	1.13737743919910	1.94142154506486	1.13737743919910	1.94142154506486	1.25623445264011	1.97718970675758
0.673145600891813	1.97718970675758	1.30886401127084	1.97865888451751	0.320156211871642	0.839812267558480	0.853302408293801	1.45161566643347	0.738664335134708	0.839812267558480	1.12500000000000	0.839812267558480	0.665676347784717	2.06996636088399	1.15433963806152	0.839812267558480	0.625000000000000	0.839812267558480	1.25623445264011	2.01295786845029	0
0	1.13737743919910	0.804044105865765	1.13884661695903	0.805513283625699	0	0.561951374187714	0.611803398874990	0.278470065541656	0	0.626286074437923	0	0.449509379141286	1.23015409332551	0.896820759992178	0	0.804044105865765	0	0.804044105865765	1.17314560089181	0.839812267558480


tasktime
0
0.166666666666667
1.30404410586576
0.166666666666667
1.30551328362570
1.06195137418771
0.166666666666667
0.166666666666667
0.778470065541656
1.12628607443792
0.166666666666667
0.949509379141286
0.166666666666667
0.166666666666667
1.39682075999218
1.30404410586577
0.166666666666667
1.30404410586577
0.166666666666667
0.166666666666667
1.33981226755848


1
4	2	4	0	0
5	2	4	0	0
2	6	1	0	1
7	2	4	0	0
2	8	1	0	1
2	9	1	0	1
