最优解为:550.7746
最优解路径:

Best_route =

    11     5     6     3     4     9    10     7    12     8     1     2     0
     0     0     0     0     0     0     0     0     0     0     0     0     0

本次运算用时:5.53秒
算法在第1代时收敛

best
550.774588679765
550.774588679765
550.774588679765
550.774588679765
550.774588679765
550.774588679765
550.774588679765
550.774588679765
550.774588679765
550.774588679765
550.774588679765
550.774588679765
550.774588679765
550.774588679765
550.774588679765
550.774588679765
550.774588679765
550.774588679765
550.774588679765
550.774588679765
550.774588679765
550.774588679765
550.774588679765
550.774588679765
550.774588679765
550.774588679765
550.774588679765
550.774588679765
550.774588679765
550.774588679765
550.774588679765
550.774588679765
550.774588679765
550.774588679765
550.774588679765
550.774588679765
550.774588679765
550.774588679765
550.774588679765
550.774588679765
550.774588679765
550.774588679765
550.774588679765
550.774588679765
550.774588679765
550.774588679765
550.774588679765
550.774588679765
550.774588679765
550.774588679765
550.774588679765
550.774588679765
550.774588679765
550.774588679765
550.774588679765
550.774588679765
550.774588679765
550.774588679765
550.774588679765
550.774588679765
550.774588679765
550.774588679765
550.774588679765
550.774588679765
550.774588679765
550.774588679765
550.774588679765
550.774588679765
550.774588679765
550.774588679765
550.774588679765
550.774588679765
550.774588679765
550.774588679765
550.774588679765
550.774588679765
550.774588679765
550.774588679765
550.774588679765
550.774588679765
550.774588679765
550.774588679765
550.774588679765
550.774588679765
550.774588679765
550.774588679765
550.774588679765
550.774588679765
550.774588679765
550.774588679765
550.774588679765
550.774588679765
550.774588679765
550.774588679765
550.774588679765
550.774588679765
550.774588679765
550.774588679765
550.774588679765
550.774588679765
550.774588679765
550.774588679765
550.774588679765
550.774588679765
550.774588679765
550.774588679765
550.774588679765
550.774588679765
550.774588679765
550.774588679765
550.774588679765
550.774588679765
550.774588679765
550.774588679765
550.774588679765
550.774588679765
550.774588679765
550.774588679765
550.774588679765
550.774588679765
550.774588679765
550.774588679765
550.774588679765
550.774588679765
550.774588679765
550.774588679765
550.774588679765
550.774588679765
550.774588679765
550.774588679765
550.774588679765
550.774588679765
550.774588679765
550.774588679765
550.774588679765
550.774588679765
550.774588679765
550.774588679765
550.774588679765
550.774588679765
550.774588679765
550.774588679765
550.774588679765
550.774588679765
550.774588679765
550.774588679765
550.774588679765
550.774588679765
550.774588679765
550.774588679765
550.774588679765
550.774588679765
550.774588679765
550.774588679765
550.774588679765
550.774588679765
550.774588679765
550.774588679765
550.774588679765
550.774588679765
550.774588679765
550.774588679765
550.774588679765
550.774588679765
550.774588679765
550.774588679765
550.774588679765
550.774588679765
550.774588679765
550.774588679765
550.774588679765
550.774588679765
550.774588679765
550.774588679765
550.774588679765
550.774588679765
550.774588679765
550.774588679765
550.774588679765
550.774588679765
550.774588679765
550.774588679765
550.774588679765
550.774588679765
550.774588679765
550.774588679765
550.774588679765
550.774588679765
550.774588679765
550.774588679765
550.774588679765
550.774588679765
550.774588679765
550.774588679765
550.774588679765
550.774588679765
550.774588679765
550.774588679765
550.774588679765
550.774588679765

ave
1033.15777673017
1108.60899212702
1085.90663289495
1146.16238636956
1038.93626068721
1015.10750460029
1084.18302753232
1083.83600535491
1111.59202427001
1139.01209081131
1142.25320310137
1104.71738944903
1107.92425085051
1149.92430639292
1118.36942964686
1043.81485183847
1057.01883333926
1084.71363788178
1067.83374042467
1105.16666819648
1029.57810949400
1111.31952485986
1041.80292241460
1070.99929918029
1087.19111269264
1034.52863632036
987.809788886417
1059.51529840032
919.972650045893
905.050698805581
957.760008613146
727.474973929771
889.205756417961
784.518092647427
788.546378318428
714.418788484193
795.725447780898
711.025298026173
691.450193684931
805.191726524720
750.946464451516
688.417113129499
667.618208788091
664.956193827678
680.750840062482
660.792400630377
664.763405633773
602.005936349831
655.688264418353
712.448493346347
706.080978768570
650.403348915585
634.546820582264
665.132115895120
633.443727203889
602.005936349831
602.124048774005
684.724440298162
633.325614779715
633.812437465237
632.344158787196
616.945420744885
664.915295079161
616.887823925657
617.346570513979
601.887823925657
633.812437465237
602.124048774005
602.124048774005
619.083670485701
602.124048774005
648.921296745765
616.864197793186
617.351469624766
617.344158787196
602.124048774005
649.832574979069
617.726096739331
602.005936349831
633.812437465237
633.983003490413
602.124048774005
602.005936349831
633.325614779715
602.124048774005
618.965558061527
653.495944801828
632.091123041401
602.124048774005
617.057435133149
601.769711501483
633.694325041063
653.492417858309
601.887823925657
601.769711501483
618.746778642065
667.913909524238
618.847445637353
602.124048774005
616.746085369012
619.108596789892
616.627972944838
650.181497056062
601.533486653135
618.374995940657
634.243715007834
673.534409891614
600.234249987220
615.866744206049
653.811779294812
636.575478686440
600.116137563046
670.535176158159
673.298185043266
600.049523922189
632.464717807653
599.998025138871
652.316406701956
636.693591110614
636.575478686439
636.602619071524
632.369793766358
615.474177459383
653.274349184018
614.998025138871
673.180072619092
673.416297467440
669.167594616964
600.049523922189
613.060778497251
651.457366262265
723.153766321737
599.761800290523
599.879912714697
636.457366262265
636.457366262265
616.839534426393
673.152932234008
664.897815313782
614.583172261403
599.761800290523
690.830789180887
690.375919179136
636.484506647349
615.366421231875
614.937722357966
673.271044658182
599.761800290523
636.484506647349
658.548264571070
636.598837107055
673.207213004175
636.457366262265
653.891005554234
599.761800290523
599.761800290523
636.457366262265
615.386983671783
617.177994153606
673.180072619092
599.761800290523
630.046322357966
616.761876050547
631.839534426393
613.060778497251
614.761800290523
690.257806754962
613.060778497251
653.535100398135
615.394294509352
636.484506647349
636.457366262265
673.152932234008
632.319464998395
616.839534426393
636.457366262265
632.588438919761
613.060778497251
599.761800290523
599.761800290523
599.761800290523
614.583172261403
647.684122536605
599.761800290523
599.761800290523
686.451910440735
599.761800290523
599.761800290523
636.457366262265
651.941078798736
636.484506647349
668.654543416038
599.761800290523
688.564239716876
617.729539603922
616.891033209711
633.839610186417
599.761800290523
653.873560125348
727.318972839000