最优解为:1721.4287
最优解路径:

Best_route =

  1 至 24 列

    17    18     7     8    25    26    15    16    29    30    27    28     0     0     0     0     0     0     0     0     0     0     0     0
    19    20    23    24     3     4    13     0     0     0     0     0     0     0     0     0     0     0     0     0     0     0     0     0
    11    12     5     6     9    10     1     2    21    22    14     0     0     0     0     0     0     0     0     0     0     0     0     0

  25 至 31 列

     0     0     0     0     0     0     0
     0     0     0     0     0     0     0
     0     0     0     0     0     0     0

本次运算用时:21.422秒
算法在第131代时收敛

best
1774.72740023534
1770.19409040440
1745.31104872453
1745.31104872453
1726.35487728182
1726.35487728182
1726.35487728182
1726.35487728182
1726.35487728182
1726.35487728182
1726.35487728182
1726.35487728182
1726.35487728182
1726.35487728182
1726.35487728182
1726.35487728182
1726.35487728182
1726.35487728182
1726.35487728182
1726.35487728182
1726.35487728182
1726.35487728182
1726.35487728182
1726.35487728182
1726.35487728182
1726.35487728182
1726.35487728182
1726.35487728182
1726.35487728182
1726.35487728182
1726.35487728182
1726.35487728182
1726.35487728182
1726.35487728182
1726.35487728182
1726.35487728182
1726.35487728182
1726.35487728182
1726.35487728182
1726.35487728182
1726.35487728182
1726.35487728182
1726.35487728182
1726.35487728182
1726.35487728182
1726.35487728182
1726.35487728182
1726.35487728182
1726.35487728182
1726.35487728182
1726.35487728182
1726.35487728182
1726.35487728182
1726.35487728182
1726.35487728182
1726.35487728182
1726.35487728182
1726.35487728182
1726.35487728182
1726.35487728182
1726.35487728182
1726.35487728182
1726.35487728182
1722.75600972141
1722.75600972141
1722.75600972141
1722.75600972141
1722.75600972141
1722.75600972141
1722.75600972141
1722.75600972141
1722.75600972141
1722.75600972141
1722.75600972141
1722.75600972141
1722.75600972141
1722.75600972141
1722.75600972141
1722.75600972141
1722.75600972141
1722.75600972141
1722.75600972141
1722.75600972141
1722.75600972141
1722.75600972141
1722.75600972141
1722.75600972141
1722.75600972141
1722.75600972141
1722.75600972141
1722.75600972141
1722.75600972141
1722.75600972141
1722.75600972141
1722.75600972141
1722.75600972141
1722.75600972141
1722.75600972141
1722.75600972141
1722.75600972141
1722.75600972141
1722.75600972141
1722.75600972141
1722.75600972141
1722.75600972141
1722.75600972141
1722.75600972141
1722.75600972141
1722.75600972141
1722.75600972141
1722.75600972141
1722.75600972141
1722.75600972141
1722.75600972141
1722.75600972141
1722.75600972141
1722.75600972141
1722.75600972141
1722.75600972141
1722.75600972141
1722.75600972141
1722.75600972141
1722.75600972141
1722.75600972141
1722.75600972141
1722.75600972141
1722.75600972141
1722.75600972141
1722.75600972141
1722.75600972141
1721.42866016242
1721.42866016242
1721.42866016242
1721.42866016242
1721.42866016242
1721.42866016242
1721.42866016242
1721.42866016242
1721.42866016242
1721.42866016242
1721.42866016242
1721.42866016242
1721.42866016242
1721.42866016242
1721.42866016242
1721.42866016242
1721.42866016242
1721.42866016242
1721.42866016242
1721.42866016242
1721.42866016242
1721.42866016242
1721.42866016242
1721.42866016242
1721.42866016242
1721.42866016242
1721.42866016242
1721.42866016242
1721.42866016242
1721.42866016242
1721.42866016242
1721.42866016242
1721.42866016242
1721.42866016242
1721.42866016242
1721.42866016242
1721.42866016242
1721.42866016242
1721.42866016242
1721.42866016242
1721.42866016242
1721.42866016242
1721.42866016242
1721.42866016242
1721.42866016242
1721.42866016242
1721.42866016242
1721.42866016242
1721.42866016242
1721.42866016242
1721.42866016242
1721.42866016242
1721.42866016242
1721.42866016242
1721.42866016242
1721.42866016242
1721.42866016242
1721.42866016242
1721.42866016242
1721.42866016242
1721.42866016242
1721.42866016242
1721.42866016242
1721.42866016242
1721.42866016242
1721.42866016242
1721.42866016242
1721.42866016242
1721.42866016242
1721.42866016242

ave
1844.22848492961
1819.38379081557
1844.57164036250
1868.53804019201
1831.82971475753
1861.56860267953
1835.38318193551
1848.79609704013
1847.34052004005
1844.87047554644
1826.66501331113
1872.27858249549
1864.53479971234
1822.77955464109
1844.82970699007
1803.95262501510
1825.39129528230
1856.31286904638
1808.25901787283
1862.51392536368
1848.44991081873
1833.47573303685
1836.69356336947
1901.01763472027
1830.23867531765
1827.88987248678
1844.25225678132
1873.69512708441
1807.71404430072
1812.79681934443
1860.18647353100
1808.26797002035
1822.42535940237
1850.48156423226
1818.09448638565
1832.77007316902
1831.62376313880
1828.36654032044
1811.67716137012
1844.04024532535
1869.75973182269
1852.17387987318
1834.23447693051
1849.16512900499
1809.16573602161
1857.83805767648
1813.41583135146
1868.00137370617
1911.99159925438
1829.11350546014
1808.10942040080
1861.33815298009
1865.99992908847
1827.37230905602
1855.13187717731
1843.08762821378
1817.67690965573
1861.93327374197
1844.80147806731
1835.30805293516
1848.61811710954
1880.54810708225
1815.85388778894
1876.04996940256
1849.20447562281
1838.32688244858
1805.50629278294
1891.17317503494
1857.76807666270
1834.50923971096
1821.78993201832
1861.37860868705
1789.44571804295
1826.89405706479
1820.26142596362
1849.25583900253
1828.97976439710
1867.84250835163
1850.12854248142
1867.49749558864
1830.47498288704
1822.43687841207
1844.25186406419
1829.50465506307
1844.72456283501
1812.91739080433
1864.50705031425
1878.36721492447
1796.12915338033
1809.35911136245
1843.96276254969
1863.72632921519
1796.00866933237
1859.94935978681
1786.57225829277
1798.58318260207
1834.55219070420
1819.01735285039
1790.99333295534
1900.06474796159
1833.85606319905
1791.66314669724
1835.04801605757
1820.33749951893
1809.90382349574
1799.77701833256
1832.65538323827
1821.91273009631
1830.43435066499
1804.18075629516
1829.28975680190
1811.35709918082
1819.28589291700
1815.07185394221
1797.50017292579
1846.80654840443
1872.94929822216
1829.69465647518
1806.74091777879
1861.55755528065
1814.86165041685
1788.13795490724
1834.22341576112
1836.64819852414
1813.91538353198
1824.23505549859
1873.53850580622
1801.44407280657
1828.67930958602
1878.18384968286
1829.25226285625
1792.95530550326
1822.15814207828
1834.49049037155
1847.05022961814
1894.84272671191
1807.47067989989
1842.22622218101
1815.99463709957
1832.22281258956
1823.95663122755
1805.52285813569
1837.89080661115
1811.85811455109
1848.38320574976
1807.10291821839
1824.41347303370
1836.96425009266
1873.43860144894
1861.55096242984
1805.23236747972
1838.17888100118
1810.95806049171
1850.40131613898
1890.28411999060
1836.98409360175
1832.00292125236
1844.52005023287
1791.65354678180
1810.50487940946
1827.23655552369
1833.87395758677
1826.66769302502
1861.96019938011
1841.24382889041
1828.07782844695
1862.27466253666
1819.00272553613
1884.87959895301
1827.80967850470
1874.81062385803
1855.22543985763
1829.69829313304
1811.04956559539
1843.89427650913
1865.77316368285
1815.43143170832
1797.90474080918
1837.66541109205
1849.23922920949
1837.38785939910
1827.30882637832
1816.26329336218
1807.66401763571
1820.35719257127
1847.82285797004
1899.72344909539
1823.83563927270
1871.43524259133
1865.33753488901
1804.85315905563
1837.59734938452
1835.75543931602
1843.18246458441
1845.71303877770
1825.97684263974
1831.02021273525
1823.59245162168
1830.72439149228
1818.40175115921