实验环境：
VeiNum = 2
Q_ant = 60（drop100）
AntNum = 20 
iter_max = 100
抽取的客户节点编号为

Cus_select =

    42     5    63    82   100

各任务对应的的客户节点编号为

Task_Cus =

    42     5    63    82   100

cus
40	50
40	50
40	50
55	80
20	85
65	20
27	43
31	67

task
2	4	1	0	1
4	3	2	1	0
2	5	1	0	1
5	3	2	3	0
2	6	1	0	1
6	3	2	5	0
3	7	3	0	1
7	2	4	7	0
2	8	1	0	1
8	3	2	9	0

linktime
0	0	0.838525491562421	0	1.00778221853732	0	0.976281209488332	0.869120576505835	0.369120576505835	0	0.480884601541784
0.838525491562421	1.00519215822909	0	1.00519215822909	35.3553390593274	1.00519215822909	60.8276253029822	1.87431273473492	1.16001077581202	1.00519215822909	27.2946881279124
1.33852549156242	1.33852549156242	2.34371764979151	1.33852549156242	2.51297437676641	1.33852549156242	2.48147336771742	1.16001077581202	1.87431273473492	1.33852549156242	1.98607675977087
1.00778221853732	1.17444888520399	35.3553390593274	1.17444888520399	0	1.17444888520399	79.0569415042095	2.04356946170982	1.06448344280219	1.17444888520399	21.0950231097290
1.50778221853732	1.50778221853732	2.51297437676641	1.50778221853732	2.68223110374130	1.50778221853732	2.65073009469232	1.06448344280219	2.04356946170982	1.50778221853732	2.15533348674577
0.976281209488332	1.14294787615500	60.8276253029822	1.14294787615500	79.0569415042095	1.14294787615500	0	2.01206845266083	1.11046161572564	1.14294787615500	58.0086200490927
1.47628120948833	1.47628120948833	2.48147336771742	1.47628120948833	2.65073009469232	1.47628120948833	2.61922908564333	1.11046161572564	2.01206845266083	1.47628120948833	2.12383247769678
0.369120576505835	0.535787243172502	1.16001077581202	0.535787243172502	1.06448344280219	0.535787243172502	1.11046161572564	1.40490781967834	0	0.535787243172502	0.608276253029822
0	0	1.00519215822909	0	1.17444888520399	0	1.14294787615500	0.869120576505835	0.535787243172502	0	0.647551268208450
0.480884601541784	0.647551268208450	27.2946881279124	0.647551268208450	21.0950231097290	0.647551268208450	58.0086200490927	1.51667184471429	0.608276253029822	0.647551268208450	0
0.980884601541784	0.980884601541784	1.98607675977087	0.980884601541784	2.15533348674577	0.980884601541784	2.12383247769678	0.608276253029822	1.51667184471429	0.980884601541784	1.62843586975023


tasktime
0
1.50519215822909
0.166666666666667
1.67444888520399
0.166666666666667
1.64294787615500
0.166666666666667
0.166666666666667
1.03578724317250
1.14755126820845
0.166666666666667


1
2	4	1	0	1
2	5	1	0	1
2	6	1	0	1
7	2	4	0	0
2	8	1	0	1


2
4	3	2	0	0
5	3	2	0	0
6	3	2	0	0
3	7	3	0	1
8	3	2	0	0


linktime1
0	0	0	0	0.369120576505835	0
0.838525491562421	1.00519215822909	1.00519215822909	1.00519215822909	1.16001077581202	1.00519215822909
1.00778221853732	1.17444888520399	1.17444888520399	1.17444888520399	1.06448344280219	1.17444888520399
0.976281209488332	1.14294787615500	1.14294787615500	1.14294787615500	1.11046161572564	1.14294787615500
0	0	0	0	0.535787243172502	0
0.480884601541784	0.647551268208450	0.647551268208450	0.647551268208450	0.608276253029822	0.647551268208450

tasktime1
0
1.50519215822909
1.67444888520399
1.64294787615500
1.03578724317250
1.14755126820845

linktime2
0	0.838525491562421	1.00778221853732	0.976281209488332	0.869120576505835	0.480884601541784
1.33852549156242	2.34371764979151	2.51297437676641	2.48147336771742	1.16001077581202	1.98607675977087
1.50778221853732	2.51297437676641	2.68223110374130	2.65073009469232	1.06448344280219	2.15533348674577
1.47628120948833	2.48147336771742	2.65073009469232	2.61922908564333	1.11046161572564	2.12383247769678
0.369120576505835	1.16001077581202	1.06448344280219	1.11046161572564	1.40490781967834	0.608276253029822
0.980884601541784	1.98607675977087	2.15533348674577	2.12383247769678	0.608276253029822	1.62843586975023

tasktime2
0
0.166666666666667
0.166666666666667
0.166666666666667
0.166666666666667
0.166666666666667