最优解为:358.795
最优解路径:

Best_route =

    16     4    13     3     8    15    14    10    19    18     1    20     9     2     6    17    12     5     7    11     0
     0     0     0     0     0     0     0     0     0     0     0     0     0     0     0     0     0     0     0     0     0
     0     0     0     0     0     0     0     0     0     0     0     0     0     0     0     0     0     0     0     0     0
     0     0     0     0     0     0     0     0     0     0     0     0     0     0     0     0     0     0     0     0     0
     0     0     0     0     0     0     0     0     0     0     0     0     0     0     0     0     0     0     0     0     0

本次运算用时:41.422秒
算法在第119代时收敛

best
378.771972154861
371.548956944516
371.548956944516
371.548956944516
371.548956944516
371.548956944516
371.548956944516
371.548956944516
370.292015663468
364.321901458917
364.321901458917
363.367161283240
363.367161283240
363.367161283240
363.367161283240
359.295838907340
359.295838907340
359.295838907340
359.295838907340
359.295838907340
359.295838907340
359.295838907340
359.295838907340
359.295838907340
359.295838907340
359.295838907340
359.295838907340
359.295838907340
359.295838907340
359.295838907340
359.295838907340
359.295838907340
359.295838907340
359.295838907340
359.295838907340
359.295838907340
359.295838907340
359.295838907340
359.295838907340
359.295838907340
359.295838907340
359.295838907340
359.295838907340
359.295838907340
359.295838907340
359.295838907340
359.295838907340
359.295838907340
359.295838907340
359.295838907340
359.295838907340
359.295838907340
359.295838907340
359.295838907340
359.295838907340
359.295838907340
359.295838907340
359.295838907340
359.295838907340
359.295838907340
359.295838907340
359.295838907340
359.295838907340
359.295838907340
359.295838907340
359.295838907340
359.295838907340
359.295838907340
359.295838907340
359.295838907340
359.295838907340
359.295838907340
359.295838907340
359.295838907340
359.295838907340
359.295838907340
359.295838907340
359.295838907340
359.295838907340
359.295838907340
359.295838907340
359.295838907340
359.295838907340
359.295838907340
359.295838907340
359.295838907340
359.295838907340
359.295838907340
359.295838907340
359.295838907340
359.295838907340
359.295838907340
359.295838907340
359.295838907340
359.295838907340
359.295838907340
359.295838907340
359.295838907340
359.295838907340
359.295838907340
359.295838907340
359.295838907340
359.295838907340
359.295838907340
359.295838907340
359.295838907340
359.295838907340
359.295838907340
359.295838907340
359.295838907340
359.295838907340
359.295838907340
359.295838907340
359.295838907340
359.295838907340
359.295838907340
359.295838907340
359.295838907340
358.795034177383
358.795034177383
358.795034177383
358.795034177383
358.795034177383
358.795034177383
358.795034177383
358.795034177383
358.795034177383
358.795034177383
358.795034177383
358.795034177383
358.795034177383
358.795034177383
358.795034177383
358.795034177383
358.795034177383
358.795034177383
358.795034177383
358.795034177383
358.795034177383
358.795034177383
358.795034177383
358.795034177383
358.795034177383
358.795034177383
358.795034177383
358.795034177383
358.795034177383
358.795034177383
358.795034177383
358.795034177383
358.795034177383
358.795034177383
358.795034177383
358.795034177383
358.795034177383
358.795034177383
358.795034177383
358.795034177383
358.795034177383
358.795034177383
358.795034177383
358.795034177383
358.795034177383
358.795034177383
358.795034177383
358.795034177383
358.795034177383
358.795034177383
358.795034177383
358.795034177383
358.795034177383
358.795034177383
358.795034177383
358.795034177383
358.795034177383
358.795034177383
358.795034177383
358.795034177383
358.795034177383
358.795034177383
358.795034177383
358.795034177383
358.795034177383
358.795034177383
358.795034177383
358.795034177383
358.795034177383
358.795034177383
358.795034177383
358.795034177383
358.795034177383
358.795034177383
358.795034177383
358.795034177383
358.795034177383
358.795034177383
358.795034177383
358.795034177383
358.795034177383
358.795034177383
358.795034177383
358.795034177383
358.795034177383
358.795034177383
358.795034177383
358.795034177383
358.795034177383
358.795034177383
358.795034177383
358.795034177383
358.795034177383
358.795034177383
358.795034177383
358.795034177383
358.795034177383
358.795034177383
358.795034177383
358.795034177383
358.795034177383
358.795034177383
358.795034177383
358.795034177383
358.795034177383
358.795034177383
358.795034177383
358.795034177383
358.795034177383
358.795034177383
358.795034177383
358.795034177383
358.795034177383
358.795034177383
358.795034177383
358.795034177383
358.795034177383
358.795034177383
358.795034177383
358.795034177383
358.795034177383
358.795034177383
358.795034177383
358.795034177383
358.795034177383
358.795034177383
358.795034177383
358.795034177383
358.795034177383
358.795034177383
358.795034177383
358.795034177383
358.795034177383
358.795034177383
358.795034177383
358.795034177383
358.795034177383
358.795034177383
358.795034177383
358.795034177383
358.795034177383
358.795034177383
358.795034177383
358.795034177383
358.795034177383
358.795034177383
358.795034177383
358.795034177383
358.795034177383
358.795034177383
358.795034177383
358.795034177383
358.795034177383
358.795034177383
358.795034177383
358.795034177383
358.795034177383
358.795034177383
358.795034177383
358.795034177383
358.795034177383
358.795034177383
358.795034177383
358.795034177383
358.795034177383
358.795034177383
358.795034177383
358.795034177383
358.795034177383
358.795034177383
358.795034177383
358.795034177383
358.795034177383
358.795034177383
358.795034177383
358.795034177383
358.795034177383
358.795034177383
358.795034177383
358.795034177383
358.795034177383
358.795034177383
358.795034177383
358.795034177383
358.795034177383
358.795034177383
358.795034177383
358.795034177383
358.795034177383
358.795034177383
358.795034177383
358.795034177383
358.795034177383
358.795034177383
358.795034177383
358.795034177383
358.795034177383
358.795034177383
358.795034177383
358.795034177383
358.795034177383
358.795034177383
358.795034177383
358.795034177383
358.795034177383
358.795034177383
358.795034177383
358.795034177383
358.795034177383
358.795034177383
358.795034177383
358.795034177383
358.795034177383
358.795034177383
358.795034177383
358.795034177383
358.795034177383
358.795034177383
358.795034177383
358.795034177383
358.795034177383
358.795034177383
358.795034177383
358.795034177383
358.795034177383
358.795034177383
358.795034177383
358.795034177383
358.795034177383
358.795034177383
358.795034177383
358.795034177383
358.795034177383
358.795034177383
358.795034177383
358.795034177383
358.795034177383
358.795034177383
358.795034177383
358.795034177383
358.795034177383
358.795034177383
358.795034177383
358.795034177383
358.795034177383
358.795034177383
358.795034177383
358.795034177383
358.795034177383
358.795034177383
358.795034177383
358.795034177383
358.795034177383
358.795034177383
358.795034177383
358.795034177383
358.795034177383
358.795034177383
358.795034177383
358.795034177383
358.795034177383
358.795034177383
358.795034177383
358.795034177383
358.795034177383
358.795034177383
358.795034177383
358.795034177383
358.795034177383
358.795034177383
358.795034177383
358.795034177383
358.795034177383
358.795034177383
358.795034177383
358.795034177383
358.795034177383
358.795034177383
358.795034177383
358.795034177383
358.795034177383
358.795034177383
358.795034177383
358.795034177383
358.795034177383
358.795034177383
358.795034177383
358.795034177383
358.795034177383
358.795034177383
358.795034177383
358.795034177383
358.795034177383
358.795034177383
358.795034177383
358.795034177383
358.795034177383
358.795034177383
358.795034177383
358.795034177383
358.795034177383
358.795034177383
358.795034177383
358.795034177383
358.795034177383
358.795034177383
358.795034177383
358.795034177383
358.795034177383
358.795034177383
358.795034177383
