最优解为:966.7579
最优解路径:

Best_route =

    11    12     0     0     0     0     0     0     0     0     0     0     0
     1     2     5     6     9    10     7     8     3     4     0     0     0

本次运算用时:13.969秒
算法在第1代时收敛

best
966.757856753223
966.757856753223
966.757856753223
966.757856753223
966.757856753223
966.757856753223
966.757856753223
966.757856753223
966.757856753223
966.757856753223
966.757856753223
966.757856753223
966.757856753223
966.757856753223
966.757856753223
966.757856753223
966.757856753223
966.757856753223
966.757856753223
966.757856753223
966.757856753223
966.757856753223
966.757856753223
966.757856753223
966.757856753223
966.757856753223
966.757856753223
966.757856753223
966.757856753223
966.757856753223
966.757856753223
966.757856753223
966.757856753223
966.757856753223
966.757856753223
966.757856753223
966.757856753223
966.757856753223
966.757856753223
966.757856753223
966.757856753223
966.757856753223
966.757856753223
966.757856753223
966.757856753223
966.757856753223
966.757856753223
966.757856753223
966.757856753223
966.757856753223
966.757856753223
966.757856753223
966.757856753223
966.757856753223
966.757856753223
966.757856753223
966.757856753223
966.757856753223
966.757856753223
966.757856753223
966.757856753223
966.757856753223
966.757856753223
966.757856753223
966.757856753223
966.757856753223
966.757856753223
966.757856753223
966.757856753223
966.757856753223
966.757856753223
966.757856753223
966.757856753223
966.757856753223
966.757856753223
966.757856753223
966.757856753223
966.757856753223
966.757856753223
966.757856753223
966.757856753223
966.757856753223
966.757856753223
966.757856753223
966.757856753223
966.757856753223
966.757856753223
966.757856753223
966.757856753223
966.757856753223
966.757856753223
966.757856753223
966.757856753223
966.757856753223
966.757856753223
966.757856753223
966.757856753223
966.757856753223
966.757856753223
966.757856753223
966.757856753223

ave
974.367923286005
975.282524336192
975.333319721558
975.389234863274
974.494999626142
975.666882418524
975.420614742786
974.732700479510
972.127937008360
973.337586230657
974.248700039268
971.696627285749
971.091349205530
974.585260771443
970.173283804656
971.275786870675
970.171605692883
970.817691242702
968.305550001745
969.354929766829
969.210383743701
970.176248833833
970.239313466854
969.199914072275
969.353343643364
970.157705615089
968.379693600225
968.938906436288
969.339753231890
970.060757974459
968.701911229996
968.750489253335
969.479094201561
968.800203193770
970.516972895925
968.966486968188
970.131465551457
969.870783729436
971.393510465510
969.997822476028
970.319201941729
970.781108644933
970.834232803542
970.109722782794
970.412632002170
968.742217131829
970.429817905735
969.570606108712
970.982731040940
970.360661604412
971.484136986998
970.423364175722
970.258830112015
971.066653300982
969.808642172096
969.997822476028
969.567874510059
970.429817905735
970.404610651540
970.362006515093
969.606207991243
970.161236758326
970.645815620589
969.781824761174
970.258830112015
970.349113215226
969.997822476028
970.866517354744
971.658150688246
970.175561752788
970.524805028247
970.429817905735
970.429817905735
970.046475542457
971.301003843568
970.402237373835
969.616692238132
969.703260421248
970.359507843562
970.866517354744
970.038128377860
970.163363146382
970.647863084328
970.999246710371
970.213820190882
971.077811050296
971.388795887662
970.740802743101
971.172798172808
969.791232799777
971.605147579340
970.892293908574
970.175561752788
970.645815620589
971.293808765150
969.997822476028
971.526229262590
970.861813335442
970.227358508156
970.861813335443
970.567251280663