实验环境：
VeiNum = 2
Q_ant =130（空重箱分开时，70）
AntNum = 25 
iter_max = 200

cus：
40	50
40	50
40	50
85	25
38	5
60	55
32	30
65	82
18	75

task：
3	4	3	0	1
4	2	4	1	0
3	5	3	0	1
5	2	4	3	0
2	6	1	0	1
6	3	2	5	0
2	7	1	0	1
7	3	2	7	0
3	8	3	0	1
8	2	4	9	0
3	9	3	0	1
9	2	4	11	0

抽取的客户节点编号为

Cus_select =

    80    58    90    44    94    17

各任务对应的的客户节点编号为

Task_Cus =

    80    58    90    44    94    17


Task_size: 12

vNum:2

Tasktime:
0
0.166666666666667
1.95362043429004
0.166666666666667
1.79277722962219
1.18205486986887
0.166666666666667
1.20518314738012
0.166666666666667
0.166666666666667
1.68186369187901
0.166666666666667
1.49920795693400

Linktime:
0	1.78695376762338	1.28695376762338	1.62611056295552	1.12611056295552	0	0.515388203202208	0	0.538516480713450	1.51519702521235	1.01519702521235	1.33254129026734	0.832541290267336
1.28695376762338	3.24057420191342	0	3.07973099724556	1.27695927891221	1.45362043429004	0.976281209488332	1.45362043429004	1.33088316542062	2.96881745950239	1.51017383105390	2.78616172455738	2.09000598085269
0	1.78695376762338	1.45362043429004	1.62611056295552	1.29277722962219	0	0.682054869868874	0	0.705183147380117	1.51519702521235	1.18186369187901	1.33254129026734	0.999207956934002
1.12611056295552	3.07973099724556	1.27695927891221	2.91888779257771	0	1.29277722962219	1.36565002837477	1.29277722962219	0.642748006609122	2.80797425483454	2.03991421388254	2.62531851988952	1.82002747232013
0	1.78695376762338	1.45362043429004	1.62611056295552	1.29277722962219	0	0.682054869868874	0	0.705183147380117	1.51519702521235	1.18186369187901	1.33254129026734	0.999207956934002
0.515388203202208	2.46900863749225	0.976281209488332	2.30816543282440	1.36565002837477	0.682054869868874	0	0.682054869868874	37.5366487582469	2.19725189508122	0.686476510887299	2.01459616013621	1.16297033496130
1.01538820320221	0.976281209488332	2.46900863749225	1.36565002837477	2.30816543282440	1.01538820320221	1.69744307307108	1.01538820320221	1.72057135058232	0.686476510887299	2.19725189508122	1.16297033496130	2.01459616013621
0.538516480713450	2.49213691500349	1.33088316542062	2.33129371033564	0.642748006609122	0.705183147380117	37.5366487582469	0.705183147380117	0	2.22038017259246	1.53968340901628	2.03772443764745	1.17818716679482
1.03851648071345	1.33088316542062	2.49213691500349	0.642748006609122	2.33129371033564	1.03851648071345	1.72057135058232	1.03851648071345	1.74369962809357	1.53968340901628	2.22038017259247	1.17818716679482	2.03772443764745
1.01519702521235	2.96881745950239	1.51017383105390	2.80797425483454	2.03991421388254	1.18186369187901	0.686476510887299	1.18186369187901	1.53968340901628	2.69706071709136	0	2.51440498214635	1.18796043705167
0	1.78695376762338	1.45362043429004	1.62611056295552	1.29277722962219	0	0.682054869868874	0	0.705183147380117	1.51519702521235	1.18186369187901	1.33254129026734	0.999207956934002
0.832541290267336	2.78616172455738	2.09000598085269	2.62531851988952	1.82002747232013	0.999207956934002	1.16297033496130	0.999207956934002	1.17818716679482	2.51440498214635	1.18796043705167	2.33174924720134	0
0	1.78695376762338	1.45362043429004	1.62611056295552	1.29277722962219	0	0.682054869868874	0	0.705183147380117	1.51519702521235	1.18186369187901	1.33254129026734	0.999207956934002



linktime（task1）
0	1.28695376762338	1.12611056295552	0	0	1.01519702521235	0.832541290267336
0	1.45362043429004	1.29277722962219	0	0	1.18186369187901	0.999207956934002
0	1.45362043429004	1.29277722962219	0	0	1.18186369187901	0.999207956934002
0.515388203202208	0.976281209488332	1.36565002837477	0.682054869868874	0.682054869868874	0.686476510887299	1.16297033496130
0.538516480713450	1.33088316542062	0.642748006609122	0.705183147380117	0.705183147380117	1.53968340901628	1.17818716679482
0	1.45362043429004	1.29277722962219	0	0	1.18186369187901	0.999207956934002
0	1.45362043429004	1.29277722962219	0	0	1.18186369187901	0.999207956934002

linktime（task2）
0	1.78695376762338	1.62611056295552	0.515388203202208	0.538516480713450	1.51519702521235	1.33254129026734
1.28695376762338	3.24057420191342	3.07973099724556	0.976281209488332	1.33088316542062	2.96881745950239	2.78616172455738
1.12611056295552	3.07973099724556	2.91888779257771	1.36565002837477	0.642748006609122	2.80797425483454	2.62531851988952
1.01538820320221	0.976281209488332	1.36565002837477	1.69744307307108	1.72057135058232	0.686476510887299	1.16297033496130
1.03851648071345	1.33088316542062	0.642748006609122	1.72057135058232	1.74369962809357	1.53968340901628	1.17818716679482
1.01519702521235	2.96881745950239	2.80797425483454	0.686476510887299	1.53968340901628	2.69706071709136	2.51440498214635
0.832541290267336	2.78616172455738	2.62531851988952	1.16297033496130	1.17818716679482	2.51440498214635	2.33174924720134

tasktime（1）
0
1.95362043429004
1.79277722962219
1.18205486986887
1.20518314738012
1.68186369187901
1.49920795693400


tasktime（2）
0
0.166666666666667
0.166666666666667
0.166666666666667
0.166666666666667
0.166666666666667
0.166666666666667