最优解为:374.5344
最优解路径:

Best_route =

     0     0     0     0     0     0     0     0     0
     3     4     2     6     5     7     1     8     0
     0     0     0     0     0     0     0     0     0

本次运算用时:3.97秒
算法在第18代时收敛

best
375.236703000251
375.236703000251
375.236703000251
375.236703000251
375.236703000251
375.236703000251
375.236703000251
375.236703000251
375.236703000251
375.236703000251
375.236703000251
375.236703000251
375.236703000251
375.236703000251
375.236703000251
375.236703000251
375.236703000251
374.534437369737
374.534437369737
374.534437369737
374.534437369737
374.534437369737
374.534437369737
374.534437369737
374.534437369737
374.534437369737
374.534437369737
374.534437369737
374.534437369737
374.534437369737
374.534437369737
374.534437369737
374.534437369737
374.534437369737
374.534437369737
374.534437369737
374.534437369737
374.534437369737
374.534437369737
374.534437369737
374.534437369737
374.534437369737
374.534437369737
374.534437369737
374.534437369737
374.534437369737
374.534437369737
374.534437369737
374.534437369737
374.534437369737
374.534437369737
374.534437369737
374.534437369737
374.534437369737
374.534437369737
374.534437369737
374.534437369737
374.534437369737
374.534437369737
374.534437369737
374.534437369737
374.534437369737
374.534437369737
374.534437369737
374.534437369737
374.534437369737
374.534437369737
374.534437369737
374.534437369737
374.534437369737
374.534437369737
374.534437369737
374.534437369737
374.534437369737
374.534437369737
374.534437369737
374.534437369737
374.534437369737
374.534437369737
374.534437369737
374.534437369737
374.534437369737
374.534437369737
374.534437369737
374.534437369737
374.534437369737
374.534437369737
374.534437369737
374.534437369737
374.534437369737
374.534437369737
374.534437369737
374.534437369737
374.534437369737
374.534437369737
374.534437369737
374.534437369737
374.534437369737
374.534437369737
374.534437369737
374.534437369737
374.534437369737
374.534437369737
374.534437369737
374.534437369737
374.534437369737
374.534437369737
374.534437369737
374.534437369737
374.534437369737
374.534437369737
374.534437369737
374.534437369737
374.534437369737
374.534437369737
374.534437369737
374.534437369737
374.534437369737
374.534437369737
374.534437369737
374.534437369737
374.534437369737
374.534437369737
374.534437369737
374.534437369737
374.534437369737
374.534437369737
374.534437369737
374.534437369737
374.534437369737
374.534437369737
374.534437369737
374.534437369737
374.534437369737
374.534437369737
374.534437369737
374.534437369737
374.534437369737
374.534437369737
374.534437369737
374.534437369737
374.534437369737
374.534437369737
374.534437369737
374.534437369737
374.534437369737
374.534437369737
374.534437369737
374.534437369737
374.534437369737
374.534437369737
374.534437369737
374.534437369737
374.534437369737
374.534437369737
374.534437369737
374.534437369737
374.534437369737
374.534437369737
374.534437369737
374.534437369737
374.534437369737
374.534437369737
374.534437369737
374.534437369737
374.534437369737
374.534437369737
374.534437369737
374.534437369737
374.534437369737
374.534437369737
374.534437369737
374.534437369737
374.534437369737
374.534437369737
374.534437369737
374.534437369737
374.534437369737
374.534437369737
374.534437369737
374.534437369737
374.534437369737
374.534437369737
374.534437369737
374.534437369737
374.534437369737
374.534437369737
374.534437369737
374.534437369737
374.534437369737
374.534437369737
374.534437369737
374.534437369737
374.534437369737
374.534437369737
374.534437369737
374.534437369737
374.534437369737
374.534437369737
374.534437369737

ave
482.836013424196
483.165085004714
454.656964796062
468.356270061973
451.961272698476
514.929742950946
453.472340267992
424.403587748853
437.067696593103
421.872682935150
454.814628833839
484.003730836480
436.982130633691
468.784804893956
407.204942617368
420.816387654811
498.470673436672
480.189728320938
390.371073261956
437.754139137342
450.409755847825
450.137655018102
435.454931350230
434.710164890938
450.683343005869
391.023210017333
420.709136158727
449.309367393821
390.281480684503
435.228886092882
434.048726689137
391.297211483107
389.983936987853
390.571785271037
420.028378275250
390.839156036755
389.659460832095
422.177898360320
405.051573755414
375.635584015071
390.434518701764
389.790896343690
390.839828609435
375.236703000251
375.335339206968
390.514606943193
405.850361786659
389.731648974354
375.236703000251
375.236703000251
375.236703000251
375.561252093812
406.585110991253
375.236703000251
375.236703000251
375.451254334349
375.815755806489
375.236703000251
375.236703000251
375.236703000251
375.236703000251
390.391468422515
375.236703000251
375.236703000251
375.236703000251
375.236703000251
375.236703000251
375.635584015071
375.236703000251
389.716491484628
375.635584015071
375.236703000251
375.236703000251
389.740625572439
375.236703000251
375.236703000251
375.236703000251
375.236703000251
375.236703000251
389.659460832095
375.236703000251
375.395236801746
375.236703000251
375.236703000251
375.236703000251
375.236703000251
375.236703000251
375.236703000251
375.236703000251
375.236703000251
375.236703000251
375.236703000251
390.033559087619
375.451254334349
375.236703000251
375.236703000251
375.236703000251
375.523442476607
375.236703000251
375.236703000251
375.633440236071
375.236703000251
375.236703000251
375.834839567853
375.236703000251
375.236703000251
375.236703000251
375.236703000251
375.236703000251
375.236703000251
390.375271332428
375.236703000251
375.236703000251
375.236703000251
375.236703000251
389.731648974354
375.236703000251
390.375271332428
375.295950369587
390.914160530693
375.236703000251
375.236703000251
375.236703000251
375.236703000251
375.236703000251
375.236703000251
375.236703000251
375.236703000251
389.659460832095
375.236703000251
375.236703000251
375.236703000251
375.236703000251
389.716491484628
375.236703000251
376.019312411638
375.236703000251
375.236703000251
375.236703000251
375.236703000251
375.815755806489
375.236703000251
375.236703000251
375.563395872812
375.236703000251
375.803869613251
375.236703000251
375.236703000251
375.620426525345
375.451254334349
375.236703000251
375.236703000251
375.236703000251
375.236703000251
375.236703000251
389.716491484628
375.236703000251
375.563395872812
390.514606943193
390.466974658420
376.019312411638
375.236703000251
375.236703000251
405.667660705170
390.738418353461
375.236703000251
375.236703000251
375.236703000251
375.236703000251
375.236703000251
375.236703000251
375.236703000251
389.659460832095
404.798029164272
375.917328902489
390.391468422516
375.236703000251
375.236703000251
375.236703000251
375.236703000251
375.635584015071
375.236703000251
375.236703000251
375.236703000251
375.236703000251
375.236703000251
391.306534475630
389.731648974354
375.236703000251
375.236703000251
375.236703000251
405.793183458816
390.819061686084
375.236703000251
375.236703000251
405.799096216765
375.236703000251
390.115372499448
375.236703000251
375.236703000251