最优解为:616.261
最优解路径:

Best_route =

     8     0     0     0     0     0     0     0     0
     0     0     0     0     0     0     0     0     0
     7     1     2     5     6     3     4     0     0

本次运算用时:3.977秒
算法在第2代时收敛

best
617.704761757599
616.260998912428
616.260998912428
616.260998912428
616.260998912428
616.260998912428
616.260998912428
616.260998912428
616.260998912428
616.260998912428
616.260998912428
616.260998912428
616.260998912428
616.260998912428
616.260998912428
616.260998912428
616.260998912428
616.260998912428
616.260998912428
616.260998912428
616.260998912428
616.260998912428
616.260998912428
616.260998912428
616.260998912428
616.260998912428
616.260998912428
616.260998912428
616.260998912428
616.260998912428
616.260998912428
616.260998912428
616.260998912428
616.260998912428
616.260998912428
616.260998912428
616.260998912428
616.260998912428
616.260998912428
616.260998912428
616.260998912428
616.260998912428
616.260998912428
616.260998912428
616.260998912428
616.260998912428
616.260998912428
616.260998912428
616.260998912428
616.260998912428
616.260998912428
616.260998912428
616.260998912428
616.260998912428
616.260998912428
616.260998912428
616.260998912428
616.260998912428
616.260998912428
616.260998912428
616.260998912428
616.260998912428
616.260998912428
616.260998912428
616.260998912428
616.260998912428
616.260998912428
616.260998912428
616.260998912428
616.260998912428
616.260998912428
616.260998912428
616.260998912428
616.260998912428
616.260998912428
616.260998912428
616.260998912428
616.260998912428
616.260998912428
616.260998912428
616.260998912428
616.260998912428
616.260998912428
616.260998912428
616.260998912428
616.260998912428
616.260998912428
616.260998912428
616.260998912428
616.260998912428
616.260998912428
616.260998912428
616.260998912428
616.260998912428
616.260998912428
616.260998912428
616.260998912428
616.260998912428
616.260998912428
616.260998912428
616.260998912428
616.260998912428
616.260998912428
616.260998912428
616.260998912428
616.260998912428
616.260998912428
616.260998912428
616.260998912428
616.260998912428
616.260998912428
616.260998912428
616.260998912428
616.260998912428
616.260998912428
616.260998912428
616.260998912428
616.260998912428
616.260998912428
616.260998912428
616.260998912428
616.260998912428
616.260998912428
616.260998912428
616.260998912428
616.260998912428
616.260998912428
616.260998912428
616.260998912428
616.260998912428
616.260998912428
616.260998912428
616.260998912428
616.260998912428
616.260998912428
616.260998912428
616.260998912428
616.260998912428
616.260998912428
616.260998912428
616.260998912428
616.260998912428
616.260998912428
616.260998912428
616.260998912428
616.260998912428
616.260998912428
616.260998912428
616.260998912428
616.260998912428
616.260998912428
616.260998912428
616.260998912428
616.260998912428
616.260998912428
616.260998912428
616.260998912428
616.260998912428
616.260998912428
616.260998912428
616.260998912428
616.260998912428
616.260998912428
616.260998912428
616.260998912428
616.260998912428
616.260998912428
616.260998912428
616.260998912428
616.260998912428
616.260998912428
616.260998912428
616.260998912428
616.260998912428
616.260998912428
616.260998912428
616.260998912428
616.260998912428
616.260998912428
616.260998912428
616.260998912428
616.260998912428
616.260998912428
616.260998912428
616.260998912428
616.260998912428
616.260998912428
616.260998912428
616.260998912428
616.260998912428
616.260998912428
616.260998912428
616.260998912428
616.260998912428
616.260998912428
616.260998912428
616.260998912428
616.260998912428
616.260998912428
616.260998912428

ave
628.959705338689
628.353294024691
627.718156177887
628.679617151340
626.936391899163
629.678411561687
629.274657415457
629.815730681933
627.164663803256
629.736435419718
628.199788106972
631.056498267309
625.396138841402
626.533806843441
629.324989497855
624.443517766389
625.970188230256
626.755012064129
625.436580262712
628.143164048836
625.301914277501
624.745231064988
626.247282792014
624.256293625265
625.403422089084
623.612559880359
624.937424444761
634.967746171185
618.599639915309
617.930138063827
619.284807094354
632.558614956458
617.494472473764
617.128894984704
632.752890136145
617.754775478887
617.299231468896
646.165284341069
616.604667018600
616.604667018600
617.267082389460
647.898583141306
616.260998912428
616.604667018600
617.148930618075
617.003411469898
616.734588449920
616.866023961515
616.392434424023
616.734588449920
616.392434424023
630.918844886531
616.961651923034
616.260998912428
631.262512992704
630.918844886531
616.260998912428
616.948335124773
616.392434424023
616.523869935618
616.734588449920
616.260998912428
616.260998912428
616.260998912428
616.260998912428
616.260998912428
631.050280398126
617.652486654056
616.260998912428
616.734588449920
616.734588449920
616.260998912428
616.961651923034
616.260998912428
616.260998912428
616.734588449920
616.260998912428
616.260998912428
616.392434424023
617.209426433043
616.260998912428
616.260998912428
616.260998912428
616.867538041790
616.260998912428
616.734588449920
617.019009186756
616.260998912428
616.260998912428
616.736102530195
616.392434424023
616.260998912428
616.634959050473
616.734588449920
616.260998912428
616.260998912428
616.260998912428
616.260998912428
616.734588449920
616.260998912428
616.260998912428
616.662057340374
616.260998912428
616.260998912428
616.260998912428
616.260998912428
616.734588449920
616.734588449920
616.260998912428
616.734588449920
631.619497897138
616.260998912428
616.260998912428
616.260998912428
616.260998912428
616.675341080583
616.675341080583
616.260998912428
616.260998912428
616.392434424023
616.260998912428
616.523869935618
616.260998912428
616.734588449920
616.392434424023
616.260998912428
617.208177987411
616.523869935618
616.944507067849
616.260998912428
617.435241460526
616.604667018600
616.260998912428
616.260998912428
616.260998912428
616.260998912428
617.093087434629
616.260998912428
616.734588449920
617.209692067687
631.260998912428
632.028225867971
616.260998912428
616.736102530195
616.260998912428
616.806776592178
616.392434424023
616.260998912428
617.208177987411
616.260998912428
616.333187054687
616.260998912428
616.260998912428
616.806776592178
616.961651923034
630.918844886531
630.918844886531
631.554636330479
616.866023961515
616.734588449920
616.333187054687
616.260998912428
616.808290672454
616.260998912428
616.604667018600
616.260998912428
616.260998912428
616.260998912428
616.260998912428
616.260998912428
617.150444698350
616.260998912428
616.260998912428
616.260998912428
616.392434424023
616.260998912428
616.260998912428
617.363036962169
616.866023961515
616.392434424023
616.260998912428
616.260998912428
616.392434424023
616.260998912428
616.604667018600
616.260998912428
616.734588449920
616.260998912428
616.260998912428
616.260998912428
616.260998912428
616.260998912428
616.392434424023
616.523869935618
616.866023961515
616.260998912428
616.260998912428
617.566676972121
616.392434424023
616.260998912428