最优解为:469.8349
最优解路径:

Best_route =

     3     4     1     2     5     6     0
     0     0     0     0     0     0     0

本次运算用时:1.912秒
算法在第1代时收敛

best
469.834862063670
469.834862063670
469.834862063670
469.834862063670
469.834862063670
469.834862063670
469.834862063670
469.834862063670
469.834862063670
469.834862063670
469.834862063670
469.834862063670
469.834862063670
469.834862063670
469.834862063670
469.834862063670
469.834862063670
469.834862063670
469.834862063670
469.834862063670
469.834862063670
469.834862063670
469.834862063670
469.834862063670
469.834862063670
469.834862063670
469.834862063670
469.834862063670
469.834862063670
469.834862063670
469.834862063670
469.834862063670
469.834862063670
469.834862063670
469.834862063670
469.834862063670
469.834862063670
469.834862063670
469.834862063670
469.834862063670
469.834862063670
469.834862063670
469.834862063670
469.834862063670
469.834862063670
469.834862063670
469.834862063670
469.834862063670
469.834862063670
469.834862063670
469.834862063670
469.834862063670
469.834862063670
469.834862063670
469.834862063670
469.834862063670
469.834862063670
469.834862063670
469.834862063670
469.834862063670
469.834862063670
469.834862063670
469.834862063670
469.834862063670
469.834862063670
469.834862063670
469.834862063670
469.834862063670
469.834862063670
469.834862063670
469.834862063670
469.834862063670
469.834862063670
469.834862063670
469.834862063670
469.834862063670
469.834862063670
469.834862063670
469.834862063670
469.834862063670
469.834862063670
469.834862063670
469.834862063670
469.834862063670
469.834862063670
469.834862063670
469.834862063670
469.834862063670
469.834862063670
469.834862063670
469.834862063670
469.834862063670
469.834862063670
469.834862063670
469.834862063670
469.834862063670
469.834862063670
469.834862063670
469.834862063670
469.834862063670

ave
487.486689460125
487.154381992850
485.356586929825
470.994622028260
469.834862063670
469.834862063670
470.472897162105
470.472897162105
470.921514861661
471.067192830999
470.472897162105
470.472897162106
469.834862063670
470.210908960487
484.834862063670
469.834862063670
470.210908960487
469.834862063670
469.834862063670
469.834862063670
469.834862063670
471.706943102657
470.210908960487
469.834862063670
469.834862063670
470.921514861661
470.210908960487
469.834862063670
469.834862063670
485.545467964845
469.834862063670
469.834862063670
484.834862063670
469.834862063670
485.094598728206
469.834862063670
469.834862063670
469.834862063670
469.834862063670
469.834862063670
500.354335392743
469.834862063670
469.834862063670
469.834862063670
469.834862063670
469.834862063670
470.472897162105
470.210908960487
470.545467964845
470.472897162105
469.834862063670
469.834862063670
469.834862063670
469.834862063670
485.732633826641
470.545467964845
469.834862063670
486.515810530555
470.210908960487
469.834862063670
469.834862063670
471.372384098299
470.586955857303
470.545467964845
469.834862063670
470.210908960487
470.285731300309
471.183503063280
470.356586929825
471.706943102657
470.921514861661
469.834862063670
485.094598728206
470.210908960487
469.834862063670
470.472897162105
469.834862063670
469.834862063670
470.210908960487
469.834862063670
485.094598728206
469.834862063670
469.834862063670
484.834862063670
469.834862063670
470.545467964845
469.834862063670
469.834862063670
469.834862063670
469.834862063670
470.285731300309
469.834862063670
485.094598728206
469.834862063670
469.834862063670
484.834862063670
470.545467964845
470.545467964845
469.834862063670
469.834862063670