最优解为:469.8349
最优解路径:

Best_route =

     0     0     0     0     0     0     0
     3     4     1     2     5     6     0

本次运算用时:2.022秒
算法在第1代时收敛

best
469.834862063670
469.834862063670
469.834862063670
469.834862063670
469.834862063670
469.834862063670
469.834862063670
469.834862063670
469.834862063670
469.834862063670
469.834862063670
469.834862063670
469.834862063670
469.834862063670
469.834862063670
469.834862063670
469.834862063670
469.834862063670
469.834862063670
469.834862063670
469.834862063670
469.834862063670
469.834862063670
469.834862063670
469.834862063670
469.834862063670
469.834862063670
469.834862063670
469.834862063670
469.834862063670
469.834862063670
469.834862063670
469.834862063670
469.834862063670
469.834862063670
469.834862063670
469.834862063670
469.834862063670
469.834862063670
469.834862063670
469.834862063670
469.834862063670
469.834862063670
469.834862063670
469.834862063670
469.834862063670
469.834862063670
469.834862063670
469.834862063670
469.834862063670
469.834862063670
469.834862063670
469.834862063670
469.834862063670
469.834862063670
469.834862063670
469.834862063670
469.834862063670
469.834862063670
469.834862063670
469.834862063670
469.834862063670
469.834862063670
469.834862063670
469.834862063670
469.834862063670
469.834862063670
469.834862063670
469.834862063670
469.834862063670
469.834862063670
469.834862063670
469.834862063670
469.834862063670
469.834862063670
469.834862063670
469.834862063670
469.834862063670
469.834862063670
469.834862063670
469.834862063670
469.834862063670
469.834862063670
469.834862063670
469.834862063670
469.834862063670
469.834862063670
469.834862063670
469.834862063670
469.834862063670
469.834862063670
469.834862063670
469.834862063670
469.834862063670
469.834862063670
469.834862063670
469.834862063670
469.834862063670
469.834862063670
469.834862063670

ave
517.486689460125
516.400036662134
485.356586929825
501.254358692796
470.994622028260
485.994622028260
469.834862063670
485.210908960487
486.183503063280
470.472897162105
470.994622028260
471.183503063280
469.834862063670
471.488694330580
471.297561758478
484.834862063670
484.834862063670
469.834862063670
469.834862063670
469.834862063670
470.545467964845
470.545467964845
471.256073866019
485.470645625023
469.834862063670
471.632120762836
485.094598728206
486.515810530555
469.834862063670
469.834862063670
469.834862063670
469.834862063670
471.183503063280
471.297561758478
486.183503063280
469.834862063670
469.834862063670
469.834862063670
469.834862063670
470.210908960487
470.545467964845
470.210908960487
469.834862063670
470.472897162106
469.834862063670
484.834862063670
469.834862063670
484.834862063670
485.094598728206
470.545467964845
469.834862063670
485.210908960487
470.661778197125
485.545467964845
470.210908960487
469.834862063670
500.732633826641
470.210908960487
469.834862063670
470.661778197125
470.921514861661
470.210908960487
470.545467964845
469.834862063670
469.834862063670
469.834862063670
470.921514861661
469.834862063670
469.834862063670
469.834862063670
485.470645625023
485.732633826642
470.210908960487
471.110932260540
469.834862063670
469.834862063670
469.834862063670
469.834862063670
485.094598728206
470.210908960487
469.834862063670
469.834862063670
469.834862063670
470.356586929825
470.285731300309
470.210908960487
484.834862063670
470.356586929825
470.545467964845
470.356586929825
470.545467964845
484.834862063670
469.834862063670
470.210908960487
470.586955857303
470.545467964845
469.834862063670
469.834862063670
469.834862063670
469.834862063670