最优解为:812.926
最优解路径:

Best_route =

    11     9     5     1     7     8     2     0     0     0     0     0     0
    12     3     4     6    10     0     0     0     0     0     0     0     0

本次运算用时:6.451秒
算法在第9代时收敛

best
841.035213731869
841.035213731869
841.035213731869
841.035213731869
841.035213731869
841.035213731869
841.035213731869
841.035213731869
812.926015956474
812.926015956474
812.926015956474
812.926015956474
812.926015956474
812.926015956474
812.926015956474
812.926015956474
812.926015956474
812.926015956474
812.926015956474
812.926015956474
812.926015956474
812.926015956474
812.926015956474
812.926015956474
812.926015956474
812.926015956474
812.926015956474
812.926015956474
812.926015956474
812.926015956474
812.926015956474
812.926015956474
812.926015956474
812.926015956474
812.926015956474
812.926015956474
812.926015956474
812.926015956474
812.926015956474
812.926015956474
812.926015956474
812.926015956474
812.926015956474
812.926015956474
812.926015956474
812.926015956474
812.926015956474
812.926015956474
812.926015956474
812.926015956474
812.926015956474
812.926015956474
812.926015956474
812.926015956474
812.926015956474
812.926015956474
812.926015956474
812.926015956474
812.926015956474
812.926015956474
812.926015956474
812.926015956474
812.926015956474
812.926015956474
812.926015956474
812.926015956474
812.926015956474
812.926015956474
812.926015956474
812.926015956474
812.926015956474
812.926015956474
812.926015956474
812.926015956474
812.926015956474
812.926015956474
812.926015956474
812.926015956474
812.926015956474
812.926015956474
812.926015956474
812.926015956474
812.926015956474
812.926015956474
812.926015956474
812.926015956474
812.926015956474
812.926015956474
812.926015956474
812.926015956474
812.926015956474
812.926015956474
812.926015956474
812.926015956474
812.926015956474
812.926015956474
812.926015956474
812.926015956474
812.926015956474
812.926015956474
812.926015956474
812.926015956474
812.926015956474
812.926015956474
812.926015956474
812.926015956474
812.926015956474
812.926015956474
812.926015956474
812.926015956474
812.926015956474
812.926015956474
812.926015956474
812.926015956474
812.926015956474
812.926015956474
812.926015956474
812.926015956474
812.926015956474
812.926015956474
812.926015956474
812.926015956474
812.926015956474
812.926015956474
812.926015956474
812.926015956474
812.926015956474
812.926015956474
812.926015956474
812.926015956474
812.926015956474
812.926015956474
812.926015956474
812.926015956474
812.926015956474
812.926015956474
812.926015956474
812.926015956474
812.926015956474
812.926015956474
812.926015956474
812.926015956474
812.926015956474
812.926015956474
812.926015956474
812.926015956474
812.926015956474
812.926015956474
812.926015956474
812.926015956474
812.926015956474
812.926015956474
812.926015956474
812.926015956474
812.926015956474
812.926015956474
812.926015956474
812.926015956474
812.926015956474
812.926015956474
812.926015956474
812.926015956474
812.926015956474
812.926015956474
812.926015956474
812.926015956474
812.926015956474
812.926015956474
812.926015956474
812.926015956474
812.926015956474
812.926015956474
812.926015956474
812.926015956474
812.926015956474
812.926015956474
812.926015956474
812.926015956474
812.926015956474
812.926015956474
812.926015956474
812.926015956474
812.926015956474
812.926015956474
812.926015956474
812.926015956474
812.926015956474
812.926015956474
812.926015956474
812.926015956474
812.926015956474
812.926015956474
812.926015956474
812.926015956474
812.926015956474
812.926015956474
812.926015956474
812.926015956474
812.926015956474
812.926015956474

ave
993.536722460024
908.913271106380
904.170738890442
979.042974696750
921.777061134430
906.417470388942
953.784633851378
921.304495538894
913.767887446453
954.112057552874
945.257954455137
976.273040412308
941.664334823939
895.779125071069
881.801232748996
926.009437958266
937.553286397620
880.101135267283
940.373524917957
948.564203471812
910.731447844019
898.536530664167
870.593199845449
866.690291263730
854.857551446959
869.601824058806
864.074674374636
847.373663936531
848.404550442656
859.501358781900
843.672198703152
846.508507841910
854.764740009941
876.385176088065
855.640476770132
843.191091778230
848.094742019617
842.412922432732
888.184568124943
844.268709467581
847.621199440280
844.871986359456
843.059586403807
841.203799368957
843.322597152653
852.917977367347
842.099960662904
841.203799368957
843.059586403807
841.203799368957
843.191091778230
841.203799368957
841.203799368957
841.968455288481
842.812182611456
853.255634933146
843.059586403807
841.203799368957
841.203799368957
841.203799368957
845.129591567704
841.335304743381
848.240465491993
841.203799368957
841.203799368957
841.203799368957
841.203799368957
841.335304743380
841.203799368957
843.342413935748
841.203799368957
841.203799368957
841.682519182328
843.059586403807
844.105481103075
841.203799368957
841.203799368957
842.412922432732
841.203799368957
845.954636517350
855.941205897161
841.203799368957
842.444590230488
841.203799368957
841.962195646792
860.893977069405
843.275295468331
841.203799368957
841.203799368957
841.203799368957
850.913747547764
841.203799368957
848.240465491993
841.335304743381
841.203799368957
841.203799368957
841.203799368957
841.203799368957
841.203799368957
841.203799368957
841.203799368957
841.203799368957
841.203799368957
841.203799368957
841.419508433481
841.203799368957
841.323761816430
845.261096942127
841.335304743381
841.203799368957
841.203799368957
843.886282325329
841.335304743380
841.419508433481
845.129591567704
843.273804532855
841.203799368957
841.203799368957
843.059586403807
841.203799368957
849.060440266245
841.203799368957
841.203799368957
841.203799368957
841.203799368957
841.335304743380
841.203799368957
841.203799368957
854.244991570039
841.203799368957
841.203799368957
841.323761816430
841.419508433481
842.184164353005
841.203799368957
843.059586403807
841.203799368957
841.203799368957
843.313261745182
841.968455288481
841.203799368957
841.203799368957
841.335304743380
841.203799368957
841.323761816430
841.203799368957
848.240465491993
841.203799368957
841.203799368957
841.203799368957
841.203799368957
841.203799368957
841.203799368957
841.323761816430
841.203799368957
841.419508433481
841.203799368957
841.203799368957
841.203799368957
852.948842465535
841.203799368957
841.203799368957
854.731221806109
841.203799368957
841.203799368957
841.203799368957
843.059586403807
843.831950142524
841.203799368957
841.962195646792
848.240465491993
850.379080058783
841.203799368957
842.040550014681
839.789910198333
843.059586403807
860.442327428694
842.412922432732
842.043797568449
841.203799368957
841.203799368957
841.203799368957
842.022785325356
841.203799368957
841.203799368957
841.335304743381
841.335304743380
841.203799368957
843.336488678762
852.406107383601
841.335304743381
841.203799368957
860.442327428694
845.704977432907
841.203799368957
841.203799368957
841.203799368957
841.203799368957
863.482131075660
841.203799368957