最优解为:742.3584
最优解路径:

Best_route =

     0     0     0     0     0     0     0     0     0     0     0     0     0     0     0     0     0     0     0     0     0
     9    13    10     5    17     6     7    14     2    15    18     0     0     0     0     0     0     0     0     0     0
     0     0     0     0     0     0     0     0     0     0     0     0     0     0     0     0     0     0     0     0     0
     0     0     0     0     0     0     0     0     0     0     0     0     0     0     0     0     0     0     0     0     0
    20    16     4    19    12     3     1    11     8     0     0     0     0     0     0     0     0     0     0     0     0
     0     0     0     0     0     0     0     0     0     0     0     0     0     0     0     0     0     0     0     0     0

本次运算用时:49.39秒
算法在第86代时收敛

best
752.288165273091
752.288165273091
752.288165273091
752.288165273091
748.932273541224
748.932273541224
748.932273541224
748.932273541224
748.932273541224
747.885694289330
747.885694289330
746.266043330774
746.001896643535
746.001896643535
746.001896643535
743.636794725412
743.636794725412
743.636794725412
743.636794725412
743.636794725412
743.636794725412
743.636794725412
743.636794725412
743.636794725412
743.636794725412
743.636794725412
742.753953281104
742.753953281104
742.753953281104
742.753953281104
742.753953281104
742.753953281104
742.753953281104
742.753953281104
742.753953281104
742.753953281104
742.753953281104
742.753953281104
742.753953281104
742.753953281104
742.753953281104
742.753953281104
742.753953281104
742.753953281104
742.753953281104
742.753953281104
742.753953281104
742.753953281104
742.753953281104
742.753953281104
742.753953281104
742.753953281104
742.753953281104
742.753953281104
742.753953281104
742.753953281104
742.753953281104
742.753953281104
742.753953281104
742.753953281104
742.753953281104
742.753953281104
742.753953281104
742.753953281104
742.753953281104
742.358401868786
742.358401868786
742.358401868786
742.358401868786
742.358401868786
742.358401868786
742.358401868786
742.358401868786
742.358401868786
742.358401868786
742.358401868786
742.358401868786
742.358401868786
742.358401868786
742.358401868786
742.358401868786
742.358401868786
742.358401868786
742.358401868786
742.358401868786
742.358401868786
742.358401868786
742.358401868786
742.358401868786
742.358401868786
742.358401868786
742.358401868786
742.358401868786
742.358401868786
742.358401868786
742.358401868786
742.358401868786
742.358401868786
742.358401868786
742.358401868786
742.358401868786
742.358401868786
742.358401868786
742.358401868786
742.358401868786
742.358401868786
742.358401868786
742.358401868786
742.358401868786
742.358401868786
742.358401868786
742.358401868786
742.358401868786
742.358401868786
742.358401868786
742.358401868786
742.358401868786
742.358401868786
742.358401868786
742.358401868786
742.358401868786
742.358401868786
742.358401868786
742.358401868786
742.358401868786
742.358401868786
742.358401868786
742.358401868786
742.358401868786
742.358401868786
742.358401868786
742.358401868786
742.358401868786
742.358401868786
742.358401868786
742.358401868786
742.358401868786
742.358401868786
742.358401868786
742.358401868786
742.358401868786
742.358401868786
742.358401868786
742.358401868786
742.358401868786
742.358401868786
742.358401868786
742.358401868786
742.358401868786
742.358401868786
742.358401868786
742.358401868786
742.358401868786
742.358401868786
742.358401868786
742.358401868786
742.358401868786
742.358401868786
742.358401868786
742.358401868786
742.358401868786
742.358401868786
742.358401868786
742.358401868786
742.358401868786
742.358401868786
742.358401868786
742.358401868786
742.358401868786
742.358401868786
742.358401868786
742.358401868786
742.358401868786
742.358401868786
742.358401868786
742.358401868786
742.358401868786
742.358401868786
742.358401868786
742.358401868786
742.358401868786
742.358401868786
742.358401868786
742.358401868786
742.358401868786
742.358401868786
742.358401868786
742.358401868786
742.358401868786
742.358401868786
742.358401868786
742.358401868786
742.358401868786
742.358401868786
742.358401868786
742.358401868786
742.358401868786
742.358401868786
742.358401868786
742.358401868786
742.358401868786
742.358401868786
742.358401868786
742.358401868786
742.358401868786
742.358401868786
742.358401868786
742.358401868786
742.358401868786
742.358401868786
742.358401868786
742.358401868786
742.358401868786
742.358401868786
742.358401868786
742.358401868786
742.358401868786
742.358401868786
742.358401868786
742.358401868786
742.358401868786
742.358401868786
742.358401868786
742.358401868786
742.358401868786
742.358401868786
742.358401868786
742.358401868786
742.358401868786
742.358401868786
742.358401868786
742.358401868786
742.358401868786
742.358401868786
742.358401868786
742.358401868786
742.358401868786
742.358401868786
742.358401868786
742.358401868786
742.358401868786
742.358401868786
742.358401868786
742.358401868786
742.358401868786
742.358401868786
742.358401868786
742.358401868786
742.358401868786
742.358401868786
742.358401868786
742.358401868786
742.358401868786
742.358401868786
742.358401868786
742.358401868786
742.358401868786
742.358401868786
742.358401868786
742.358401868786
742.358401868786
742.358401868786
742.358401868786
742.358401868786
742.358401868786
742.358401868786
742.358401868786
742.358401868786
742.358401868786
742.358401868786
742.358401868786
742.358401868786
742.358401868786
742.358401868786
742.358401868786
742.358401868786
742.358401868786
742.358401868786
742.358401868786
742.358401868786
742.358401868786
742.358401868786
742.358401868786
742.358401868786
742.358401868786
742.358401868786
742.358401868786
742.358401868786
742.358401868786
742.358401868786
742.358401868786
742.358401868786
742.358401868786
742.358401868786
742.358401868786
742.358401868786
742.358401868786
742.358401868786
742.358401868786
742.358401868786
742.358401868786
742.358401868786
742.358401868786
742.358401868786
742.358401868786
742.358401868786
742.358401868786
742.358401868786
742.358401868786
742.358401868786
742.358401868786
742.358401868786
742.358401868786
742.358401868786
742.358401868786
742.358401868786
742.358401868786
742.358401868786
742.358401868786
742.358401868786
742.358401868786
742.358401868786
742.358401868786
742.358401868786
742.358401868786
742.358401868786
742.358401868786
742.358401868786
742.358401868786
742.358401868786
742.358401868786
742.358401868786
742.358401868786
742.358401868786
742.358401868786
742.358401868786
742.358401868786
742.358401868786
742.358401868786
742.358401868786
742.358401868786
742.358401868786
742.358401868786
742.358401868786
742.358401868786
742.358401868786
742.358401868786
742.358401868786
742.358401868786
742.358401868786
742.358401868786
742.358401868786
742.358401868786
742.358401868786
742.358401868786
742.358401868786
742.358401868786
742.358401868786
742.358401868786
742.358401868786
742.358401868786
742.358401868786
742.358401868786
742.358401868786
742.358401868786
742.358401868786
742.358401868786
742.358401868786
742.358401868786
742.358401868786
742.358401868786
742.358401868786
742.358401868786
742.358401868786
742.358401868786
742.358401868786
742.358401868786
742.358401868786
742.358401868786
742.358401868786
742.358401868786
742.358401868786
742.358401868786
742.358401868786
742.358401868786
742.358401868786
742.358401868786
742.358401868786
742.358401868786
742.358401868786
742.358401868786
742.358401868786
742.358401868786
742.358401868786
742.358401868786
742.358401868786
742.358401868786
742.358401868786
742.358401868786
742.358401868786
742.358401868786
742.358401868786
742.358401868786
742.358401868786
742.358401868786
742.358401868786
742.358401868786
742.358401868786
742.358401868786
742.358401868786
742.358401868786
742.358401868786
742.358401868786
742.358401868786
742.358401868786
742.358401868786
742.358401868786
742.358401868786
742.358401868786
742.358401868786
742.358401868786
