最优解为:941.3053
最优解路径:

Best_route =

     0     0     0     0     0     0     0     0     0     0     0     0     0     0     0     0     0     0     0     0     0
     3     8    11    18     0     0     0     0     0     0     0     0     0     0     0     0     0     0     0     0     0
     0     0     0     0     0     0     0     0     0     0     0     0     0     0     0     0     0     0     0     0     0
     4    16    14    10    13     7     6     9     0     0     0     0     0     0     0     0     0     0     0     0     0
     2    17     5    19    12     1    20    15     0     0     0     0     0     0     0     0     0     0     0     0     0
     0     0     0     0     0     0     0     0     0     0     0     0     0     0     0     0     0     0     0     0     0

本次运算用时:49.583秒
算法在第49代时收敛

best
953.973873117980
952.576016962778
952.576016962778
948.035146018194
948.035146018194
948.035146018194
948.035146018194
948.035146018194
948.035146018194
948.035146018194
946.962777768757
946.962777768757
946.962777768757
945.926619804895
945.926619804895
943.959573685821
943.959573685821
943.959573685821
943.959573685821
943.959573685821
943.959573685821
943.959573685821
943.633773685821
943.633773685821
943.633773685821
943.633773685821
943.633773685821
943.633773685821
943.633773685821
943.633773685821
943.633773685821
943.633773685821
943.633773685821
943.633773685821
943.633773685821
943.633773685821
943.633773685821
943.633773685821
943.633773685821
943.633773685821
943.633773685821
943.633773685821
941.631119300731
941.631119300731
941.631119300731
941.631119300731
941.631119300731
941.631119300731
941.305319300731
941.305319300731
941.305319300731
941.305319300731
941.305319300731
941.305319300731
941.305319300731
941.305319300731
941.305319300731
941.305319300731
941.305319300731
941.305319300731
941.305319300731
941.305319300731
941.305319300731
941.305319300731
941.305319300731
941.305319300731
941.305319300731
941.305319300731
941.305319300731
941.305319300731
941.305319300731
941.305319300731
941.305319300731
941.305319300731
941.305319300731
941.305319300731
941.305319300731
941.305319300731
941.305319300731
941.305319300731
941.305319300731
941.305319300731
941.305319300731
941.305319300731
941.305319300731
941.305319300731
941.305319300731
941.305319300731
941.305319300731
941.305319300731
941.305319300731
941.305319300731
941.305319300731
941.305319300731
941.305319300731
941.305319300731
941.305319300731
941.305319300731
941.305319300731
941.305319300731
941.305319300731
941.305319300731
941.305319300731
941.305319300731
941.305319300731
941.305319300731
941.305319300731
941.305319300731
941.305319300731
941.305319300731
941.305319300731
941.305319300731
941.305319300731
941.305319300731
941.305319300731
941.305319300731
941.305319300731
941.305319300731
941.305319300731
941.305319300731
941.305319300731
941.305319300731
941.305319300731
941.305319300731
941.305319300731
941.305319300731
941.305319300731
941.305319300731
941.305319300731
941.305319300731
941.305319300731
941.305319300731
941.305319300731
941.305319300731
941.305319300731
941.305319300731
941.305319300731
941.305319300731
941.305319300731
941.305319300731
941.305319300731
941.305319300731
941.305319300731
941.305319300731
941.305319300731
941.305319300731
941.305319300731
941.305319300731
941.305319300731
941.305319300731
941.305319300731
941.305319300731
941.305319300731
941.305319300731
941.305319300731
941.305319300731
941.305319300731
941.305319300731
941.305319300731
941.305319300731
941.305319300731
941.305319300731
941.305319300731
941.305319300731
941.305319300731
941.305319300731
941.305319300731
941.305319300731
941.305319300731
941.305319300731
941.305319300731
941.305319300731
941.305319300731
941.305319300731
941.305319300731
941.305319300731
941.305319300731
941.305319300731
941.305319300731
941.305319300731
941.305319300731
941.305319300731
941.305319300731
941.305319300731
941.305319300731
941.305319300731
941.305319300731
941.305319300731
941.305319300731
941.305319300731
941.305319300731
941.305319300731
941.305319300731
941.305319300731
941.305319300731
941.305319300731
941.305319300731
941.305319300731
941.305319300731
941.305319300731
941.305319300731
941.305319300731
941.305319300731
941.305319300731
941.305319300731
941.305319300731
941.305319300731
941.305319300731
941.305319300731
941.305319300731
941.305319300731
941.305319300731
941.305319300731
941.305319300731
941.305319300731
941.305319300731
941.305319300731
941.305319300731
941.305319300731
941.305319300731
941.305319300731
941.305319300731
941.305319300731
941.305319300731
941.305319300731
941.305319300731
941.305319300731
941.305319300731
941.305319300731
941.305319300731
941.305319300731
941.305319300731
941.305319300731
941.305319300731
941.305319300731
941.305319300731
941.305319300731
941.305319300731
941.305319300731
941.305319300731
941.305319300731
941.305319300731
941.305319300731
941.305319300731
941.305319300731
941.305319300731
941.305319300731
941.305319300731
941.305319300731
941.305319300731
941.305319300731
941.305319300731
941.305319300731
941.305319300731
941.305319300731
941.305319300731
941.305319300731
941.305319300731
941.305319300731
941.305319300731
941.305319300731
941.305319300731
941.305319300731
941.305319300731
941.305319300731
941.305319300731
941.305319300731
941.305319300731
941.305319300731
941.305319300731
941.305319300731
941.305319300731
941.305319300731
941.305319300731
941.305319300731
941.305319300731
941.305319300731
941.305319300731
941.305319300731
941.305319300731
941.305319300731
941.305319300731
941.305319300731
941.305319300731
941.305319300731
941.305319300731
941.305319300731
941.305319300731
941.305319300731
941.305319300731
941.305319300731
941.305319300731
941.305319300731
941.305319300731
941.305319300731
941.305319300731
941.305319300731
941.305319300731
941.305319300731
941.305319300731
941.305319300731
941.305319300731
941.305319300731
941.305319300731
941.305319300731
941.305319300731
941.305319300731
941.305319300731
941.305319300731
941.305319300731
941.305319300731
941.305319300731
941.305319300731
941.305319300731
941.305319300731
941.305319300731
941.305319300731
941.305319300731
941.305319300731
941.305319300731
941.305319300731
941.305319300731
941.305319300731
941.305319300731
941.305319300731
941.305319300731
941.305319300731
941.305319300731
941.305319300731
941.305319300731
941.305319300731
941.305319300731
941.305319300731
941.305319300731
941.305319300731
941.305319300731
941.305319300731
941.305319300731
941.305319300731
941.305319300731
941.305319300731
941.305319300731
941.305319300731
941.305319300731
941.305319300731
941.305319300731
941.305319300731
941.305319300731
941.305319300731
941.305319300731
941.305319300731
941.305319300731
941.305319300731
941.305319300731
941.305319300731
941.305319300731
941.305319300731
941.305319300731
941.305319300731
941.305319300731
941.305319300731
941.305319300731
941.305319300731
941.305319300731
941.305319300731
941.305319300731
941.305319300731
941.305319300731
941.305319300731
941.305319300731
941.305319300731
941.305319300731
941.305319300731
941.305319300731
941.305319300731
941.305319300731
941.305319300731
941.305319300731
941.305319300731
941.305319300731
941.305319300731
941.305319300731
941.305319300731
941.305319300731
941.305319300731
941.305319300731
941.305319300731
941.305319300731
941.305319300731
941.305319300731
941.305319300731
941.305319300731
941.305319300731
941.305319300731
941.305319300731
941.305319300731
941.305319300731
941.305319300731
941.305319300731
941.305319300731
941.305319300731
941.305319300731
941.305319300731
941.305319300731
941.305319300731
941.305319300731
941.305319300731
941.305319300731
941.305319300731
941.305319300731
941.305319300731
941.305319300731
941.305319300731
941.305319300731
941.305319300731
941.305319300731
941.305319300731
941.305319300731
941.305319300731
941.305319300731
941.305319300731
