实验环境：
VeiNum = 4
Q_ant = 150
AntNum = 20 
iter_max = 200
抽取的客户节点编号为

Cus_select =

    95    50    38     6    86    52    62    18    54    78    75    66    81     2     9

各任务对应的的客户节点编号为

Task_Cus =

    95    50    38     6    86    52    62    18    54    78    75    66    81     2     9

cus
40	50
40	50
40	50
56	37
72	35
62	80
18	75
21	24
25	30
65	35
44	5
55	60
8	56
5	5
41	37
49	58
22	75
10	35

task
2	4	1	0	1
4	3	2	1	0
2	5	1	0	1
5	3	2	3	0
3	6	3	0	1
6	2	4	5	0
2	7	1	0	1
7	3	2	7	0
3	8	3	0	1
8	2	4	9	0
2	9	1	0	1
9	3	2	11	0
3	10	3	0	1
10	2	4	13	0
2	11	1	0	1
11	3	2	15	0
3	12	3	0	1
12	2	4	17	0
3	13	3	0	1
13	2	4	19	0
3	14	3	0	1
14	2	4	21	0
2	15	1	0	1
15	3	2	23	0
3	16	3	0	1
16	2	4	25	0
2	17	1	0	1
17	3	2	27	0
3	18	3	0	1
18	2	4	29	0

linktime
0	0	0.515388203202208	0	0.883529852353615	1.43005376188691	0.930053761886914	0	0.832541290267336	1.30506210940523	0.805062109405231	0	0.625000000000000	1.22886898685566	0.728868986855663	0	1.12943569980765	0.950693909432999	0.450693909432999	1.31394102980499	0.813941029804985	1.92521928137392	1.42521928137392	0	0.325960120260133	0.801039864469807	0.301039864469807	0	0.770146090037468	1.33852549156242	0.838525491562421
0.515388203202208	0.682054869868874	0	0.682054869868874	16.1245154965971	2.11210863175579	1.08541466730462	0.682054869868874	53.7401153701776	1.98711697927411	0.933407735129724	0.682054869868874	31.7804971641414	1.91092385672454	0.230488611432322	0.682054869868874	34.1760149812701	1.63274877930187	0.575543221661067	1.99599589967386	1.29059094991403	2.60727415124280	1.50519932234904	0.682054869868874	15	1.48309473433868	0.553398590529466	0.682054869868874	50.9901951359279	2.02058036143130	1.15108644332213
1.01538820320221	1.01538820320221	1.69744307307108	1.01538820320221	2.06558472222249	1.08541466730462	2.11210863175579	1.01538820320221	2.01459616013621	0.933407735129724	1.98711697927411	1.01538820320221	1.80705486986887	0.230488611432322	1.91092385672454	1.01538820320221	2.31149056967653	0.575543221661067	1.63274877930187	1.29059094991403	1.99599589967386	1.50519932234904	2.60727415124280	1.01538820320221	1.50801499012901	0.553398590529466	1.48309473433868	1.01538820320221	1.95220095990634	1.15108644332213	2.02058036143130
0.883529852353615	1.05019651902028	16.1245154965971	1.05019651902028	0	2.48025028090720	1.15244305716161	1.05019651902028	67.2011904656458	2.35525862842551	1.30431974607456	1.05019651902028	47.2652091923859	2.27906550587594	0.175000000000000	1.05019651902028	41.0365690573664	2.00089042845328	0.755810822891549	2.36413754882527	1.68393141190489	2.97541580039420	1.83524521522330	1.05019651902028	31.0644491340181	1.85123638349009	0.813172798364530	1.05019651902028	64.0312423743285	2.38872201058270	1.55000000000000
1.38352985235361	1.38352985235361	2.06558472222249	1.38352985235361	2.43372637137390	1.15244305716161	2.48025028090720	1.38352985235361	2.38273780928762	1.30431974607456	2.35525862842551	1.38352985235361	2.17519651902028	0.175000000000000	2.27906550587594	1.38352985235361	2.67963221882793	0.755810822891549	2.00089042845328	1.68393141190489	2.36413754882527	1.83524521522330	2.97541580039420	1.38352985235361	1.87615663928041	0.813172798364530	1.85123638349009	1.38352985235361	2.32034260905775	1.55000000000000	2.38872201058270
0.930053761886914	1.09672042855358	1.08541466730462	1.09672042855358	1.15244305716161	2.52677419044049	0	1.09672042855358	1.10707949127423	2.40178253795881	1.73511526994606	1.09672042855358	1.55503215400840	2.32558941540924	1.12749722837797	1.09672042855358	1.92824401982737	2.04741433798658	0.529740502510427	2.41066145835857	1.47732867026942	3.02193970992750	2.35504777021614	1.09672042855358	1.19634861140054	1.89776029302339	0.638846616959032	1.09672042855358	1.00778221853732	2.43524592011600	1.71919312469542
0	0	0.682054869868874	0	1.05019651902028	1.43005376188691	1.09672042855358	0	0.999207956934002	1.30506210940523	0.971728776071898	0	0.791666666666667	1.22886898685566	0.895535653522329	0	1.29610236647432	0.950693909432999	0.617360576099665	1.31394102980499	0.980607696471652	1.92521928137392	1.59188594804059	0	0.492626786926799	0.801039864469807	0.467706531136474	0	0.936812756704135	1.33852549156242	1.00519215822909
0.832541290267336	0.999207956934002	53.7401153701776	0.999207956934002	67.2011904656458	2.42926171882092	1.10707949127423	0.999207956934002	0	2.30427006633923	1.27720397744448	0.999207956934002	45.5411901469428	2.22807694378967	1.54292741242095	0.999207956934002	74.6726188103779	1.94990186636700	0.998123238883857	2.31314898673899	0.536772763839597	2.92442723830793	1.77992275113276	0.999207956934002	44.4184646290256	1.80024782140381	0.883883476483184	0.999207956934002	4	2.33773344849642	1.01980390271856
1.33254129026734	1.33254129026734	2.01459616013621	1.33254129026734	2.38273780928762	1.10707949127423	2.42926171882092	1.33254129026734	2.33174924720134	1.27720397744448	2.30427006633923	1.33254129026734	2.12420795693400	1.54292741242095	2.22807694378967	1.33254129026734	2.62864365674165	0.998123238883857	1.94990186636700	0.536772763839597	2.31314898673899	1.77992275113276	2.92442723830793	1.33254129026734	1.82516807719414	0.883883476483184	1.80024782140381	1.33254129026734	2.26935404697147	1.01980390271856	2.33773344849642
0.805062109405231	0.971728776071898	0.933407735129724	0.971728776071898	1.30431974607456	2.40178253795881	1.73511526994606	0.971728776071898	1.27720397744448	2.27679088547713	0	0.971728776071898	0.180277563773199	2.20059776292756	1.13385404704486	0.971728776071898	0.745821694508815	1.92242268550490	1.23794184031399	2.28566980587688	0.863495801958527	2.89694805744582	0.620987117418711	0.971728776071898	0.596343022093828	1.77276864054171	1.10113577727726	0.971728776071898	1.27524507448569	2.31025426763432	0.388908729652601
0	0	0.682054869868874	0	1.05019651902028	1.43005376188691	1.09672042855358	0	0.999207956934002	1.30506210940523	0.971728776071898	0	0.791666666666667	1.22886898685566	0.895535653522329	0	1.29610236647432	0.950693909432999	0.617360576099665	1.31394102980499	0.980607696471652	1.92521928137392	1.59188594804059	0	0.492626786926799	0.801039864469807	0.467706531136474	0	0.936812756704135	1.33852549156242	1.00519215822909
0.625000000000000	0.791666666666667	31.7804971641414	0.791666666666667	47.2652091923859	2.22172042855358	1.55503215400840	0.791666666666667	45.5411901469428	2.09672877607190	0.180277563773199	0.791666666666667	0	2.02053565352233	1.00778221853732	0.791666666666667	31.4006369362152	1.74236057609967	1.06066017177982	2.10560769647165	0.776611228350453	2.71688594804059	0.800390529679106	0.791666666666667	17.4642491965730	1.59270653113647	0.921954445729289	0.791666666666667	45.0998891351187	2.13019215822909	0.395284707521047
1.12500000000000	1.12500000000000	1.80705486986887	1.12500000000000	2.17519651902028	1.55503215400840	2.22172042855358	1.12500000000000	2.12420795693400	0.180277563773199	2.09672877607190	1.12500000000000	1.91666666666667	1.00778221853732	2.02053565352233	1.12500000000000	2.42110236647432	1.06066017177982	1.74236057609967	0.776611228350453	2.10560769647165	0.800390529679106	2.71688594804059	1.12500000000000	1.61762678692680	0.921954445729289	1.59270653113647	1.12500000000000	2.06181275670413	0.395284707521047	2.13019215822909
0.728868986855663	0.895535653522329	0.230488611432322	0.895535653522329	0.175000000000000	2.32558941540924	1.12749722837797	0.895535653522329	1.54292741242095	2.20059776292756	1.13385404704486	0.895535653522329	1.00778221853732	2.12440464037799	0	0.895535653522329	0.915491671180028	1.84622956295533	0.673145600891813	2.20947668332731	1.51863425484874	2.82075493489625	1.67705098312484	0.895535653522329	0.602079728939615	1.69657551799214	0.700446286306095	0.895535653522329	1.46820468600260	2.23406114508475	1.37500000000000
