最优解为:733.9436
最优解路径:

Best_route =

     5    10     2    12     0     0     0     0     0     0     0     0     0
    11     1     9     7     8     3     6     4     0     0     0     0     0

本次运算用时:6.641秒
算法在第3代时收敛

best
797.573446548384
742.236377331016
733.943633834459
733.943633834459
733.943633834459
733.943633834459
733.943633834459
733.943633834459
733.943633834459
733.943633834459
733.943633834459
733.943633834459
733.943633834459
733.943633834459
733.943633834459
733.943633834459
733.943633834459
733.943633834459
733.943633834459
733.943633834459
733.943633834459
733.943633834459
733.943633834459
733.943633834459
733.943633834459
733.943633834459
733.943633834459
733.943633834459
733.943633834459
733.943633834459
733.943633834459
733.943633834459
733.943633834459
733.943633834459
733.943633834459
733.943633834459
733.943633834459
733.943633834459
733.943633834459
733.943633834459
733.943633834459
733.943633834459
733.943633834459
733.943633834459
733.943633834459
733.943633834459
733.943633834459
733.943633834459
733.943633834459
733.943633834459
733.943633834459
733.943633834459
733.943633834459
733.943633834459
733.943633834459
733.943633834459
733.943633834459
733.943633834459
733.943633834459
733.943633834459
733.943633834459
733.943633834459
733.943633834459
733.943633834459
733.943633834459
733.943633834459
733.943633834459
733.943633834459
733.943633834459
733.943633834459
733.943633834459
733.943633834459
733.943633834459
733.943633834459
733.943633834459
733.943633834459
733.943633834459
733.943633834459
733.943633834459
733.943633834459
733.943633834459
733.943633834459
733.943633834459
733.943633834459
733.943633834459
733.943633834459
733.943633834459
733.943633834459
733.943633834459
733.943633834459
733.943633834459
733.943633834459
733.943633834459
733.943633834459
733.943633834459
733.943633834459
733.943633834459
733.943633834459
733.943633834459
733.943633834459
733.943633834459
733.943633834459
733.943633834459
733.943633834459
733.943633834459
733.943633834459
733.943633834459
733.943633834459
733.943633834459
733.943633834459
733.943633834459
733.943633834459
733.943633834459
733.943633834459
733.943633834459
733.943633834459
733.943633834459
733.943633834459
733.943633834459
733.943633834459
733.943633834459
733.943633834459
733.943633834459
733.943633834459
733.943633834459
733.943633834459
733.943633834459
733.943633834459
733.943633834459
733.943633834459
733.943633834459
733.943633834459
733.943633834459
733.943633834459
733.943633834459
733.943633834459
733.943633834459
733.943633834459
733.943633834459
733.943633834459
733.943633834459
733.943633834459
733.943633834459
733.943633834459
733.943633834459
733.943633834459
733.943633834459
733.943633834459
733.943633834459
733.943633834459
733.943633834459
733.943633834459
733.943633834459
733.943633834459
733.943633834459
733.943633834459
733.943633834459
733.943633834459
733.943633834459
733.943633834459
733.943633834459
733.943633834459
733.943633834459
733.943633834459
733.943633834459
733.943633834459
733.943633834459
733.943633834459
733.943633834459
733.943633834459
733.943633834459
733.943633834459
733.943633834459
733.943633834459
733.943633834459
733.943633834459
733.943633834459
733.943633834459
733.943633834459
733.943633834459
733.943633834459
733.943633834459
733.943633834459
733.943633834459
733.943633834459
733.943633834459
733.943633834459
733.943633834459
733.943633834459
733.943633834459
733.943633834459
733.943633834459
733.943633834459
733.943633834459
733.943633834459
733.943633834459
733.943633834459
733.943633834459
733.943633834459
733.943633834459

ave
1092.27371156710
973.386836222358
1010.00766832694
1002.52612367872
1029.15230893828
951.127057648664
1008.57297325912
981.687638426119
958.796679545518
995.820470101942
928.384045984536
960.442020608762
983.030284279204
968.722672563289
933.037853042076
919.181057301028
921.678408889472
916.723896690721
946.738346885079
891.930535836328
926.259910753873
927.786023250649
904.108262503431
889.970419582010
891.649617574731
875.470751654494
882.004622638474
822.008073891937
868.046685636195
875.250430695334
817.076848121896
907.102652713284
820.055084034349
852.926064422990
868.201434868331
847.138825116925
821.292952181339
845.186864664238
848.786811476186
838.508077684480
852.260432486693
859.795296399841
825.729147134204
797.258447120868
830.524852015132
814.359751371195
804.290186269420
786.955821898723
782.524724221902
793.080912046189
791.350596389480
810.592141216348
800.560140913846
783.231789409607
781.038050538153
783.950526117187
782.472765443747
800.800107183107
802.644052303820
793.092368233169
789.701721620989
822.937553290176
841.607584482276
816.757469551504
798.151803513403
831.603903007172
844.695381351174
800.847374829586
823.099937660641
799.054722738483
837.258653099473
803.344158944770
807.572692663976
821.509045942994
843.101935053925
805.983794272062
845.383553032417
843.227220632798
839.932000214966
842.169458701267
810.493629900742
886.380410256678
848.588509889995
821.549597459715
852.987138025845
825.051155911567
836.682051894244
825.028681193354
817.872959613043
841.066261173627
807.169214674379
788.166371696186
799.257755716241
816.880996496924
823.198150543859
828.440949452636
827.366063480915
818.152134091041
810.240557821912
814.983874043845
788.541223567807
815.133382754985
796.735384997098
820.542778076080
826.488420881846
850.533971811075
859.936326296492
779.670093208151
824.225165134877
779.670093208151
855.445879430335
802.399396230392
851.319886766508
797.777081934590
809.207184236580
805.185587652015
792.964205701763
811.237107485721
781.751749379013
788.230219427221
788.129182944910
841.369499636730
806.116048732000
805.198930373479
809.025765611655
834.668336140607
829.520971687348
841.796298347999
818.164036155658
876.544768947908
852.780922939093
835.161687059674
810.505514951883
846.834554999714
847.514759064263
789.494924281551
791.305790584978
823.694630081879
838.697328896882
828.885460647534
828.313987287452
812.260230077120
871.065625195598
788.519599163354
815.947262917215
791.204754102667
859.226363295851
805.939061042206
846.851145651912
807.559630892824
779.670093208151
804.693769530101
790.004332348904
823.423054982225
795.565205696345
816.724766482220
808.572144762296
852.156867745725
785.444028005598
791.204754102667
808.627903753892
781.953822343634
828.021776224407
817.139880962699
838.528547931606
811.137685904895
836.589704873675
785.959460757252
823.797906853846
799.084976809241
800.307421608286
831.776148874116
822.711113371011
802.645361597695
813.347108233109
802.399396230392
816.460364086675
815.722770918695
806.030576596513
799.098220749034
805.741196860379
800.905309059998
797.067930682550
807.210032745006
818.145175533054
807.660667375134
826.865907831329
806.864336217524
806.190568293743
816.322138853089
800.281727073894
798.710124937620
809.322120553409
796.424626792214
779.670093208151
794.670316571422
829.459660077457
820.826347201826
797.282107123620
809.764576341751