最优解为:743.5094
最优解路径:

Best_route =

    11     1     3     9     7     8    10     2     4     0     0     0     0
     5    12     6     0     0     0     0     0     0     0     0     0     0

本次运算用时:7.517秒
算法在第12代时收敛

best
782.740166857005
782.740166857005
780.214254799245
780.214254799245
780.214254799245
780.214254799245
754.742013993990
754.742013993990
754.742013993990
754.742013993990
754.742013993990
743.509429156814
743.509429156814
743.509429156814
743.509429156814
743.509429156814
743.509429156814
743.509429156814
743.509429156814
743.509429156814
743.509429156814
743.509429156814
743.509429156814
743.509429156814
743.509429156814
743.509429156814
743.509429156814
743.509429156814
743.509429156814
743.509429156814
743.509429156814
743.509429156814
743.509429156814
743.509429156814
743.509429156814
743.509429156814
743.509429156814
743.509429156814
743.509429156814
743.509429156814
743.509429156814
743.509429156814
743.509429156814
743.509429156814
743.509429156814
743.509429156814
743.509429156814
743.509429156814
743.509429156814
743.509429156814
743.509429156814
743.509429156814
743.509429156814
743.509429156814
743.509429156814
743.509429156814
743.509429156814
743.509429156814
743.509429156814
743.509429156814
743.509429156814
743.509429156814
743.509429156814
743.509429156814
743.509429156814
743.509429156814
743.509429156814
743.509429156814
743.509429156814
743.509429156814
743.509429156814
743.509429156814
743.509429156814
743.509429156814
743.509429156814
743.509429156814
743.509429156814
743.509429156814
743.509429156814
743.509429156814
743.509429156814
743.509429156814
743.509429156814
743.509429156814
743.509429156814
743.509429156814
743.509429156814
743.509429156814
743.509429156814
743.509429156814
743.509429156814
743.509429156814
743.509429156814
743.509429156814
743.509429156814
743.509429156814
743.509429156814
743.509429156814
743.509429156814
743.509429156814
743.509429156814
743.509429156814
743.509429156814
743.509429156814
743.509429156814
743.509429156814
743.509429156814
743.509429156814
743.509429156814
743.509429156814
743.509429156814
743.509429156814
743.509429156814
743.509429156814
743.509429156814
743.509429156814
743.509429156814
743.509429156814
743.509429156814
743.509429156814
743.509429156814
743.509429156814
743.509429156814
743.509429156814
743.509429156814
743.509429156814
743.509429156814
743.509429156814
743.509429156814
743.509429156814
743.509429156814
743.509429156814
743.509429156814
743.509429156814
743.509429156814
743.509429156814
743.509429156814
743.509429156814
743.509429156814
743.509429156814
743.509429156814
743.509429156814
743.509429156814
743.509429156814
743.509429156814
743.509429156814
743.509429156814
743.509429156814
743.509429156814
743.509429156814
743.509429156814
743.509429156814
743.509429156814
743.509429156814
743.509429156814
743.509429156814
743.509429156814
743.509429156814
743.509429156814
743.509429156814
743.509429156814
743.509429156814
743.509429156814
743.509429156814
743.509429156814
743.509429156814
743.509429156814
743.509429156814
743.509429156814
743.509429156814
743.509429156814
743.509429156814
743.509429156814
743.509429156814
743.509429156814
743.509429156814
743.509429156814
743.509429156814
743.509429156814
743.509429156814
743.509429156814
743.509429156814
743.509429156814
743.509429156814
743.509429156814
743.509429156814
743.509429156814
743.509429156814
743.509429156814
743.509429156814
743.509429156814
743.509429156814
743.509429156814
743.509429156814
743.509429156814
743.509429156814
743.509429156814
743.509429156814
743.509429156814
743.509429156814

ave
1054.24455138067
948.367437380620
948.138622525485
963.840125217917
1021.20977919419
1001.46341211238
960.415906981713
973.309932658761
963.026867419356
926.550737780862
971.648207503327
944.992829221721
951.960708986175
953.974342826291
937.860898297993
942.795682083993
962.926008891155
939.092782449407
908.265006569326
961.959843625112
903.603170520960
902.379370828396
911.941631783970
929.641261889242
874.144772882607
899.111530285330
839.357576912396
871.735797475643
872.476545863802
839.525952413714
833.364369294821
875.065823115574
822.669548283086
888.655397628103
824.798911601770
834.428169399050
843.483869838523
833.776843138773
826.485540336021
794.783040635362
826.630037278918
844.123179469040
826.776485286953
800.865836445941
842.295581629166
801.562579590492
811.593456407522
822.898635251202
810.734484437162
799.512001214888
799.350545603299
814.691797638392
780.132651729555
781.661280173413
826.324189520089
789.780529686794
810.602049695213
818.675620985118
805.266809787968
825.236247062560
804.328589471684
859.348566981067
820.100300242649
780.024005265911
789.344115691734
786.950218715344
807.988221915481
810.223578220020
802.485138295552
797.611296608324
806.523620399664
807.950912478381
817.552777918175
811.198607948375
804.590146097465
828.607977815838
795.414194804989
790.589600472531
810.916691159457
796.879799457999
828.038613107964
820.859296655615
830.599364574330
780.162230499497
811.492341077920
830.411641062743
791.757687054086
836.873044043815
828.768863359253
811.697271752782
791.396193092654
790.450608877817
804.353657374730
786.774804730481
816.764711115381
811.933206524509
801.582386426106
790.076130418142
863.732481088833
818.742185490195
792.207404330624
809.891031298696
793.265085667568
797.579617676298
838.779581611675
810.215580945112
804.022099965243
782.381054575645
817.000229790720
809.437342985845
843.684155336344
818.882488663620
784.775164166994
783.005485034345
832.778619561801
853.871050214873
782.875111807398
798.936200184124
826.512132260144
801.375255631092
822.868373473475
807.445696714214
784.889758431736
821.187072861245
792.496611555383
837.025465809976
812.705159254725
789.769741935174
817.700202324393
780.039353698239
817.519269398066
815.524989665029
788.113981687061
829.750569831373
815.158559940575
797.540198281129
792.175071748513
835.341641902549
802.833095245382
803.849058830803
833.214417567431
823.356637266136
801.251761866765
814.440636797601
807.230186545171
829.228267555115
811.635209339708
830.856193963281
786.765185773635
811.800267316005
802.910019405119
801.744508775445
804.385244118016
820.758848876271
816.195184598993
832.629405020660
784.113929730135
825.083733844812
812.760400584411
801.210870063902
834.337193107946
794.826070098630
795.121975872230
811.045823581610
809.290068778369
803.714155918606
787.505588250368
842.158820768584
810.217344140761
802.704874116224
794.916024873169
815.315740758092
815.029994785051
811.007702449950
788.373005976520
788.790734967054
828.154729916230
798.505558821186
825.596759295472
821.322907427904
797.760015810897
793.304778930720
803.099574628463
789.346719542851
799.246126676722
778.063131899336
813.927596402815
784.053294090787
831.666630352592
837.506509415078
786.833189369011
796.201236938171
814.922313407326
809.633741520660
790.418169423368
845.183635527038
795.089078797620
829.181697393424
790.883378842372
783.334810650191