最优解为:774.5749
最优解路径:

Best_route =

     5     1    11     7     8     4    12     0     0     0     0     0     0
     3     9     6     2    10     0     0     0     0     0     0     0     0

本次运算用时:6.547秒
算法在第21代时收敛

best
797.573446548384
780.024005265911
780.024005265911
780.024005265911
780.024005265911
780.024005265911
780.024005265911
780.024005265911
780.024005265911
780.024005265911
780.024005265911
780.024005265911
779.670093208151
779.670093208151
779.670093208151
779.670093208151
779.670093208151
779.670093208151
779.670093208151
779.670093208151
774.574891974343
774.574891974343
774.574891974343
774.574891974343
774.574891974343
774.574891974343
774.574891974343
774.574891974343
774.574891974343
774.574891974343
774.574891974343
774.574891974343
774.574891974343
774.574891974343
774.574891974343
774.574891974343
774.574891974343
774.574891974343
774.574891974343
774.574891974343
774.574891974343
774.574891974343
774.574891974343
774.574891974343
774.574891974343
774.574891974343
774.574891974343
774.574891974343
774.574891974343
774.574891974343
774.574891974343
774.574891974343
774.574891974343
774.574891974343
774.574891974343
774.574891974343
774.574891974343
774.574891974343
774.574891974343
774.574891974343
774.574891974343
774.574891974343
774.574891974343
774.574891974343
774.574891974343
774.574891974343
774.574891974343
774.574891974343
774.574891974343
774.574891974343
774.574891974343
774.574891974343
774.574891974343
774.574891974343
774.574891974343
774.574891974343
774.574891974343
774.574891974343
774.574891974343
774.574891974343
774.574891974343
774.574891974343
774.574891974343
774.574891974343
774.574891974343
774.574891974343
774.574891974343
774.574891974343
774.574891974343
774.574891974343
774.574891974343
774.574891974343
774.574891974343
774.574891974343
774.574891974343
774.574891974343
774.574891974343
774.574891974343
774.574891974343
774.574891974343
774.574891974343
774.574891974343
774.574891974343
774.574891974343
774.574891974343
774.574891974343
774.574891974343
774.574891974343
774.574891974343
774.574891974343
774.574891974343
774.574891974343
774.574891974343
774.574891974343
774.574891974343
774.574891974343
774.574891974343
774.574891974343
774.574891974343
774.574891974343
774.574891974343
774.574891974343
774.574891974343
774.574891974343
774.574891974343
774.574891974343
774.574891974343
774.574891974343
774.574891974343
774.574891974343
774.574891974343
774.574891974343
774.574891974343
774.574891974343
774.574891974343
774.574891974343
774.574891974343
774.574891974343
774.574891974343
774.574891974343
774.574891974343
774.574891974343
774.574891974343
774.574891974343
774.574891974343
774.574891974343
774.574891974343
774.574891974343
774.574891974343
774.574891974343
774.574891974343
774.574891974343
774.574891974343
774.574891974343
774.574891974343
774.574891974343
774.574891974343
774.574891974343
774.574891974343
774.574891974343
774.574891974343
774.574891974343
774.574891974343
774.574891974343
774.574891974343
774.574891974343
774.574891974343
774.574891974343
774.574891974343
774.574891974343
774.574891974343
774.574891974343
774.574891974343
774.574891974343
774.574891974343
774.574891974343
774.574891974343
774.574891974343
774.574891974343
774.574891974343
774.574891974343
774.574891974343
774.574891974343
774.574891974343
774.574891974343
774.574891974343
774.574891974343
774.574891974343
774.574891974343
774.574891974343
774.574891974343
774.574891974343
774.574891974343
774.574891974343
774.574891974343
774.574891974343
774.574891974343
774.574891974343
774.574891974343
774.574891974343

ave
1085.27409677639
941.064040595002
1003.18923411134
1017.87582655447
1004.33072929046
984.232040376616
1023.30677071366
1017.27620139260
1055.19014452061
918.142259909347
948.334945349729
969.882279571819
990.987016718284
929.011824767035
939.641011870283
939.363604015222
934.025688653104
1041.00574100129
996.518932918658
867.196076226875
949.100040561593
870.539571777132
867.223305480936
868.221252607861
862.605924800241
922.788490523567
883.154214528011
898.657651994112
893.608686481036
923.243412453092
875.209502520733
885.598257735872
909.850001954420
826.467847881791
828.722221741859
855.979266972330
816.922162637747
802.510396214729
808.385254755756
823.528959292650
784.180771106658
794.418897115152
809.141029579177
816.086472905381
813.908605825229
823.697040204675
787.517042889216
809.820446304884
781.272604256335
798.802746858088
833.003900738961
783.142721171415
805.853935101921
805.262258818762
790.859143690460
807.747309834765
820.030415123482
800.542272686984
798.802402555567
809.663436395011
804.820058029017
785.828685998282
799.227749860697
796.537078262627
815.379968191163
793.189814740170
805.994279516889
800.325306973666
794.520409738418
817.042418832687
812.164905994498
782.352595622076
803.534270287317
783.948055891739
825.789415641562
785.526623477418
806.874208255385
806.510857809186
815.837465378837
802.738936923579
791.948825731079
785.045060207366
781.975046184520
791.859512692805
802.757735283525
802.777311408375
790.885039105355
795.938796913390
805.957090765614
784.390256681483
804.552247133584
818.984158801746
816.135526096236
796.043329914330
788.640348910906
783.084616320203
814.911882419058
838.941811300449
805.012480375050
834.211129619649
796.645724726270
784.951633706389
791.699055811307
804.400319230803
795.936724087941
811.903675489992
797.632329315626
809.395003024477
792.366353310699
797.249922148411
800.111210357065
797.590992316419
795.288479272203
805.919902014337
790.885039105355
812.678346070042
816.738158095297
808.993887098556
785.609276901964
803.109516098844
796.344655916594
793.884646687022
817.695273613086
781.272604256335
821.850760589218
782.484014495483
797.328989842113
799.901116109522
800.578073320487
788.219706268708
815.310526949981
787.651778055628
810.261001618115
787.738263416079
809.082057104384
800.576221695160
809.189686716146
804.309933264089
801.727924709717
832.738334667740
788.625200997657
823.853794084796
820.480024660383
855.876816789184
815.491505215874
817.126847247640
789.363709942881
803.009314106724
820.336620852347
790.426988258906
821.321471041747
842.122144457622
812.928389769377
866.236597724917
821.136291105747
800.974123739548
801.891827081319
824.772380803513
814.066405615693
789.569036556287
795.048383039313
815.111898736784
803.756589628154
799.066278440686
800.619751730718
789.120252201963
803.618802397180
806.004710843797
816.178689039784
821.008961011125
806.119998717301
804.675063072255
811.504096304115
820.027889662709
805.361994888221
828.503056255905
789.603050726905
799.521848671641
840.974396389374
818.307314937116
807.598157678465
814.845512150327
849.695309336549
811.231536028162
809.208661023213
818.374027988099
789.448040743338
813.233751978340
804.445047255487
822.114825133515
824.683471929395
831.888598533739
817.836764119148
818.263758791902
807.598157678465
799.864996115871
859.884329873182
816.056616820860
789.745608408524
821.030874994988