实验环境：
VeiNum = 2
Q_ant =130（空重箱分开时，70）
AntNum = 25 
iter_max = 200

cus：
40	50
40	50
40	50
50	40
35	32
22	85
8	45
53	35
75	55

task：
2	4	1	0	1
4	3	2	1	0
2	5	1	0	1
5	3	2	3	0
3	6	3	0	1
6	2	4	5	0
2	7	1	0	1
7	3	2	7	0
2	8	1	0	1
8	3	2	9	0
2	9	1	0	1
9	3	2	11	0



抽取的客户节点编号为

Cus_select =

    63    41    14    34    74    82

各任务对应的的客户节点编号为

Task_Cus =

    63    41    14    34    74    82


Task_size: 12

vNum:2

Tasktime:
0
1.02022005725994
0.166666666666667
1.13370520897340
0.166666666666667
0.166666666666667
1.65060009937439
1.47637340370175
0.166666666666667
1.16290249769865
0.166666666666667
1.55055014314985
0.166666666666667

Linktime:
0	0	0.353553390593274	0	0.467038542306735	1.48393343270772	0.983933432707722	0	0.809706737035082	0	0.496235831031980	0	0.883883476483184
0.353553390593274	0.520220057259941	0	0.520220057259941	17	2.00415348996766	1.32500000000000	0.520220057259941	42.2965719651132	0.520220057259941	5.83095189484530	0.520220057259941	29.1547594742265
0.853553390593274	0.853553390593274	1.37377344785321	0.853553390593274	1.48725859956668	1.32500000000000	2.00415348996766	0.853553390593274	1.82992679429502	0.853553390593274	1.51645588829192	0.853553390593274	1.90410353374313
0.467038542306735	0.633705208973402	17	0.633705208973402	0	2.11763864168112	1.36427636496423	0.633705208973402	29.9666481275434	0.633705208973402	18.2482875908947	0.633705208973402	46.1410879802373
0.967038542306735	0.967038542306735	1.48725859956668	0.967038542306735	1.60074375128014	1.36427636496423	2.11763864168112	0.967038542306735	1.94341194600848	0.967038542306735	1.62994104000538	0.967038542306735	2.01758868545659
0.983933432707722	1.15060009937439	1.32500000000000	1.15060009937439	1.36427636496423	2.63453353208211	0	1.15060009937439	1.05948100502085	1.15060009937439	1.47075660800827	1.15060009937439	1.52253899785851
0	0	0.520220057259941	0	0.633705208973402	1.48393343270772	1.15060009937439	0	0.976373403701749	0	0.662902497698647	0	1.05055014314985
0.809706737035082	0.976373403701749	42.2965719651132	0.976373403701749	29.9666481275434	2.46030683640947	1.05948100502085	0.976373403701749	0	0.976373403701749	46.0977222864644	0.976373403701749	67.7421582177598
1.30970673703508	1.30970673703508	1.82992679429502	1.30970673703508	1.94341194600848	1.05948100502085	2.46030683640947	1.30970673703508	2.28608014073683	1.30970673703508	1.97260923473373	1.30970673703508	2.36025688018493
0.496235831031980	0.662902497698647	5.83095189484530	0.662902497698647	18.2482875908947	2.14683593040637	1.47075660800827	0.662902497698647	46.0977222864644	0.662902497698647	0	0.662902497698647	29.7321374946370
0.996235831031980	0.996235831031980	1.51645588829192	0.996235831031980	1.62994104000538	1.47075660800827	2.14683593040637	0.996235831031980	1.97260923473373	0.996235831031980	1.65913832873063	0.996235831031980	2.04678597418183
0.883883476483184	1.05055014314985	29.1547594742265	1.05055014314985	46.1410879802373	2.53448357585757	1.52253899785851	1.05055014314985	67.7421582177598	1.05055014314985	29.7321374946370	1.05055014314985	0
1.38388347648318	1.38388347648318	1.90410353374313	1.38388347648318	2.01758868545659	1.52253899785851	2.53448357585757	1.38388347648318	2.36025688018493	1.38388347648318	2.04678597418183	1.38388347648318	2.43443361963304


linktime（task1）
0	0	0	0.983933432707722	0	0	0
0.353553390593274	0.520220057259941	0.520220057259941	1.32500000000000	0.520220057259941	0.520220057259941	0.520220057259941
0.467038542306735	0.633705208973402	0.633705208973402	1.36427636496423	0.633705208973402	0.633705208973402	0.633705208973402
0	0	0	1.15060009937439	0	0	0
0.809706737035082	0.976373403701749	0.976373403701749	1.05948100502085	0.976373403701749	0.976373403701749	0.976373403701749
0.496235831031980	0.662902497698647	0.662902497698647	1.47075660800827	0.662902497698647	0.662902497698647	0.662902497698647
0.883883476483184	1.05055014314985	1.05055014314985	1.52253899785851	1.05055014314985	1.05055014314985	1.05055014314985

linktime（task2）
0	0.353553390593274	0.467038542306735	1.48393343270772	0.809706737035082	0.496235831031980	0.883883476483184
0.853553390593274	1.37377344785321	1.48725859956668	1.32500000000000	1.82992679429502	1.51645588829192	1.90410353374313
0.967038542306735	1.48725859956668	1.60074375128014	1.36427636496423	1.94341194600848	1.62994104000538	2.01758868545659
0.983933432707722	1.32500000000000	1.36427636496423	2.63453353208211	1.05948100502085	1.47075660800827	1.52253899785851
1.30970673703508	1.82992679429502	1.94341194600848	1.05948100502085	2.28608014073683	1.97260923473373	2.36025688018493
0.996235831031980	1.51645588829192	1.62994104000538	1.47075660800827	1.97260923473373	1.65913832873063	2.04678597418183
1.38388347648318	1.90410353374313	2.01758868545659	1.52253899785851	2.36025688018493	2.04678597418183	2.43443361963304

tasktime（1）
0
1.02022005725994
1.13370520897340
1.65060009937439
1.47637340370175
1.16290249769865
1.55055014314985


tasktime（2）
0
0.166666666666667
0.166666666666667
0.166666666666667
0.166666666666667
0.166666666666667
0.166666666666667