实验环境：
VeiNum = 2
Q_ant = 75（trad100）
AntNum = 20 
iter_max = 200

抽取的客户节点编号为

Cus_select =

    76    84    29    41    65    40     4    21

各任务对应的的客户节点编号为

Task_Cus =

    76    84    29    41    65    40     4    21

cus：
35	35
35	35
35	35
49	42
11	31
64	42
42	7
62	77
40	25
55	20
45	20


task：
2	4	1	0	1
4	3	2	1	0
2	5	1	0	1
5	3	2	3	0
2	6	1	0	1
6	3	2	5	0
3	7	3	0	1
7	2	4	7	0
2	8	1	0	1
8	3	2	9	0
2	9	1	0	1
9	3	2	11	0
2	10	1	0	1
10	3	2	13	0
3	11	3	0	1
11	2	4	15	0


linktime
0	0	0.391311896062463	0	0.608276253029822	0	0.745821694508815	1.22154348448309	0.721543484483091	0	1.24824877328199	0	0.279508497187474	0	0.625000000000000	0.950693909432999	0.450693909432999
0.391311896062463	0.557978562729130	0	0.557978562729130	39.5600808897050	0.557978562729130	15	1.77952204721222	0.892328414878738	0.557978562729130	37.3363094051889	0.557978562729130	19.2353840616713	0.557978562729130	22.8035085019828	1.50867247216213	0.559016994374948
0.891311896062463	0.891311896062463	1.44929045879159	0.891311896062463	1.66625481575895	0.891311896062463	1.80380025723795	0.892328414878738	1.77952204721222	0.891311896062463	2.30622733601112	0.891311896062463	1.33748705991660	0.891311896062463	1.68297856272913	0.559016994374948	1.50867247216213
0.608276253029822	0.774942919696489	39.5600808897050	0.774942919696489	0	0.774942919696489	54.1294744108974	1.99648640417958	0.980114789195633	0.774942919696489	68.6804193347711	0.774942919696489	29.6141857899217	0.774942919696489	45.3541618817943	1.72563682912949	0.893378419260282
1.10827625302982	1.10827625302982	1.66625481575895	1.10827625302982	1.88321917272631	1.10827625302982	2.02076461420530	0.980114789195633	1.99648640417958	1.10827625302982	2.52319169297848	1.10827625302982	1.55445141688396	1.10827625302982	1.89994291969649	0.893378419260282	1.72563682912949
0.745821694508815	0.912488361175482	15	0.912488361175482	54.1294744108974	0.912488361175482	0	2.13403184565857	1.03350133042972	0.912488361175482	35.0570962859162	0.912488361175482	29.4108823397055	0.912488361175482	23.7697286480094	1.86318227060848	0.726722092687432
1.24582169450882	1.24582169450882	1.80380025723795	1.24582169450882	2.02076461420530	1.24582169450882	2.15831005568430	1.03350133042972	2.13403184565857	1.24582169450882	2.66073713445747	1.24582169450882	1.69199685836296	1.24582169450882	2.03748836117548	0.726722092687432	1.86318227060848
0.721543484483091	0.888210151149757	0.892328414878738	0.888210151149757	0.980114789195633	0.888210151149757	1.03350133042972	2.10975363563285	0	0.888210151149757	1.82002747232013	0.888210151149757	0.452769256906871	0.888210151149757	0.459619407771256	1.83890406058276	0.333541601603158
0	0	0.557978562729130	0	0.774942919696489	0	0.912488361175482	1.22154348448309	0.888210151149757	0	1.41491543994866	0	0.446175163854140	0	0.791666666666667	0.950693909432999	0.617360576099665
1.24824877328199	1.41491543994866	37.3363094051889	1.41491543994866	68.6804193347711	1.41491543994866	35.0570962859162	2.63645892443175	1.82002747232013	1.41491543994866	0	1.41491543994866	56.4623768539724	1.41491543994866	57.4282160614449	2.36560934938166	1.48702723579631
1.74824877328199	1.74824877328199	2.30622733601112	1.74824877328199	2.52319169297848	1.74824877328199	2.66073713445747	1.82002747232013	2.63645892443175	1.74824877328199	3.16316421323065	1.74824877328199	2.19442393713613	1.74824877328199	2.53991543994866	1.48702723579631	2.36560934938166
0.279508497187474	0.446175163854140	19.2353840616713	0.446175163854140	29.6141857899217	0.446175163854140	29.4108823397055	1.66771864833723	0.452769256906871	0.446175163854140	56.4623768539724	0.446175163854140	0	0.446175163854140	15.8113883008419	1.39686907328714	0.176776695296637
0.779508497187474	0.779508497187474	1.33748705991660	0.779508497187474	1.55445141688396	0.779508497187474	1.69199685836296	0.452769256906871	1.66771864833723	0.779508497187474	2.19442393713613	0.779508497187474	1.22568366104161	0.779508497187474	1.57117516385414	0.176776695296637	1.39686907328714
0.625000000000000	0.791666666666667	22.8035085019828	0.791666666666667	45.3541618817943	0.791666666666667	23.7697286480094	2.01321015114976	0.459619407771256	0.791666666666667	57.4282160614449	0.791666666666667	15.8113883008419	0.791666666666667	0	1.74236057609967	0.250000000000000
1.12500000000000	1.12500000000000	1.68297856272913	1.12500000000000	1.89994291969649	1.12500000000000	2.03748836117548	0.459619407771256	2.01321015114976	1.12500000000000	2.53991543994866	1.12500000000000	1.57117516385414	1.12500000000000	1.91666666666667	0.250000000000000	1.74236057609967
0.450693909432999	0.617360576099665	0.559016994374948	0.617360576099665	0.893378419260282	0.617360576099665	0.726722092687432	1.83890406058276	0.333541601603158	0.617360576099665	1.48702723579631	0.617360576099665	0.176776695296637	0.617360576099665	0.250000000000000	1.56805448553266	0
0	0	0.557978562729130	0	0.774942919696489	0	0.912488361175482	1.22154348448309	0.888210151149757	0	1.41491543994866	0	0.446175163854140	0	0.791666666666667	0.950693909432999	0.617360576099665


tasktime
0
1.05797856272913
0.166666666666667
1.27494291969649
0.166666666666667
1.41248836117548
0.166666666666667
0.166666666666667
1.38821015114976
1.91491543994866
0.166666666666667
0.946175163854140
0.166666666666667
1.29166666666667
0.166666666666667
0.166666666666667
1.11736057609967


1
2	4	1	0	1
2	5	1	0	1
2	6	1	0	1
7	2	4	0	0
2	8	1	0	1
2	9	1	0	1
2	10	1	0	1
11	2	4	0	0


2
4	3	2	0	0
5	3	2	0	0
6	3	2	0	0
3	7	3	0	1
8	3	2	0	0
9	3	2	0	0
10	3	2	0	0
3	11	3	0	1



linktime1
0	0	0	0	0.721543484483091	0	0	0	0.450693909432999
0.391311896062463	0.557978562729130	0.557978562729130	0.557978562729130	0.892328414878738	0.557978562729130	0.557978562729130	0.557978562729130	0.559016994374948
0.608276253029822	0.774942919696489	0.774942919696489	0.774942919696489	0.980114789195633	0.774942919696489	0.774942919696489	0.774942919696489	0.893378419260282
0.745821694508815	0.912488361175482	0.912488361175482	0.912488361175482	1.03350133042972	0.912488361175482	0.912488361175482	0.912488361175482	0.726722092687432
0	0	0	0	0.888210151149757	0	0	0	0.617360576099665
1.24824877328199	1.41491543994866	1.41491543994866	1.41491543994866	1.82002747232013	1.41491543994866	1.41491543994866	1.41491543994866	1.48702723579631
0.279508497187474	0.446175163854140	0.446175163854140	0.446175163854140	0.452769256906871	0.446175163854140	0.446175163854140	0.446175163854140	0.176776695296637
0.625000000000000	0.791666666666667	0.791666666666667	0.791666666666667	0.459619407771256	0.791666666666667	0.791666666666667	0.791666666666667	0.250000000000000
0	0	0	0	0.888210151149757	0	0	0	0.617360576099665

tasktime1
0
1.05797856272913
1.27494291969649
1.41248836117548
1.38821015114976
1.91491543994866
0.946175163854140
1.29166666666667
1.11736057609967


linktime2
0	0.391311896062463	0.608276253029822	0.745821694508815	1.22154348448309	1.24824877328199	0.279508497187474	0.625000000000000	0.950693909432999
0.891311896062463	1.44929045879159	1.66625481575895	1.80380025723795	0.892328414878738	2.30622733601112	1.33748705991660	1.68297856272913	0.559016994374948
1.10827625302982	1.66625481575895	1.88321917272631	2.02076461420530	0.980114789195633	2.52319169297848	1.55445141688396	1.89994291969649	0.893378419260282
1.24582169450882	1.80380025723795	2.02076461420530	2.15831005568430	1.03350133042972	2.66073713445747	1.69199685836296	2.03748836117548	0.726722092687432
0.721543484483091	0.892328414878738	0.980114789195633	1.03350133042972	2.10975363563285	1.82002747232013	0.452769256906871	0.459619407771256	1.83890406058276
1.74824877328199	2.30622733601112	2.52319169297848	2.66073713445747	1.82002747232013	3.16316421323065	2.19442393713613	2.53991543994866	1.48702723579631
0.779508497187474	1.33748705991660	1.55445141688396	1.69199685836296	0.452769256906871	2.19442393713613	1.22568366104161	1.57117516385414	0.176776695296637
