最优解为:1599.0304
最优解路径:

Best_route =

  1 至 24 列

    13    25    26     3    14    15    16    21    22    28     0     0     0     0     0     0     0     0     0     0     0     0     0     0
    29    30    23    24    17    18     4     5     6     2     0     0     0     0     0     0     0     0     0     0     0     0     0     0
     0     0     0     0     0     0     0     0     0     0     0     0     0     0     0     0     0     0     0     0     0     0     0     0
    27     7     8    19    20     1    11    12     9    10     0     0     0     0     0     0     0     0     0     0     0     0     0     0

  25 至 31 列

     0     0     0     0     0     0     0
     0     0     0     0     0     0     0
     0     0     0     0     0     0     0
     0     0     0     0     0     0     0

本次运算用时:24.626秒
算法在第41代时收敛

best
1720.60061197695
1720.60061197695
1657.84886049934
1657.84886049934
1657.84886049934
1657.84886049934
1657.84886049934
1657.84886049934
1657.84886049934
1657.84886049934
1657.84886049934
1657.84886049934
1657.84886049934
1657.84886049934
1657.84886049934
1657.84886049934
1657.84886049934
1657.84886049934
1657.84886049934
1657.84886049934
1657.84886049934
1657.84886049934
1657.84886049934
1657.84886049934
1657.84886049934
1657.84886049934
1657.84886049934
1655.03935170488
1655.03935170488
1655.03935170488
1655.03935170488
1655.03935170488
1655.03935170488
1655.03935170488
1655.03935170488
1655.03935170488
1655.03935170488
1655.03935170488
1655.03935170488
1655.03935170488
1599.03042755465
1599.03042755465
1599.03042755465
1599.03042755465
1599.03042755465
1599.03042755465
1599.03042755465
1599.03042755465
1599.03042755465
1599.03042755465
1599.03042755465
1599.03042755465
1599.03042755465
1599.03042755465
1599.03042755465
1599.03042755465
1599.03042755465
1599.03042755465
1599.03042755465
1599.03042755465
1599.03042755465
1599.03042755465
1599.03042755465
1599.03042755465
1599.03042755465
1599.03042755465
1599.03042755465
1599.03042755465
1599.03042755465
1599.03042755465
1599.03042755465
1599.03042755465
1599.03042755465
1599.03042755465
1599.03042755465
1599.03042755465
1599.03042755465
1599.03042755465
1599.03042755465
1599.03042755465
1599.03042755465
1599.03042755465
1599.03042755465
1599.03042755465
1599.03042755465
1599.03042755465
1599.03042755465
1599.03042755465
1599.03042755465
1599.03042755465
1599.03042755465
1599.03042755465
1599.03042755465
1599.03042755465
1599.03042755465
1599.03042755465
1599.03042755465
1599.03042755465
1599.03042755465
1599.03042755465
1599.03042755465
1599.03042755465
1599.03042755465
1599.03042755465
1599.03042755465
1599.03042755465
1599.03042755465
1599.03042755465
1599.03042755465
1599.03042755465
1599.03042755465
1599.03042755465
1599.03042755465
1599.03042755465
1599.03042755465
1599.03042755465
1599.03042755465
1599.03042755465
1599.03042755465
1599.03042755465
1599.03042755465
1599.03042755465
1599.03042755465
1599.03042755465
1599.03042755465
1599.03042755465
1599.03042755465
1599.03042755465
1599.03042755465
1599.03042755465
1599.03042755465
1599.03042755465
1599.03042755465
1599.03042755465
1599.03042755465
1599.03042755465
1599.03042755465
1599.03042755465
1599.03042755465
1599.03042755465
1599.03042755465
1599.03042755465
1599.03042755465
1599.03042755465
1599.03042755465
1599.03042755465
1599.03042755465
1599.03042755465
1599.03042755465
1599.03042755465
1599.03042755465
1599.03042755465
1599.03042755465
1599.03042755465
1599.03042755465
1599.03042755465
1599.03042755465
1599.03042755465
1599.03042755465
1599.03042755465
1599.03042755465
1599.03042755465
1599.03042755465
1599.03042755465
1599.03042755465
1599.03042755465
1599.03042755465
1599.03042755465
1599.03042755465
1599.03042755465
1599.03042755465
1599.03042755465
1599.03042755465
1599.03042755465
1599.03042755465
1599.03042755465
1599.03042755465
1599.03042755465
1599.03042755465
1599.03042755465
1599.03042755465
1599.03042755465
1599.03042755465
1599.03042755465
1599.03042755465
1599.03042755465
1599.03042755465
1599.03042755465
1599.03042755465
1599.03042755465
1599.03042755465
1599.03042755465
1599.03042755465
1599.03042755465
1599.03042755465
1599.03042755465
1599.03042755465
1599.03042755465
1599.03042755465
1599.03042755465

ave
2395.42537092498
2336.68540861061
2306.90292407401
2286.97747493426
2398.12429821257
2404.30340756035
2348.75185935973
2359.56935877331
2289.67101535687
2383.50648279444
2433.72091681386
2385.05715761191
2412.42435066922
2345.16310578606
2370.34276261276
2338.16495899989
2276.83292704900
2335.32628170805
2293.86904388178
2305.04773510574
2403.77607661881
2516.98631852777
2360.36912204127
2376.38514415980
2341.96557344659
2477.94938518104
2460.83698512812
2378.68046653469
2428.88603904968
2379.18217939135
2351.04270165750
2496.27158727120
2482.21589093634
2400.18209971579
2280.59766895855
2416.44822672506
2338.45373459335
2035.63202354605
2300.19235930586
2229.50977369701
2043.18341316866
2211.42482177038
2359.08020295250
2187.24077899593
2073.86213927688
2142.57390020134
2182.43548103110
2167.21031573098
2131.69948129099
2240.15597735001
2097.65272353216
2126.50799684266
2129.98669173572
2244.08387165155
2110.43309970876
2280.65824843960
2160.02078467674
2120.15929416197
2087.12324973267
2347.82500048308
2122.60787646363
2208.23181026248
2305.55510864496
2085.39708276388
2053.98898529109
2084.06459600909
2393.21068544521
2116.70341054001
2210.46838375760
2082.90037171345
1996.22488554091
1926.19654485117
1854.92024530455
1817.30231933907
1998.87997490106
1903.97316987443
1862.91619685599
1917.93097705053
1907.57897587600
1871.75369080006
1943.30021482432
1786.54546564809
1819.60617116629
2063.67949239755
1726.71154409284
1903.30024146473
1793.15568650548
1766.87905468660
1875.48836369366
1896.20885868221
1924.35025653093
1747.02848300380
1958.47898614382
1914.79813314712
1900.06379046741
2070.96651829381
1864.42345093557
2017.43094543869
2007.80346100525
1848.79540616633
1975.14493359359
1978.58401929955
1937.55018616536
1903.30292273592
1929.11236123927
2189.32809643246
1936.84690199921
2001.87455042775
1869.33498713785
1830.81950877435
1904.31881854115
1953.29082177758
1864.35444145487
1974.74560783831
2065.52850812081
1851.06985480105
1946.07442530576
2070.26479935776
2062.50785292775
1936.19761648128
1885.94226782356
2078.96035804872
2012.29068353872
2058.51632308538
1903.76480989315
2107.82781488181
1946.51153426405
1943.83743563656
1940.61640501634
1993.26802548354
1955.00341187134
1914.11993004387
1947.49426489214
1992.25640677689
1938.91370570896
2000.38897132227
1988.74492247305
1935.06092798914
1953.36172859886
1861.65555815582
1981.66284554667
1989.03857302929
2073.77569018611
2049.14518032317
1848.93562604823
1944.33283239954
1920.10267075906
1962.32628425945
1826.26302661166
1904.74478938511
1887.84195320428
1944.22982932846
1903.97923310536
1984.05916916637
2103.76158945026
1975.16359247395
1842.91407667637
1960.65536306829
1977.57507590545
1906.65015224792
1919.72906933071
1916.32884996427
1845.45361806052
1934.38827320573
2149.05143807102
2105.68369120447
1937.04628338326
1967.81339942549
1930.26383823372
1891.58894028750
2000.45005989815
1990.45381240983
1838.60451617524
2078.91493135504
2009.80285974615
1830.21618915289
2030.13979204763
2001.78741392586
2016.34544572655
1901.82803206649
1984.59543206430
2004.08404102187
2048.92775800577
1887.54733692591
2005.61140415436
1998.96295431061
1987.76442850170
1962.63865910576
2044.70450020529
1961.69190667996
2023.89634031256
2004.96779350845
1977.08000243182
1914.85657478294
1827.68582931481
1935.64186137216
1789.81599240562
1947.79592361212
2006.84536121200
1973.56332716077