最优解为:597.9961
最优解路径:

Best_route =

     0     0     0     0     0     0     0     0     0     0     0
     7     8     3     4     5     6     9    10     1     2     0

本次运算用时:143.361秒
算法在第1代时收敛

best
597.996115031289
597.996115031289
597.996115031289
597.996115031289
597.996115031289
597.996115031289
597.996115031289
597.996115031289
597.996115031289
597.996115031289
597.996115031289
597.996115031289
597.996115031289
597.996115031289
597.996115031289
597.996115031289
597.996115031289
597.996115031289
597.996115031289
597.996115031289
597.996115031289
597.996115031289
597.996115031289
597.996115031289
597.996115031289
597.996115031289
597.996115031289
597.996115031289
597.996115031289
597.996115031289
597.996115031289
597.996115031289
597.996115031289
597.996115031289
597.996115031289
597.996115031289
597.996115031289
597.996115031289
597.996115031289
597.996115031289
597.996115031289
597.996115031289
597.996115031289
597.996115031289
597.996115031289
597.996115031289
597.996115031289
597.996115031289
597.996115031289
597.996115031289
597.996115031289
597.996115031289
597.996115031289
597.996115031289
597.996115031289
597.996115031289
597.996115031289
597.996115031289
597.996115031289
597.996115031289
597.996115031289
597.996115031289
597.996115031289
597.996115031289
597.996115031289
597.996115031289
597.996115031289
597.996115031289
597.996115031289
597.996115031289
597.996115031289
597.996115031289
597.996115031289
597.996115031289
597.996115031289
597.996115031289
597.996115031289
597.996115031289
597.996115031289
597.996115031289
597.996115031289
597.996115031289
597.996115031289
597.996115031289
597.996115031289
597.996115031289
597.996115031289
597.996115031289
597.996115031289
597.996115031289
597.996115031289
597.996115031289
597.996115031289
597.996115031289
597.996115031289
597.996115031289
597.996115031289
597.996115031289
597.996115031289
597.996115031289

ave
768.526402097667
753.537072959962
743.296660514126
732.393216634223
683.307260916005
695.903919175673
719.417687529768
719.544561146648
753.068660033651
696.117323640812
707.029769005427
707.122472187035
659.469722493362
719.215344983613
695.625026221417
683.776107701178
658.136416167748
661.398756401054
658.684938416159
634.715335568379
671.471004728371
647.359475418532
611.758407015380
659.926275972044
634.661829497381
623.152790454772
636.175453439512
622.742083937147
647.548692947172
660.052795587201
609.762768025120
622.528494430156
623.502894750603
634.484638765143
611.096427659100
610.325501211784
598.523158504234
622.218547167738
648.238579756087
623.040986639062
598.442570889690
634.382343968857
646.589264225107
611.055509965558
598.382951276650
598.183885096155
636.388333885468
610.504876919078
610.897613033730
610.310278058277
610.440849613402
598.141209912910
622.703943099573
610.504876919078
621.975876877354
609.762768025120
610.256558314528
634.784278465635
635.705887968976
624.165102513160
611.042707915350
610.645564108063
622.809360909182
598.122507993411
598.141209912910
634.906936317945
671.748207399553
610.984328923841
598.122507993411
635.064959902809
635.885263676270
622.828319865857
622.639664238772
635.265877050377
646.991679376643
622.449877978068
623.104342055271
610.610803320988
622.970034696978
611.661132008219
611.061666872025
610.755898202609
610.776364762821
623.478796584767
610.577550137450
610.504876919078
598.316177927568
611.152790454772
621.947059323995
598.248900955533
634.092891204193
635.812842013022
634.949611501191
611.066554526062
623.168620222715
609.762768025120
623.551469803139
659.182351199566
609.996115031289
598.141209912910