最优解为:902.1614
最优解路径:

Best_route =

    11    12     5     6     9    10     3     4     2     0     0     0     0
     7     8     1     0     0     0     0     0     0     0     0     0     0

本次运算用时:5.987秒
算法在第37代时收敛

best
907.108067861501
903.279962495473
903.279962495473
903.279962495473
903.279962495473
903.279962495473
903.279962495473
903.279962495473
903.279962495473
903.279962495473
903.279962495473
903.279962495473
903.199596160515
903.199596160515
903.199596160515
903.199596160515
903.199596160515
903.199596160515
903.199596160515
903.199596160515
903.199596160515
903.199596160515
903.199596160515
903.199596160515
903.199596160515
903.199596160515
903.199596160515
903.199596160515
903.199596160515
903.199596160515
903.199596160515
903.199596160515
903.199596160515
903.199596160515
903.199596160515
903.199596160515
902.161412072784
902.161412072784
902.161412072784
902.161412072784
902.161412072784
902.161412072784
902.161412072784
902.161412072784
902.161412072784
902.161412072784
902.161412072784
902.161412072784
902.161412072784
902.161412072784
902.161412072784
902.161412072784
902.161412072784
902.161412072784
902.161412072784
902.161412072784
902.161412072784
902.161412072784
902.161412072784
902.161412072784
902.161412072784
902.161412072784
902.161412072784
902.161412072784
902.161412072784
902.161412072784
902.161412072784
902.161412072784
902.161412072784
902.161412072784
902.161412072784
902.161412072784
902.161412072784
902.161412072784
902.161412072784
902.161412072784
902.161412072784
902.161412072784
902.161412072784
902.161412072784
902.161412072784
902.161412072784
902.161412072784
902.161412072784
902.161412072784
902.161412072784
902.161412072784
902.161412072784
902.161412072784
902.161412072784
902.161412072784
902.161412072784
902.161412072784
902.161412072784
902.161412072784
902.161412072784
902.161412072784
902.161412072784
902.161412072784
902.161412072784
902.161412072784
902.161412072784
902.161412072784
902.161412072784
902.161412072784
902.161412072784
902.161412072784
902.161412072784
902.161412072784
902.161412072784
902.161412072784
902.161412072784
902.161412072784
902.161412072784
902.161412072784
902.161412072784
902.161412072784
902.161412072784
902.161412072784
902.161412072784
902.161412072784
902.161412072784
902.161412072784
902.161412072784
902.161412072784
902.161412072784
902.161412072784
902.161412072784
902.161412072784
902.161412072784
902.161412072784
902.161412072784
902.161412072784
902.161412072784
902.161412072784
902.161412072784
902.161412072784
902.161412072784
902.161412072784
902.161412072784
902.161412072784
902.161412072784
902.161412072784
902.161412072784
902.161412072784
902.161412072784
902.161412072784
902.161412072784
902.161412072784
902.161412072784
902.161412072784
902.161412072784
902.161412072784
902.161412072784
902.161412072784
902.161412072784
902.161412072784
902.161412072784
902.161412072784
902.161412072784
902.161412072784
902.161412072784
902.161412072784
902.161412072784
902.161412072784
902.161412072784
902.161412072784
902.161412072784
902.161412072784
902.161412072784
902.161412072784
902.161412072784
902.161412072784
902.161412072784
902.161412072784
902.161412072784
902.161412072784
902.161412072784
902.161412072784
902.161412072784
902.161412072784
902.161412072784
902.161412072784
902.161412072784
902.161412072784
902.161412072784
902.161412072784
902.161412072784
902.161412072784
902.161412072784
902.161412072784
902.161412072784
902.161412072784
902.161412072784
902.161412072784
902.161412072784
902.161412072784
902.161412072784
902.161412072784
902.161412072784

ave
1073.27447520759
1084.22399239888
1129.61831298785
981.972884796932
1146.17016573323
1163.33639245992
1044.89521606213
979.363780252495
1116.23124692899
1014.42229878065
1024.84975742016
1027.27239156535
1070.65012607917
1019.34231768093
1005.02760055222
985.940917047206
1038.80467456337
974.312845540633
936.336486215493
1034.99283260727
936.126738957294
981.706115537656
949.567848846362
933.624287802709
971.196569887808
916.781289684183
951.565743906293
944.159914081665
947.806691789214
957.641159274502
944.116262702578
966.597154238440
925.814363183753
911.878240008049
916.384732904091
914.510039643078
937.500426488792
917.555041383174
966.419107987546
963.505961808545
911.667212611326
958.611363960076
947.209546630958
926.440673535508
912.104627083845
946.516336165512
934.476131747624
919.211807976364
950.240797285036
911.671056660239
944.738781115179
926.819540090109
922.000710913131
912.013820329792
909.152084290776
963.763383217224
945.756951856050
921.286929373598
919.325361196995
926.623972255430
923.365875335035
913.681864686657
957.281742175796
915.219207470289
975.281321435736
948.432852970011
913.691471001585
916.870275483518
995.419304628759
921.510924002489
975.637329041698
983.614732423367
921.142082931421
919.641120863180
917.032068734483
914.373472267782
961.838081191516
950.675447416727
912.239350411166
911.710999393666
926.623972255430
943.313816458442
924.796201992704
906.765740154037
919.449954814921
984.625850122212
908.978493469050
1011.67047213982
955.710176231574
917.909350349750
913.821152057871
919.425208565634
911.269523708418
957.819592540594
918.805907558103
919.816976028587
915.771355174088
966.575988600021
912.614212330059
917.361140407831
940.744150339316
1016.87241210824
907.064700861999
1036.40221467458
961.468496540923
1006.58066340759
909.909998478093
915.073545631859
929.708644443358
928.362982974055
921.966151133365
1036.99698415525
963.323165161331
952.600423614012
915.174063905054
913.905791883709
914.153143018216
914.130371527835
1009.04327430980
1004.03181638772
918.990342461231
965.912319700081
907.514388062600
916.259435454258
916.922545208470
964.689116612819
914.354397995534
906.868345273906
916.910091955274
946.388776689491
906.434929001413
911.575733046538
909.336310386766
915.914076732952
1004.07297207252
910.061619101551
917.505709447295
953.046750015493
948.897479470443
914.281585805646
928.929446611583
916.602199123811
913.800408249989
919.563175065111
917.300939125372
917.847718088978
921.751830251241
914.315536350883
914.266532557484
927.388151817039
955.969656858184
965.934205910858
914.974619295918
961.223568708933
918.085463149848
959.247221475319
909.570760881449
911.644053120369
927.121726410283
954.535744907208
956.134004425693
922.001787165804
920.005772809494
912.269485151099
1003.03960769614
926.309958299306
911.462506713732
914.232582012247
961.147180935047
919.587601898300
914.135166013996
951.262687693091
936.869897936941
924.549168834199
957.833278800638
913.676417753423
911.198175444358
924.956879620642
912.080365450976
945.795719533837
914.978640320005
914.266532557484
952.042206309592
909.013676329772
911.442602822807
955.265176467276
916.671331610650
913.736563281155
924.810334948012
917.841033899231
961.813683512994
908.520665501332
1014.13462014397
916.959095748673
981.679687474384
913.679341509482
915.082463119819
913.105706960374
918.899529244258
951.520142674571