最优解为:740.6636
最优解路径:

Best_route =

    12     7     8     5     2     6     0     0     0     0     0     0     0
    11     9     3     1    10     4     0     0     0     0     0     0     0

本次运算用时:15.655秒
算法在第149代时收敛

best
794.219576690830
748.362385707517
748.362385707517
748.362385707517
748.362385707517
745.557979884149
745.557979884149
745.557979884149
745.557979884149
745.557979884149
745.557979884149
745.557979884149
745.557979884149
745.557979884149
745.557979884149
745.557979884149
745.557979884149
745.557979884149
745.557979884149
745.557979884149
745.557979884149
745.557979884149
745.557979884149
745.557979884149
745.557979884149
745.557979884149
745.557979884149
745.557979884149
745.557979884149
745.557979884149
745.557979884149
745.557979884149
745.557979884149
745.557979884149
745.557979884149
745.557979884149
745.557979884149
745.557979884149
745.557979884149
745.557979884149
745.557979884149
745.557979884149
745.557979884149
745.557979884149
745.557979884149
745.557979884149
745.557979884149
745.557979884149
745.557979884149
745.557979884149
745.557979884149
745.557979884149
745.557979884149
745.557979884149
745.557979884149
745.557979884149
745.557979884149
745.557979884149
745.557979884149
745.557979884149
745.557979884149
745.557979884149
744.044557786005
744.044557786005
744.044557786005
744.044557786005
744.044557786005
744.044557786005
744.044557786005
744.044557786005
744.044557786005
744.044557786005
744.044557786005
744.044557786005
744.044557786005
744.044557786005
744.044557786005
744.044557786005
744.044557786005
744.044557786005
744.044557786005
744.044557786005
744.044557786005
744.044557786005
744.044557786005
744.044557786005
744.044557786005
744.044557786005
744.044557786005
744.044557786005
744.044557786005
744.044557786005
744.044557786005
744.044557786005
744.044557786005
744.044557786005
744.044557786005
744.044557786005
744.044557786005
744.044557786005
744.044557786005
744.044557786005
744.044557786005
744.044557786005
744.044557786005
744.044557786005
744.044557786005
744.044557786005
744.044557786005
744.044557786005
744.044557786005
744.044557786005
744.044557786005
744.044557786005
744.044557786005
744.044557786005
744.044557786005
744.044557786005
744.044557786005
744.044557786005
744.044557786005
744.044557786005
744.044557786005
744.044557786005
744.044557786005
744.044557786005
744.044557786005
744.044557786005
744.044557786005
744.044557786005
744.044557786005
744.044557786005
744.044557786005
744.044557786005
744.044557786005
744.044557786005
744.044557786005
744.044557786005
744.044557786005
744.044557786005
744.044557786005
744.044557786005
744.044557786005
744.044557786005
744.044557786005
744.044557786005
744.044557786005
744.044557786005
740.663641459706
740.663641459706
740.663641459706
740.663641459706
740.663641459706
740.663641459706
740.663641459706
740.663641459706
740.663641459706
740.663641459706
740.663641459706
740.663641459706
740.663641459706
740.663641459706
740.663641459706
740.663641459706
740.663641459706
740.663641459706
740.663641459706
740.663641459706
740.663641459706
740.663641459706
740.663641459706
740.663641459706
740.663641459706
740.663641459706
740.663641459706
740.663641459706
740.663641459706
740.663641459706
740.663641459706
740.663641459706
740.663641459706
740.663641459706
740.663641459706
740.663641459706
740.663641459706
740.663641459706
740.663641459706
740.663641459706
740.663641459706
740.663641459706
740.663641459706
740.663641459706
740.663641459706
740.663641459706
740.663641459706
740.663641459706
740.663641459706
740.663641459706
740.663641459706
740.663641459706

ave
966.286363971621
894.046527586082
945.091156259899
893.204273833062
889.694324306357
901.037857719017
890.995229699071
891.040650119245
939.452637587832
905.750534463351
947.274277731526
915.301440204817
896.024317166086
916.050952301714
902.669951340549
885.077123245795
907.720419262563
890.489409404380
901.254556290940
890.209276228996
859.825157981781
885.273436298535
898.175724227088
873.720470066884
865.552375827163
858.134478746680
830.586881594109
827.088223825163
848.908616115140
798.933071633296
805.235468023868
791.962632263769
785.798662379746
796.246011229851
814.067175692557
790.908917049071
819.484751285576
786.982985416277
800.901600612096
818.805506804597
801.639838004698
801.313023560016
784.854225923911
790.084720646331
782.856643009053
804.889879994116
792.257904308127
783.065625994689
789.300963369059
784.854225923911
786.001383935882
782.635160373184
786.791988118754
799.232078612566
783.119607191164
782.635160373184
793.916204361190
786.553541201090
782.635160373184
783.047259269966
782.635160373184
782.635160373184
781.091536269697
787.960040885326
790.512772049699
782.745901691119
784.982669310724
791.630606078882
782.635160373184
782.635160373184
786.013272429718
782.635160373184
789.300963369059
782.745901691119
782.635160373184
787.960040885326
785.219517314897
782.635160373184
782.635160373184
782.745901691119
782.635160373184
786.059011474397
782.635160373184
796.485968105861
782.877383782174
782.635160373184
782.635160373184
805.065283612421
782.635160373184
784.572922568028
782.635160373184
782.635160373184
783.490057771208
782.635160373184
788.614363191098
783.194069381503
782.635160373184
782.635160373184
788.268408655931
789.035468194462
784.572922568028
782.635160373184
782.745901691119
782.635160373184
784.572922568028
782.635160373184
791.026219894140
790.512772049699
783.044907115881
782.635160373184
784.879299199187
793.916204361190
788.308000106725
782.635160373184
782.635160373184
782.635160373184
782.635160373184
783.744472368554
784.572922568028
787.951034624561
782.635160373184
787.960040885326
782.635160373184
793.943535647291
784.572922568028
782.902763488912
784.615779006246
782.745901691119
782.635160373184
794.917833050264
796.481836235367
796.481836235367
784.572922568028
782.635160373184
782.635160373184
800.316512182468
782.635160373184
788.289648952668
782.635160373184
782.877383782174
782.635160373184
782.980307702085
782.635160373184
784.918069896928
784.572922568028
793.916204361190
782.635160373184
782.635160373184
781.301446945546
783.744472368554
787.157279509740
789.796615348411
782.635160373184
783.273107575458
783.047259269966
782.635160373184
782.635160373184
783.044907115881
783.744472368554
782.877383782174
789.081378196005
782.635160373184
782.635160373184
786.963287943786
782.635160373184
782.635160373184
782.635160373184
782.635160373184
784.615779006246
782.635160373184
782.635160373184
788.904195771459
785.564664643798
782.635160373184
789.796615348411
782.635160373184
784.572922568028
789.622838932353
782.635160373184
782.635160373184
795.848020903586
782.635160373184
784.572922568028
782.635160373184
782.635160373184
790.542241237153
789.277691603452
782.635160373184
796.527892589004
782.635160373184
782.635160373184
797.280850600541
782.635160373184
782.635160373184
782.635160373184
796.642903398267
784.572922568028
787.960040885326
787.960040885326
782.635160373184