最优解为745.1472
最优解路径

Best_route =

    11     7     5     3     4     1     9     2     8    10     0     0     0
    12     6     0     0     0     0     0     0     0     0     0     0     0

本次运算用时11.296秒
算法在第3代时收敛

best
793.396800910814
793.396800910814
745.147243938545
745.147243938545
745.147243938545
745.147243938545
745.147243938545
745.147243938545
745.147243938545
745.147243938545
745.147243938545
745.147243938545
745.147243938545
745.147243938545
745.147243938545
745.147243938545
745.147243938545
745.147243938545
745.147243938545
745.147243938545
745.147243938545
745.147243938545
745.147243938545
745.147243938545
745.147243938545
745.147243938545
745.147243938545
745.147243938545
745.147243938545
745.147243938545
745.147243938545
745.147243938545
745.147243938545
745.147243938545
745.147243938545
745.147243938545
745.147243938545
745.147243938545
745.147243938545
745.147243938545
745.147243938545
745.147243938545
745.147243938545
745.147243938545
745.147243938545
745.147243938545
745.147243938545
745.147243938545
745.147243938545
745.147243938545
745.147243938545
745.147243938545
745.147243938545
745.147243938545
745.147243938545
745.147243938545
745.147243938545
745.147243938545
745.147243938545
745.147243938545
745.147243938545
745.147243938545
745.147243938545
745.147243938545
745.147243938545
745.147243938545
745.147243938545
745.147243938545
745.147243938545
745.147243938545
745.147243938545
745.147243938545
745.147243938545
745.147243938545
745.147243938545
745.147243938545
745.147243938545
745.147243938545
745.147243938545
745.147243938545
745.147243938545
745.147243938545
745.147243938545
745.147243938545
745.147243938545
745.147243938545
745.147243938545
745.147243938545
745.147243938545
745.147243938545
745.147243938545
745.147243938545
745.147243938545
745.147243938545
745.147243938545
745.147243938545
745.147243938545
745.147243938545
745.147243938545
745.147243938545
745.147243938545
745.147243938545
745.147243938545
745.147243938545
745.147243938545
745.147243938545
745.147243938545
745.147243938545
745.147243938545
745.147243938545
745.147243938545
745.147243938545
745.147243938545
745.147243938545
745.147243938545
745.147243938545
745.147243938545
745.147243938545
745.147243938545
745.147243938545
745.147243938545
745.147243938545
745.147243938545
745.147243938545
745.147243938545
745.147243938545
745.147243938545
745.147243938545
745.147243938545
745.147243938545
745.147243938545
745.147243938545
745.147243938545
745.147243938545
745.147243938545
745.147243938545
745.147243938545
745.147243938545
745.147243938545
745.147243938545
745.147243938545
745.147243938545
745.147243938545
745.147243938545
745.147243938545
745.147243938545
745.147243938545
745.147243938545
745.147243938545
745.147243938545
745.147243938545
745.147243938545
745.147243938545
745.147243938545
745.147243938545
745.147243938545
745.147243938545
745.147243938545
745.147243938545
745.147243938545
745.147243938545
745.147243938545
745.147243938545
745.147243938545
745.147243938545
745.147243938545
745.147243938545
745.147243938545
745.147243938545
745.147243938545
745.147243938545
745.147243938545
745.147243938545
745.147243938545
745.147243938545
745.147243938545
745.147243938545
745.147243938545
745.147243938545
745.147243938545
745.147243938545
745.147243938545
745.147243938545
745.147243938545
745.147243938545
745.147243938545
745.147243938545
745.147243938545
745.147243938545
745.147243938545
745.147243938545
745.147243938545
745.147243938545
745.147243938545
745.147243938545
745.147243938545
745.147243938545
745.147243938545
745.147243938545
745.147243938545

ave
1000.26930780706
957.557920383877
915.290452964209
890.323521469554
931.124800680092
919.848549759257
943.067393540493
862.726872800922
911.707695616261
874.646658251464
884.485745839261
863.219606233488
880.052001796129
882.065658947461
865.795910175648
875.544595094123
850.492627498357
842.612820933874
875.227972275593
857.938753519551
831.893178733561
863.309850056002
864.712893874675
843.597839871630
812.192649643629
809.520162192249
808.321409413171
817.259218247805
810.078157031800
812.391396556122
822.401792775729
796.900848296652
792.301581177836
807.698125119745
791.770048973888
808.653747774797
818.214734241585
802.031645637700
788.253525910244
800.348590464371
787.897343056896
790.134395734773
797.975721855526
788.523051742905
787.870991839039
786.644613042947
784.992684388557
787.474641954059
786.799079282020
783.490267474036
785.224222150317
795.971621284644
787.290128399114
800.757507781850
783.476906007448
783.913121763568
782.510880009750
783.913121763568
781.987850559516
784.466326535857
783.390092313333
784.297488799526
785.070814543788
787.393622738670
788.253413482265
784.436151213802
786.996085747840
785.529679962065
788.279042799482
781.987850559516
784.796679172899
783.556938910219
783.913121763568
782.536772402297
783.390092313333
786.240536417660
790.803704265317
782.444208573568
782.510880009750
782.510880009750
783.556938910219
781.987850559516
783.548740013545
798.471674231699
783.507100778414
783.556938910219
792.588931060840
782.497518543162
781.987850559516
781.987850559516
782.510880009750
782.510880009750
781.987850559516
782.510880009750
784.369479777619
783.033909459985
784.079968360453
783.329757122344
782.510880009750
782.510880009750
783.556938910219
783.033909459985
781.987850559516
784.024755643319
785.511629648477
786.380273732737
795.580231716954
790.915486449501
783.208964118153
784.136267958947
783.974216977378
793.634989961309
787.207354581796
784.436151213802
790.036274145918
783.033909459985
784.369479777619
786.851171728448
783.033909459985
783.033909459984
781.987850559516
782.510880009750
783.033909459984
782.510880009750
790.999583883381
787.382443923244
782.510880009750
783.033909459984
781.987850559516
783.556938910219
783.556938910219
781.987850559516
794.681048861778
783.913121763568
783.556938910219
786.849042635320
781.987850559516
784.079968360453
782.510880009750
781.987850559516
784.547785093554
783.390092313333
782.510880009750
804.597542475576
787.319458819561
784.329701580997
786.379968175640
782.510880009750
782.510880009750
783.033909459984
781.987850559516
784.892509227854
781.987850559516
783.772753669808
789.832361073236
782.510880009750
783.033909459985
791.961545349970
805.051476517483
783.556938910219
783.556938910219
789.097290141969
783.033909459984
800.065921541606
783.556938910219
784.079968360453
783.556938910219
790.605992418846
806.885011364804
793.464558281496
782.405128626675
786.191997681859
784.944468044048
793.634989961309
787.606745799706
784.013296924271
785.527172557840
812.169286212778
781.987850559516
801.568205711454
784.079968360453
795.190716845424
785.126027260922
794.514202264892
789.724287267690
783.451187527144
785.593843994022
782.510880009750
786.328142278213
789.655210100879
783.550731152990
782.510880009750
783.556938910219
784.959180664036
781.987850559516
783.451187527143
786.797905242004
784.939305474134
781.987850559516
798.722557805415