最优解为:739.2632
最优解路径:

Best_route =

    11     5     9     3     4     1    10     0     0     0     0     0     0
    12     7     6     8     2     0     0     0     0     0     0     0     0

本次运算用时:12.781秒
算法在第2代时收敛

best
799.412565070303
739.263183268394
739.263183268394
739.263183268394
739.263183268394
739.263183268394
739.263183268394
739.263183268394
739.263183268394
739.263183268394
739.263183268394
739.263183268394
739.263183268394
739.263183268394
739.263183268394
739.263183268394
739.263183268394
739.263183268394
739.263183268394
739.263183268394
739.263183268394
739.263183268394
739.263183268394
739.263183268394
739.263183268394
739.263183268394
739.263183268394
739.263183268394
739.263183268394
739.263183268394
739.263183268394
739.263183268394
739.263183268394
739.263183268394
739.263183268394
739.263183268394
739.263183268394
739.263183268394
739.263183268394
739.263183268394
739.263183268394
739.263183268394
739.263183268394
739.263183268394
739.263183268394
739.263183268394
739.263183268394
739.263183268394
739.263183268394
739.263183268394
739.263183268394
739.263183268394
739.263183268394
739.263183268394
739.263183268394
739.263183268394
739.263183268394
739.263183268394
739.263183268394
739.263183268394
739.263183268394
739.263183268394
739.263183268394
739.263183268394
739.263183268394
739.263183268394
739.263183268394
739.263183268394
739.263183268394
739.263183268394
739.263183268394
739.263183268394
739.263183268394
739.263183268394
739.263183268394
739.263183268394
739.263183268394
739.263183268394
739.263183268394
739.263183268394
739.263183268394
739.263183268394
739.263183268394
739.263183268394
739.263183268394
739.263183268394
739.263183268394
739.263183268394
739.263183268394
739.263183268394
739.263183268394
739.263183268394
739.263183268394
739.263183268394
739.263183268394
739.263183268394
739.263183268394
739.263183268394
739.263183268394
739.263183268394
739.263183268394
739.263183268394
739.263183268394
739.263183268394
739.263183268394
739.263183268394
739.263183268394
739.263183268394
739.263183268394
739.263183268394
739.263183268394
739.263183268394
739.263183268394
739.263183268394
739.263183268394
739.263183268394
739.263183268394
739.263183268394
739.263183268394
739.263183268394
739.263183268394
739.263183268394
739.263183268394
739.263183268394
739.263183268394
739.263183268394
739.263183268394
739.263183268394
739.263183268394
739.263183268394
739.263183268394
739.263183268394
739.263183268394
739.263183268394
739.263183268394
739.263183268394
739.263183268394
739.263183268394
739.263183268394
739.263183268394
739.263183268394
739.263183268394
739.263183268394
739.263183268394
739.263183268394
739.263183268394
739.263183268394
739.263183268394
739.263183268394
739.263183268394
739.263183268394
739.263183268394
739.263183268394
739.263183268394
739.263183268394
739.263183268394
739.263183268394
739.263183268394
739.263183268394
739.263183268394
739.263183268394
739.263183268394
739.263183268394
739.263183268394
739.263183268394
739.263183268394
739.263183268394
739.263183268394
739.263183268394
739.263183268394
739.263183268394
739.263183268394
739.263183268394
739.263183268394
739.263183268394
739.263183268394
739.263183268394
739.263183268394
739.263183268394
739.263183268394
739.263183268394
739.263183268394
739.263183268394
739.263183268394
739.263183268394
739.263183268394
739.263183268394
739.263183268394
739.263183268394
739.263183268394
739.263183268394
739.263183268394
739.263183268394
739.263183268394
739.263183268394
739.263183268394
739.263183268394
739.263183268394
739.263183268394
739.263183268394

ave
983.936227368836
966.424499066735
894.594612297289
908.970294264829
1001.24420819164
901.413881233550
868.661946837675
882.672216338102
886.888652619461
926.931169670014
909.811129866541
925.493530372345
873.796372791015
906.441421985165
903.258073051435
921.586728333005
891.228987859688
853.010236377348
873.577313430592
861.057797375627
830.754909183375
874.969947810689
859.271192638834
851.348752484431
883.444765513892
810.036856979231
819.307999714094
876.490316100775
861.192789799087
822.554635830458
854.308002533170
804.552573530040
821.494466892216
846.412936420168
796.298346884735
791.391118775679
795.329481929884
808.080702566034
822.561286917013
794.520035286866
790.348990922103
800.221226816632
790.400495404001
800.277190375562
800.078371207848
785.482210114271
800.292362845252
783.556938910219
793.634989961309
785.339331082211
786.275712487812
783.033909459985
785.245869201957
784.547785093554
782.372217595474
784.024755643319
803.538952649149
781.987850559516
784.058226195621
796.240322575852
783.556938910219
782.510880009750
783.033909459984
784.972160982409
782.510880009750
781.987850559516
782.510880009750
783.020547993396
783.033909459984
783.033909459985
781.987850559516
799.033371062002
786.379968175640
806.885011364804
784.002381767362
790.948123620864
784.066606893865
785.250153976681
795.131199118601
805.028008097082
793.111960511075
783.033909459985
786.005239564505
790.152633736093
784.079968360453
782.948871299078
784.024755643319
785.482210114271
783.556938910219
785.064606786559
797.793325046205
782.491444160813
784.079968360453
783.033909459985
783.390092313333
783.027701702755
785.250153976681
783.033909459985
784.208969425927
783.537503061282
784.066606893865
781.987850559516
783.913121763568
782.510880009750
781.987850559516
783.556938910219
783.543577443630
781.987850559516
782.510880009750
782.510880009750
783.033909459985
788.574260691734
783.033909459984
794.646926067374
783.420267635388
783.556938910219
802.000279338849
781.987850559516
782.510880009750
788.261479004058
782.685934667919
793.054786073631
793.111960511075
785.251536829402
783.033909459985
781.987850559516
781.987850559516
783.033909459984
804.585011549618
783.976301702755
782.510880009750
784.589636344099
782.510880009750
782.953537783647
790.543225869329
783.806672130763
784.024755643319
785.891988878957
783.033909459984
783.033909459985
784.079968360453
783.033909459984
798.072936130037
783.033909459984
800.623993180654
782.967238023802
782.510880009750
783.033909459985
787.876646322298
783.033909459984
783.420267635388
783.913121763568
781.987850559516
782.510880009750
783.927219358799
783.556938910219
783.095681410615
795.540385975458
810.374225782697
781.987850559516
783.220982358303
794.250713533914
783.806672130762
784.436151213802
785.842738073368
784.436151213802
782.510880009750
783.390092313333
783.556938910219
782.510880009750
781.987850559516
782.510880009750
784.436151213802
803.538952649149
783.033909459984
800.370655568078
782.430508333413
783.033909459984
795.037231715126
782.510880009750
781.987850559516
783.020547993396
782.444208573568
784.602997810688
782.510880009750
782.510880009750
783.020547993396
782.510880009750
783.033909459984
788.518394538632
782.510880009750
782.444208573568
783.601868181569
784.806431662383
783.556938910219
800.432284222941
783.556938910219
783.033909459984
787.528201791266
782.510880009750