最优解为:736.5088
最优解路径:

Best_route =

     3     4     7    11     8     9     2    12     0     0     0     0     0
     5     1     6    10     0     0     0     0     0     0     0     0     0

本次运算用时:10.533秒
算法在第4代时收敛

best
791.823269290124
791.823269290124
791.823269290124
736.508761966557
736.508761966557
736.508761966557
736.508761966557
736.508761966557
736.508761966557
736.508761966557
736.508761966557
736.508761966557
736.508761966557
736.508761966557
736.508761966557
736.508761966557
736.508761966557
736.508761966557
736.508761966557
736.508761966557
736.508761966557
736.508761966557
736.508761966557
736.508761966557
736.508761966557
736.508761966557
736.508761966557
736.508761966557
736.508761966557
736.508761966557
736.508761966557
736.508761966557
736.508761966557
736.508761966557
736.508761966557
736.508761966557
736.508761966557
736.508761966557
736.508761966557
736.508761966557
736.508761966557
736.508761966557
736.508761966557
736.508761966557
736.508761966557
736.508761966557
736.508761966557
736.508761966557
736.508761966557
736.508761966557
736.508761966557
736.508761966557
736.508761966557
736.508761966557
736.508761966557
736.508761966557
736.508761966557
736.508761966557
736.508761966557
736.508761966557
736.508761966557
736.508761966557
736.508761966557
736.508761966557
736.508761966557
736.508761966557
736.508761966557
736.508761966557
736.508761966557
736.508761966557
736.508761966557
736.508761966557
736.508761966557
736.508761966557
736.508761966557
736.508761966557
736.508761966557
736.508761966557
736.508761966557
736.508761966557
736.508761966557
736.508761966557
736.508761966557
736.508761966557
736.508761966557
736.508761966557
736.508761966557
736.508761966557
736.508761966557
736.508761966557
736.508761966557
736.508761966557
736.508761966557
736.508761966557
736.508761966557
736.508761966557
736.508761966557
736.508761966557
736.508761966557
736.508761966557
736.508761966557
736.508761966557
736.508761966557
736.508761966557
736.508761966557
736.508761966557
736.508761966557
736.508761966557
736.508761966557
736.508761966557
736.508761966557
736.508761966557
736.508761966557
736.508761966557
736.508761966557
736.508761966557
736.508761966557
736.508761966557
736.508761966557
736.508761966557
736.508761966557
736.508761966557
736.508761966557
736.508761966557
736.508761966557
736.508761966557
736.508761966557
736.508761966557
736.508761966557
736.508761966557
736.508761966557
736.508761966557
736.508761966557
736.508761966557
736.508761966557
736.508761966557
736.508761966557
736.508761966557
736.508761966557
736.508761966557
736.508761966557
736.508761966557
736.508761966557
736.508761966557
736.508761966557
736.508761966557
736.508761966557
736.508761966557
736.508761966557
736.508761966557
736.508761966557
736.508761966557
736.508761966557
736.508761966557
736.508761966557
736.508761966557
736.508761966557
736.508761966557
736.508761966557
736.508761966557
736.508761966557
736.508761966557
736.508761966557
736.508761966557
736.508761966557
736.508761966557
736.508761966557
736.508761966557
736.508761966557
736.508761966557
736.508761966557
736.508761966557
736.508761966557
736.508761966557
736.508761966557
736.508761966557
736.508761966557
736.508761966557
736.508761966557
736.508761966557
736.508761966557
736.508761966557
736.508761966557
736.508761966557
736.508761966557
736.508761966557
736.508761966557
736.508761966557
736.508761966557
736.508761966557
736.508761966557
736.508761966557
736.508761966557
736.508761966557
736.508761966557
736.508761966557
736.508761966557
736.508761966557
736.508761966557
736.508761966557

ave
908.876300912069
929.218302808817
962.502856959871
950.626249283624
1022.17699821835
966.467676686463
937.222000713782
909.422239720135
1003.88498015365
965.088978508054
906.237533274600
978.850744537642
997.041514493445
994.227781510095
990.605375193676
1046.11398914906
949.154693725353
1008.09618583452
1001.38624597489
977.503574135724
977.829142892768
886.353735593350
897.773349030655
845.964101976681
869.767071523525
849.780614605859
849.445309015943
817.955645051238
851.055081520758
846.311350422735
825.240829157771
869.487116814019
832.169890446516
854.899954921364
898.677968521663
826.995557864399
832.216406640120
876.316532311538
836.516295675962
819.603321133819
807.908979327594
806.080894246978
811.050546694954
910.034317259586
935.558825434936
940.810162123289
916.791533174414
914.565527250855
926.145992318507
972.727055572598
926.948612401571
955.535532170872
902.693740171544
925.681527663086
960.298906110699
929.467248850920
898.969838254924
951.442550350129
981.268428632898
850.469504005157
891.909040243911
892.620364935916
825.923358083746
809.843582956255
826.455315589925
810.457549124415
887.104191725717
825.922751916081
845.327586402377
859.365122081836
887.158743960028
829.952404296348
814.786720981647
841.025396583253
812.152080009305
802.460132492841
828.880167618359
845.484874641021
813.203473058041
794.175170270622
870.108899722083
808.749782629810
803.071003888778
830.602579679295
824.294919748376
832.647940077158
811.936864287256
798.293433444979
787.588287716917
817.180554543551
857.096350313895
817.454824743266
823.557085817522
826.371373220685
797.167705493138
795.780788790493
815.673467994374
879.579490138162
796.746432168291
798.416382238582
866.181897042895
827.769212231751
791.117923207279
800.588886408953
792.256071000420
828.041323290976
801.449033738082
818.521252595220
827.769212231751
788.179826229468
800.616618269776
850.337835877930
801.011678122603
838.556484842616
822.441427460642
802.336801151930
847.623987914109
801.090385255716
822.891482307114
813.228852764779
831.917170364209
815.279926530351
815.701199855198
828.084763290976
802.694975011732
800.467456004154
828.534785995950
817.734312149353
812.924678685309
833.500463898689
813.309875052465
839.062314848802
817.708932442615
838.510716383489
798.144271179357
815.824148648800
816.263151571801
798.293433444980
832.591858101321
805.863683209332
813.228852764779
817.532656222637
824.048188395889
800.467456004154
799.775712160158
845.961414190681
847.973930452706
790.704666980980
816.186662963050
836.233300017819
796.746432168291
800.467456004154
837.687216495413
797.439816552363
792.010097603441
788.785346509142
828.624102912972
825.718138466180
829.827157081655
800.092826792174
863.768775192378
811.558902694488
814.489560196587
815.552037589576
788.179826229468
849.208905942658
822.069027022680
818.954509679986
829.671999385442
815.921613417669
811.177778999208
812.465381557841
824.794066441054
840.892075041685
815.279926530350
839.132769981311
814.390084236365
844.343309871869
796.895594433913
829.551706207051
809.178132314258
824.855364602279
815.764457756438
852.637889134936
814.013288313491
845.948813134139
841.183843746882
825.867300731802
866.706379698787
820.640566928462
822.995593951960
815.279926530350
848.115557350640
825.446027406955
825.327257791920
810.052051047367
824.320299455114
830.662850103797
813.590923539254
788.612795676227