最优解为:744.3927
最优解路径:

Best_route =

    11     5     3     1     9     2    10     4     0     0     0     0     0
    12     7     8     6     0     0     0     0     0     0     0     0     0

本次运算用时:18.9秒
算法在第193代时收敛

best
793.396800910814
793.396800910814
793.396800910814
793.396800910814
793.396800910814
793.396800910814
793.396800910814
793.396800910814
793.396800910814
756.982538132706
756.982538132706
756.982538132706
756.982538132706
756.982538132706
756.982538132706
747.809479971032
747.809479971032
747.809479971032
747.809479971032
747.809479971032
747.809479971032
747.809479971032
747.809479971032
747.809479971032
747.809479971032
747.809479971032
747.809479971032
747.809479971032
747.809479971032
747.809479971032
747.809479971032
747.809479971032
747.809479971032
747.809479971032
747.809479971032
747.809479971032
747.809479971032
747.809479971032
747.809479971032
747.809479971032
747.809479971032
747.809479971032
747.809479971032
747.809479971032
747.809479971032
747.809479971032
747.809479971032
747.809479971032
747.809479971032
747.809479971032
747.809479971032
747.809479971032
747.809479971032
747.809479971032
747.809479971032
747.809479971032
747.809479971032
747.809479971032
747.809479971032
747.809479971032
747.809479971032
747.809479971032
747.809479971032
747.809479971032
747.809479971032
747.809479971032
747.809479971032
747.809479971032
747.809479971032
747.809479971032
747.809479971032
747.809479971032
747.809479971032
747.809479971032
747.809479971032
747.809479971032
747.809479971032
747.809479971032
747.809479971032
747.809479971032
747.809479971032
747.809479971032
747.809479971032
747.809479971032
747.809479971032
747.809479971032
747.809479971032
747.809479971032
747.809479971032
747.809479971032
747.809479971032
747.809479971032
747.809479971032
747.809479971032
747.809479971032
747.809479971032
747.809479971032
747.809479971032
747.809479971032
747.809479971032
747.809479971032
747.809479971032
747.809479971032
747.809479971032
747.809479971032
747.809479971032
747.809479971032
747.809479971032
747.809479971032
747.809479971032
747.809479971032
747.809479971032
747.809479971032
747.809479971032
747.809479971032
747.809479971032
747.809479971032
747.809479971032
747.809479971032
747.809479971032
747.809479971032
747.809479971032
747.809479971032
747.809479971032
747.809479971032
747.809479971032
747.809479971032
747.809479971032
747.809479971032
747.809479971032
747.809479971032
747.809479971032
747.809479971032
747.809479971032
747.809479971032
747.809479971032
747.809479971032
747.809479971032
747.809479971032
747.809479971032
747.809479971032
747.809479971032
747.809479971032
747.809479971032
747.809479971032
747.809479971032
747.809479971032
747.809479971032
747.809479971032
747.809479971032
747.809479971032
747.809479971032
747.809479971032
747.809479971032
747.809479971032
747.809479971032
747.809479971032
747.809479971032
747.809479971032
747.809479971032
747.809479971032
747.809479971032
747.809479971032
747.809479971032
747.809479971032
747.809479971032
747.809479971032
747.809479971032
747.809479971032
747.809479971032
747.809479971032
747.809479971032
747.809479971032
747.809479971032
747.809479971032
747.809479971032
747.809479971032
747.809479971032
747.809479971032
747.809479971032
747.809479971032
747.809479971032
747.809479971032
747.809479971032
747.809479971032
747.809479971032
747.809479971032
747.809479971032
747.809479971032
747.809479971032
747.809479971032
747.809479971032
744.392698100261
744.392698100261
744.392698100261
744.392698100261
744.392698100261
744.392698100261
744.392698100261
744.392698100261

ave
933.485765965537
940.697471259659
904.658059412013
901.762816557520
894.885280896958
896.790665046544
900.965240489096
873.663414542728
861.211713161840
872.127433925471
890.970501353420
866.388719714235
877.945422160011
884.655761461535
869.364125917599
871.291299588532
865.348606404672
910.600964647238
817.162978419588
839.104499780756
852.026101626724
858.903425674633
805.526959371063
799.964708236992
814.759536912148
840.288539811728
823.668096883800
809.425528940394
838.549354182340
794.807933253710
821.702943069854
807.418986754195
813.326848004946
820.666003310544
800.554653888552
810.698883732555
793.361155592308
805.764109384684
797.005548035305
785.776225309794
797.611730216304
794.789359857823
786.628444175443
785.126027260922
785.938568128323
795.971621284644
785.805225255958
795.269979116163
804.078417959740
782.967238023802
786.334679343291
783.556938910219
784.602997810688
797.678401652486
783.390092313333
783.390092313333
787.407481318323
784.072298151097
786.282851410561
810.870464066035
795.381920398227
782.510880009750
782.510880009750
783.846450327385
784.611205871971
789.513244695684
784.436151213802
783.033909459984
783.556938910219
782.510880009750
781.987850559516
783.033909459984
783.913121763568
783.761359745548
782.510880009750
781.987850559516
798.163204891551
803.538952649149
783.033909459984
783.033909459984
782.510880009750
782.510880009750
784.959180664036
782.510880009750
802.799250161524
783.490267474036
782.961030266573
797.871143382658
788.983245282413
783.033909459985
785.070814543788
783.476567233882
783.556938910219
781.987850559516
781.987850559516
782.510880009750
783.917625541925
781.987850559516
783.014473611048
784.024755643319
809.997429737899
787.258723137937
785.546001639041
782.510880009750
781.987850559516
781.987850559516
786.328142278213
789.294932885968
783.556938910219
790.682724672350
786.328142278213
785.374423556186
797.544946352142
782.497518543161
790.036274145918
782.510880009750
783.033909459985
783.033909459985
782.510880009750
793.022788727030
782.510880009750
783.033909459984
782.510880009750
783.846450327385
792.596208679956
794.634866057573
785.195198946941
783.556938910219
783.033909459984
784.877856818216
782.510880009750
786.353771595430
783.033909459984
783.562101480133
786.876801045664
804.061982099384
794.773742984148
786.999316101326
781.987850559516
784.024755643319
782.510880009750
784.079968360453
792.588931060840
783.033909459985
782.510880009750
785.593843994022
783.027701702755
784.706961481083
785.751028652532
783.039072029899
784.079968360453
785.593843994022
783.033909459984
787.476376643439
785.070814543788
789.281570607482
794.250713533914
783.556938910219
792.631856818893
782.685934667919
781.987850559516
785.126027260922
781.987850559516
784.416276023900
788.038653151314
782.510880009750
781.987850559516
788.721700573379
784.013296924271
783.033909459984
783.033909459984
782.510880009750
785.064606786559
782.510880009750
782.510880009750
784.897613982611
783.556938910219
783.033909459984
782.510880009750
783.565146971502
784.024755643319
782.510880009750
785.830742145196
787.005172341031
782.510880009750
785.950026847371
782.510880009750
784.079968360453
782.555809281100
791.921126125525
793.111960511075
782.510880009750
780.484044461146
794.250713533914
782.497518543162
781.987850559516
784.073760603224
788.424637570598
783.033909459984
783.033909459984
