最优解为:330.9659
最优解路径:

Best_route =

     0     0     0     0     0
     1     3     2     4     0

本次运算用时:1.078秒
算法在第4代时收敛

best
374.577263658154
374.577263658154
374.577263658154
330.965906560056
330.965906560056
330.965906560056
330.965906560056
330.965906560056
330.965906560056
330.965906560056
330.965906560056
330.965906560056
330.965906560056
330.965906560056
330.965906560056
330.965906560056
330.965906560056
330.965906560056
330.965906560056
330.965906560056
330.965906560056
330.965906560056
330.965906560056
330.965906560056
330.965906560056
330.965906560056
330.965906560056
330.965906560056
330.965906560056
330.965906560056
330.965906560056
330.965906560056
330.965906560056
330.965906560056
330.965906560056
330.965906560056
330.965906560056
330.965906560056
330.965906560056
330.965906560056
330.965906560056
330.965906560056
330.965906560056
330.965906560056
330.965906560056
330.965906560056
330.965906560056
330.965906560056
330.965906560056
330.965906560056
330.965906560056
330.965906560056
330.965906560056
330.965906560056
330.965906560056
330.965906560056
330.965906560056
330.965906560056
330.965906560056
330.965906560056
330.965906560056
330.965906560056
330.965906560056
330.965906560056
330.965906560056
330.965906560056
330.965906560056
330.965906560056
330.965906560056
330.965906560056
330.965906560056
330.965906560056
330.965906560056
330.965906560056
330.965906560056
330.965906560056
330.965906560056
330.965906560056
330.965906560056
330.965906560056
330.965906560056
330.965906560056
330.965906560056
330.965906560056
330.965906560056
330.965906560056
330.965906560056
330.965906560056
330.965906560056
330.965906560056
330.965906560056
330.965906560056
330.965906560056
330.965906560056
330.965906560056
330.965906560056
330.965906560056
330.965906560056
330.965906560056
330.965906560056

ave
393.186905054409
381.338924611966
393.768447024700
383.810767106124
409.141834463483
383.882084356281
402.317328839800
383.665129786497
376.686514262902
381.338924611966
418.653466224983
384.027721675908
397.881873060521
379.229674007218
374.722900977781
376.903468832686
376.903468832686
376.903468832686
376.903468832686
374.722900977781
376.903468832686
376.686514262902
379.229674007218
374.577263658154
374.577263658154
372.396695803249
370.216127948344
376.903468832686
376.903468832686
376.903468832686
372.396695803249
374.577263658154
374.577263658154
374.577263658154
376.903468832686
374.577263658154
374.577263658154
374.577263658154
374.577263658154
374.577263658154
374.577263658154
374.577263658154
374.577263658154
374.577263658154
374.577263658154
376.903468832686
374.577263658154
374.577263658154
374.577263658154
374.577263658154
374.577263658154
374.577263658154
374.577263658154
374.577263658154
374.577263658154
374.577263658154
374.577263658154
374.577263658154
374.577263658154
374.577263658154
374.577263658154
374.577263658154
374.577263658154
374.577263658154
374.577263658154
374.577263658154
374.577263658154
374.577263658154
374.577263658154
374.577263658154
374.577263658154
374.577263658154
374.577263658154
374.577263658154
374.577263658154
374.577263658154
374.577263658154
374.577263658154
374.577263658154
374.577263658154
374.577263658154
374.577263658154
374.577263658154
374.577263658154
374.577263658154
374.577263658154
374.577263658154
374.577263658154
374.577263658154
374.577263658154
374.577263658154
374.577263658154
374.577263658154
374.577263658154
374.577263658154
374.577263658154
374.577263658154
374.577263658154
374.577263658154
374.577263658154