实验环境：
VeiNum = 2
Q_ant = 60
AntNum = 20 
iter_max = 100

抽取的客户节点编号为

Cus_select =

    82    90

各任务对应的的客户节点编号为

Task_Cus =

    82    90

cus：
35	35
35	35
35	35
15	47
31	67


task：
2	4	1	0	1
4	3	2	1	0
3	5	3	0	1
5	2	4	3	0


linktime
0	0	0.583095189484530	1.30622577482986	0.806225774829855
0.583095189484530	0.749761856151197	0	2.05598763098105	0.640312423743285
1.08309518948453	1.08309518948453	1.83285704563573	0.640312423743285	2.05598763098105
0.806225774829855	0.972892441496522	0.640312423743285	2.27911821632638	0
0	0	0.749761856151197	1.30622577482986	0.972892441496522

tasktime
0
1.24976185615120
0.166666666666667
0.166666666666667
1.47289244149652

1
2	4	1	0	1
5	2	4	0	0


2
4	3	2	0	0
3	5	3	0	1



linktime1
0	0	0.806225774829855
0.583095189484530	0.749761856151197	0.640312423743285
0	0	0.972892441496522

tasktime1
0
1.24976185615120
1.47289244149652

linktime2
0	0.583095189484530	1.30622577482986
1.08309518948453	1.83285704563573	0.640312423743285
0.806225774829855	0.640312423743285	2.27911821632638

tasktime2
0
0.166666666666667
0.166666666666667