最优解为:534.4653
最优解路径:

Best_route =

     1     2     3     4     7     8     5     6     0
     0     0     0     0     0     0     0     0     0

本次运算用时:2.281秒
算法在第1代时收敛

best
534.465300000000
534.465300000000
534.465300000000
534.465300000000
534.465300000000
534.465300000000
534.465300000000
534.465300000000
534.465300000000
534.465300000000
534.465300000000
534.465300000000
534.465300000000
534.465300000000
534.465300000000
534.465300000000
534.465300000000
534.465300000000
534.465300000000
534.465300000000
534.465300000000
534.465300000000
534.465300000000
534.465300000000
534.465300000000
534.465300000000
534.465300000000
534.465300000000
534.465300000000
534.465300000000
534.465300000000
534.465300000000
534.465300000000
534.465300000000
534.465300000000
534.465300000000
534.465300000000
534.465300000000
534.465300000000
534.465300000000
534.465300000000
534.465300000000
534.465300000000
534.465300000000
534.465300000000
534.465300000000
534.465300000000
534.465300000000
534.465300000000
534.465300000000
534.465300000000
534.465300000000
534.465300000000
534.465300000000
534.465300000000
534.465300000000
534.465300000000
534.465300000000
534.465300000000
534.465300000000
534.465300000000
534.465300000000
534.465300000000
534.465300000000
534.465300000000
534.465300000000
534.465300000000
534.465300000000
534.465300000000
534.465300000000
534.465300000000
534.465300000000
534.465300000000
534.465300000000
534.465300000000
534.465300000000
534.465300000000
534.465300000000
534.465300000000
534.465300000000
534.465300000000
534.465300000000
534.465300000000
534.465300000000
534.465300000000
534.465300000000
534.465300000000
534.465300000000
534.465300000000
534.465300000000
534.465300000000
534.465300000000
534.465300000000
534.465300000000
534.465300000000
534.465300000000
534.465300000000
534.465300000000
534.465300000000
534.465300000000

ave
692.842506715428
669.197029481735
718.029888601354
576.441108601438
614.241939308737
561.801207328094
604.627804364852
628.525630312311
590.303711883987
563.640105417128
624.356626406395
550.136775815289
549.617184529180
547.242193808552
618.815092513312
550.656333006415
581.196407788726
550.252027747460
535.614553133022
551.682697702915
535.480219242408
550.230600987290
534.539865515918
535.240109324470
549.679488210573
551.299452842291
534.465300000000
562.870195615259
549.730776421146
579.279122694655
534.465300000000
549.214065515918
534.465300000000
549.867754713780
577.524021592464
547.472153613414
549.651242989135
547.567993808552
565.570963812301
564.279122694655
548.714111392409
564.139500000000
550.070024501362
534.539865515918
547.623010405119
564.439378292635
547.624508815747
564.214065515918
549.425930212418
534.465300000000
549.816787391156
549.767501806707
588.828567556275
549.868075601728
535.666162231543
549.765178292634
535.005288210573
579.141589197863
534.803018422991
565.188907685635
548.088433099774
535.051608505052
550.240195896208
535.387324301919
535.217152907073
564.325442989135
564.669338097497
549.465300000000
564.490987391156
549.614431031835
534.539865515918
534.465300000000
535.005288210573
534.465300000000
560.813717809805
534.677164696500
534.677164696500
565.116665683790
549.751730212418
563.239062542237
590.611938444223
534.465300000000
587.478934385561
534.981690017280
535.070024501362
579.604922694655
535.090978292634
534.465300000000
534.981690017280
564.651242989135
534.465300000000
547.599733099774
534.465300000000
547.623010405119
534.539865515917
534.677164696500
548.628421310347
550.217152907073
534.539865515918
549.513943808552