最优解为:368.3727
最优解路径:

Best_route =

     0     0     0     0     0     0     0     0     0
     1     4     2     3     7     8     6     5     0

本次运算用时:3.735秒
算法在第2代时收敛

best
372.163846043793
368.372655591958
368.372655591958
368.372655591958
368.372655591958
368.372655591958
368.372655591958
368.372655591958
368.372655591958
368.372655591958
368.372655591958
368.372655591958
368.372655591958
368.372655591958
368.372655591958
368.372655591958
368.372655591958
368.372655591958
368.372655591958
368.372655591958
368.372655591958
368.372655591958
368.372655591958
368.372655591958
368.372655591958
368.372655591958
368.372655591958
368.372655591958
368.372655591958
368.372655591958
368.372655591958
368.372655591958
368.372655591958
368.372655591958
368.372655591958
368.372655591958
368.372655591958
368.372655591958
368.372655591958
368.372655591958
368.372655591958
368.372655591958
368.372655591958
368.372655591958
368.372655591958
368.372655591958
368.372655591958
368.372655591958
368.372655591958
368.372655591958
368.372655591958
368.372655591958
368.372655591958
368.372655591958
368.372655591958
368.372655591958
368.372655591958
368.372655591958
368.372655591958
368.372655591958
368.372655591958
368.372655591958
368.372655591958
368.372655591958
368.372655591958
368.372655591958
368.372655591958
368.372655591958
368.372655591958
368.372655591958
368.372655591958
368.372655591958
368.372655591958
368.372655591958
368.372655591958
368.372655591958
368.372655591958
368.372655591958
368.372655591958
368.372655591958
368.372655591958
368.372655591958
368.372655591958
368.372655591958
368.372655591958
368.372655591958
368.372655591958
368.372655591958
368.372655591958
368.372655591958
368.372655591958
368.372655591958
368.372655591958
368.372655591958
368.372655591958
368.372655591958
368.372655591958
368.372655591958
368.372655591958
368.372655591958
368.372655591958
368.372655591958
368.372655591958
368.372655591958
368.372655591958
368.372655591958
368.372655591958
368.372655591958
368.372655591958
368.372655591958
368.372655591958
368.372655591958
368.372655591958
368.372655591958
368.372655591958
368.372655591958
368.372655591958
368.372655591958
368.372655591958
368.372655591958
368.372655591958
368.372655591958
368.372655591958
368.372655591958
368.372655591958
368.372655591958
368.372655591958
368.372655591958
368.372655591958
368.372655591958
368.372655591958
368.372655591958
368.372655591958
368.372655591958
368.372655591958
368.372655591958
368.372655591958
368.372655591958
368.372655591958
368.372655591958
368.372655591958
368.372655591958
368.372655591958
368.372655591958
368.372655591958
368.372655591958
368.372655591958
368.372655591958
368.372655591958
368.372655591958
368.372655591958
368.372655591958
368.372655591958
368.372655591958
368.372655591958
368.372655591958
368.372655591958
368.372655591958
368.372655591958
368.372655591958
368.372655591958
368.372655591958
368.372655591958
368.372655591958
368.372655591958
368.372655591958
368.372655591958
368.372655591958
368.372655591958
368.372655591958
368.372655591958
368.372655591958
368.372655591958
368.372655591958
368.372655591958
368.372655591958
368.372655591958
368.372655591958
368.372655591958
368.372655591958
368.372655591958
368.372655591958
368.372655591958
368.372655591958
368.372655591958
368.372655591958
368.372655591958
368.372655591958
368.372655591958
368.372655591958
368.372655591958
368.372655591958
368.372655591958
368.372655591958
368.372655591958
368.372655591958
368.372655591958
368.372655591958
368.372655591958
368.372655591958

ave
401.414197192884
425.836819924316
414.090900788105
401.548657658257
424.439598049426
399.340910147597
435.314348145271
386.799962811684
409.942187603631
421.478724004832
407.873932838480
374.131117628114
385.133667019613
384.897639531633
444.802584679642
371.807070983319
395.213368070799
383.725078772322
382.852228924100
395.295812930305
429.847549000817
394.572025963980
407.636608788412
369.675477485518
394.191254257707
368.910881623343
381.451960230425
405.302113933049
405.281484813791
380.604813748624
369.505496766473
369.457713273734
393.536052170017
369.247503308787
380.953323190126
369.200343153788
369.129146998272
393.057993353025
369.001447704285
393.202647121885
369.972018696631
380.458214806131
368.756112740572
368.756112740572
369.406986873279
368.756112740572
368.756112740572
369.406986873279
368.756112740572
380.458214806131
368.967043346307
380.865339255091
380.873914628361
380.862527032990
368.756112740572
368.756112740572
380.629227225509
368.756112740572
380.629227225509
368.780692640984
368.756112740572
368.756112740572
368.756112740572
369.205592145409
369.223006293033
368.756112740572
368.756112740572
369.260792054872
369.664281572711
368.756112740572
368.756112740572
368.756112740572
380.604813748624
368.756112740572
380.458214806131
368.756112740572
380.689342673143
368.910881623343
368.756112740572
368.756112740572
369.001447704285
369.260792054872
368.844096675607
368.756112740572
368.756112740572
368.756112740572
368.756112740572
381.128301531078
368.756112740572
368.756112740572
368.756112740572
368.756112740572
368.756112740572
380.865339255091
368.996826230909
368.756112740572
368.756112740572
368.756112740572
368.756112740572
368.756112740572
368.756112740572
368.756112740572
368.756112740572
368.756112740572
368.756112740572
368.756112740572
368.844096675607
368.756112740572
368.967043346307
368.756112740572
368.756112740572
368.756112740572
368.942629869422
369.012920431259
380.629227225509
368.756112740572
368.756112740572
368.756112740572
368.756112740572
368.756112740572
368.756112740572
368.844096675607
368.756112740572
368.756112740572
368.756112740572
368.756112740572
368.756112740572
368.756112740572
368.756112740572
368.756112740572
368.756112740572
368.756112740572
368.756112740572
368.756112740572
368.756112740572
381.058119352781
369.013513314758
368.756112740572
369.012920431259
368.756112740572
369.001447704285
381.073457638726
369.004511075466
368.756112740572
368.756112740572
368.756112740572
368.756112740572
368.756112740572
368.951705060363
368.756112740572
368.756112740572
368.756112740572
368.756112740572
368.756112740572
368.756112740572
380.874562189223
380.604813748624
368.756112740572
368.972246330497
369.121812229079
392.593373105145
368.756112740572
369.001447704285
369.147224671449
368.756112740572
368.756112740572
368.756112740572
368.756112740572
368.756112740572
368.756112740572
368.756112740572
368.756112740572
368.756112740572
368.756112740572
368.756112740572
380.604813748624
368.756112740572
368.756112740572
380.865339255091
368.756112740572
368.756112740572
368.756112740572
368.756112740572
368.756112740572
380.861621439311
380.669145411866
368.756112740572
381.837875445476
368.756112740572
369.154237999512
368.756112740572
368.756112740572
368.756112740572
369.004511075466
368.756112740572
368.756112740572
368.756112740572
368.756112740572
368.844096675607
368.756112740572