最优解为:940.7492
最优解路径:

Best_route =

     9     7    17     8    18     1    10    13    14     2     0     0     0     0     0     0     0     0     0     0     0
    19    20     5     6    11    15    16     3     4    12     0     0     0     0     0     0     0     0     0     0     0

本次运算用时:11.554秒
算法在第5代时收敛

best
947.870681953614
947.870681953614
947.870681953614
947.870681953614
940.749237080170
940.749237080170
940.749237080170
940.749237080170
940.749237080170
940.749237080170
940.749237080170
940.749237080170
940.749237080170
940.749237080170
940.749237080170
940.749237080170
940.749237080170
940.749237080170
940.749237080170
940.749237080170
940.749237080170
940.749237080170
940.749237080170
940.749237080170
940.749237080170
940.749237080170
940.749237080170
940.749237080170
940.749237080170
940.749237080170
940.749237080170
940.749237080170
940.749237080170
940.749237080170
940.749237080170
940.749237080170
940.749237080170
940.749237080170
940.749237080170
940.749237080170
940.749237080170
940.749237080170
940.749237080170
940.749237080170
940.749237080170
940.749237080170
940.749237080170
940.749237080170
940.749237080170
940.749237080170
940.749237080170
940.749237080170
940.749237080170
940.749237080170
940.749237080170
940.749237080170
940.749237080170
940.749237080170
940.749237080170
940.749237080170
940.749237080170
940.749237080170
940.749237080170
940.749237080170
940.749237080170
940.749237080170
940.749237080170
940.749237080170
940.749237080170
940.749237080170
940.749237080170
940.749237080170
940.749237080170
940.749237080170
940.749237080170
940.749237080170
940.749237080170
940.749237080170
940.749237080170
940.749237080170
940.749237080170
940.749237080170
940.749237080170
940.749237080170
940.749237080170
940.749237080170
940.749237080170
940.749237080170
940.749237080170
940.749237080170
940.749237080170
940.749237080170
940.749237080170
940.749237080170
940.749237080170
940.749237080170
940.749237080170
940.749237080170
940.749237080170
940.749237080170
940.749237080170
940.749237080170
940.749237080170
940.749237080170
940.749237080170
940.749237080170
940.749237080170
940.749237080170
940.749237080170
940.749237080170
940.749237080170
940.749237080170
940.749237080170
940.749237080170
940.749237080170
940.749237080170
940.749237080170
940.749237080170
940.749237080170
940.749237080170
940.749237080170
940.749237080170
940.749237080170
940.749237080170
940.749237080170
940.749237080170
940.749237080170
940.749237080170
940.749237080170
940.749237080170
940.749237080170
940.749237080170
940.749237080170
940.749237080170
940.749237080170
940.749237080170
940.749237080170
940.749237080170
940.749237080170
940.749237080170
940.749237080170
940.749237080170
940.749237080170
940.749237080170
940.749237080170
940.749237080170
940.749237080170
940.749237080170
940.749237080170
940.749237080170
940.749237080170
940.749237080170
940.749237080170
940.749237080170
940.749237080170
940.749237080170
940.749237080170
940.749237080170
940.749237080170
940.749237080170
940.749237080170
940.749237080170
940.749237080170
940.749237080170
940.749237080170
940.749237080170
940.749237080170
940.749237080170
940.749237080170
940.749237080170
940.749237080170
940.749237080170
940.749237080170
940.749237080170
940.749237080170
940.749237080170
940.749237080170
940.749237080170
940.749237080170
940.749237080170
940.749237080170
940.749237080170
940.749237080170
940.749237080170
940.749237080170
940.749237080170
940.749237080170
940.749237080170
940.749237080170
940.749237080170
940.749237080170
940.749237080170
940.749237080170
940.749237080170
940.749237080170
940.749237080170
940.749237080170
940.749237080170
940.749237080170
940.749237080170
ave
1044.83590349288
1106.15382459467
1116.11930917645
1094.67338266217
1096.54889323278
1085.20088687091
1124.72620712123
1058.90469808572
1075.29339945470
1089.73776653480
1092.40221723120
1068.42189735565
1093.53802085173
1096.91682272045
1082.37111949141
1047.77577149631
1070.53936359311
1075.36076303058
1079.06137873578
1045.64872851189
1052.33551914584
1033.73377782472
1034.36025481612
1045.35488853135
1046.81220802332
1005.22088007171
1065.55036255592
1028.55937352081
1004.55248240044
1061.66463849436
1052.13323169664
1032.59830063784
1027.23435247885
1027.89663360068
1017.99326641497
1016.94115618488
1010.08280953191
1022.93725820453
1040.83259007853
995.466185608868
998.784912336400
1017.29923909887
1014.78323364896
1019.51206792674
999.931548029354
1015.36725954835
1007.53264447572
996.370247944618
1012.57652122861
1020.31159061761
1012.86219642455
1020.89590327114
1008.32505716370
1012.64613677699
991.929853110595
1036.59373367863
1001.34979961686
990.399095985545
991.635541749964
1005.12982032163
990.738859400858
992.665528066202
1017.89643280832
990.896836714391
994.827205471674
1001.14842035660
996.072495608153
999.081114963517
998.129248805745
990.946071095114
1002.22323837775
997.114045475432
1003.89170528134
994.483833057457
996.775531714269
995.430344373319
991.061578509081
988.990695009392
998.535795190640
987.634241309946
1028.96835075025
1001.59723331125
1016.53211997914
1000.27411377472
998.314003441419
1010.72685726193
996.052781341279
1004.52262387849
1011.36325171659
1020.37289357101
997.791720404088
1003.82838194894
991.165064524877
1026.12115274501
1003.48288696363
1013.11957450661
1013.26675701168
1002.44236628729
1002.94271280754
1015.79511306276
1008.59254479858
995.060993629209
994.921888190774
1016.37130763176
991.159689790140
1011.10170079897
1011.91022413150
1000.82851840934
1013.08363027344
1017.87261959935
1021.29270085411
994.699678739915
1020.19376394560
1012.92492179818
1008.96031612965
995.061217501623
1002.27295898326
1015.64400257485
1001.25550727641
1010.46229359483
1014.92065251503
1006.65870182392
1001.99900173790
986.532707275832
1016.94117423493
1023.17466586822
993.211041171540
1006.78051778814
1005.68044813962
1007.30724262613
1031.17768370530
999.974283104957
991.619524704195
1003.53760252877
986.011151537457
1005.31675512492
1010.38807525335
994.296918540439
1023.01506906054
998.878644388044
991.844005857008
995.470023499608
983.257293793629
997.060003336975
997.479163615204
1005.42359593495
1009.65472437975
992.860839053119
987.996044670543
987.461805418230
1009.65034214248
1010.60893714063
1005.72123208658
987.214025820289
1010.68868287273
995.216303008339
1014.56052426115
1006.83630301003
989.403653072083
1008.19067043357
1020.84307184873
1006.07495925971
997.958413200303
987.095561196684
989.002427560587
1061.70123827108
1078.06430983982
1060.15787688715
1141.56094660504
1104.99523256846
1127.48664572111
1080.93123750230
1000.29715875722
1012.30956154990
994.817307351461
982.251449328802
1012.51608458018
993.189576360659
1006.71536521967
988.413273133700
991.712579696976
996.325831524407
982.374765052561
1004.74447672205
1036.10806863499
982.686225316211
1009.81948885178
1026.39045104535
993.623295017827
1006.44599365798
1041.77066726685
1021.21650525971
1006.74716431046
1002.98798737840
1007.64030611916
997.896346358394
1004.99514070685
1030.21882100551
992.817459152868
1010.84320666341