实验环境：
VeiNum = 2
Q_ant =130
AntNum = 30
iter_max = 200

cus：
40	50
40	50
40	50
35	66
75	55
67	85
40	5
60	60
42	68
85	35
26	32

task：
2	4	1	0	1
4	3	2	1	0
3	5	3	0	1
5	2	4	3	0
2	6	1	0	1
6	3	2	5	0
3	7	3	0	1
7	2	4	7	0
3	8	3	0	1
8	2	4	9	0
2	9	1	0	1
9	3	2	11	0
2	10	1	0	1
10	3	2	13	0
2	11	1	0	1
11	3	2	15	0


抽取的客户节点编号为

Cus_select =

   100     2    83    64    91    97    51    41

各任务对应的的客户节点编号为

Task_Cus =

   100     2    83    64    91    97    51    41


Task_size: 16

vNum:2

Tasktime:
0
1.08574303202267
0.166666666666667
0.166666666666667
1.55055014314985
1.77176847193168
0.166666666666667
0.166666666666667
1.79166666666667
0.166666666666667
1.22568366104161
1.11943592357354
0.166666666666667
1.85252078922981
0.166666666666667
1.23675437921624
0.166666666666667


Linktime:
0	0	0.419076365356005	1.38388347648318	0.883883476483184	0	1.10510180526502	1.62500000000000	1.12500000000000	1.05901699437495	0.559016994374948	0	0.452769256906871	0	1.18585412256314	0	0.570087712549569
0.419076365356005	0.585743032022672	0	1.96962650850586	1.03712342563458	0.585743032022672	37.2155881318568	2.21074303202267	1.53011437480994	1.64476002639762	0.642748006609122	0.585743032022672	7.28010988928052	0.585743032022672	58.8302643203309	0.585743032022672	35.1710107901380
0.919076365356005	0.919076365356005	1.50481939737868	1.03712342563458	1.96962650850586	0.919076365356005	2.19084483728769	1.53011437480994	2.21074303202267	0.642748006609122	1.64476002639762	0.919076365356005	1.53851228892954	0.919076365356005	2.27159715458581	0.919076365356005	1.65583074457224
0.883883476483184	1.05055014314985	1.03712342563458	2.43443361963304	0	1.05055014314985	0.776208734813001	2.67555014314985	1.52581945196671	2.10956713752480	0.395284707521047	1.05055014314985	0.886707392548410	1.05055014314985	0.559016994374948	1.05055014314985	1.35323686027244
0	0	0.585743032022672	1.38388347648318	1.05055014314985	0	1.27176847193168	1.62500000000000	1.29166666666667	1.05901699437495	0.725683661041614	0	0.619435923573538	0	1.35252078922981	0	0.736754379216236
1.10510180526502	1.27176847193168	37.2155881318568	2.65565194841487	0.776208734813001	1.27176847193168	0	2.89676847193168	2.11083514278117	2.33078546630663	0.649037749287359	1.27176847193168	30.2324329156620	1.27176847193168	53.1413210223457	1.27176847193168	67.0074622710038
1.60510180526502	1.60510180526502	2.19084483728769	0.776208734813001	2.65565194841487	1.60510180526502	2.87687027719670	2.11083514278117	2.89676847193168	0.649037749287359	2.33078546630663	1.60510180526502	2.22453772883855	1.60510180526502	2.95762259449483	1.60510180526502	2.34185618448125
1.12500000000000	1.29166666666667	1.53011437480994	2.67555014314985	1.52581945196671	1.29166666666667	2.11083514278117	2.91666666666667	0	2.35068366104161	1.46308748883995	1.29166666666667	1.57579345093194	1.29166666666667	1.35208172829900	1.29166666666667	0.760345316287278
0	0	0.585743032022672	1.38388347648318	1.05055014314985	0	1.27176847193168	1.62500000000000	1.29166666666667	1.05901699437495	0.725683661041614	0	0.619435923573538	0	1.35252078922981	0	0.736754379216236
0.559016994374948	0.725683661041614	0.642748006609122	2.10956713752480	0.395284707521047	0.725683661041614	0.649037749287359	2.35068366104161	1.46308748883995	1.78470065541656	0	0.725683661041614	0.492442890089805	0.725683661041614	0.883883476483184	0.725683661041614	1.10113577727726
0	0	0.585743032022672	1.38388347648318	1.05055014314985	0	1.27176847193168	1.62500000000000	1.29166666666667	1.05901699437495	0.725683661041614	0	0.619435923573538	0	1.35252078922981	0	0.736754379216236
0.452769256906871	0.619435923573538	7.28010988928052	2.00331940005672	0.886707392548410	0.619435923573538	30.2324329156620	2.24443592357354	1.57579345093194	1.67845291794848	0.492442890089805	0.619435923573538	0	0.619435923573538	54.2033209314706	0.619435923573538	39.3954312071844
0.952769256906871	0.952769256906871	1.53851228892954	0.886707392548410	2.00331940005672	0.952769256906871	2.22453772883855	1.57579345093194	2.24443592357354	0.492442890089805	1.67845291794849	0.952769256906871	1.57220518048041	0.952769256906871	2.30529004613668	0.952769256906871	1.68952363612311
1.18585412256314	1.35252078922981	58.8302643203309	2.73640426571299	0.559016994374948	1.35252078922981	53.1413210223457	2.97752078922981	1.35208172829900	2.41153778360476	0.883883476483184	1.35252078922981	54.2033209314706	1.35252078922981	0	1.35252078922981	59.0762219509677
1.68585412256314	1.68585412256314	2.27159715458581	0.559016994374948	2.73640426571299	1.68585412256314	2.95762259449483	1.35208172829900	2.97752078922981	0.883883476483184	2.41153778360476	1.68585412256314	2.30529004613668	1.68585412256314	3.03837491179295	1.68585412256314	2.42260850177938
0.570087712549569	0.736754379216236	35.1710107901380	2.12063785569942	1.35323686027244	0.736754379216236	67.0074622710038	2.36175437921624	0.760345316287278	1.79577137359118	1.10113577727726	0.736754379216236	39.3954312071844	0.736754379216236	59.0762219509677	0.736754379216236	0
1.07008771254957	1.07008771254957	1.65583074457224	1.35323686027244	2.12063785569942	1.07008771254957	2.34185618448125	0.760345316287278	2.36175437921624	1.10113577727726	1.79577137359118	1.07008771254957	1.68952363612311	1.07008771254957	2.42260850177938	1.07008771254957	1.80684209176580

2	4	1	0	1
5	2	4	0	0
2	6	1	0	1
7	2	4	0	0
8	2	4	0	0
2	9	1	0	1
2	10	1	0	1
2	11	1	0	1


4	3	2	0	0
3	5	3	0	1
6	3	2	0	0
3	7	3	0	1
3	8	3	0	1
9	3	2	0	0
10	3	2	0	0
11	3	2	0	0




linktime（task1）
0	0	0.883883476483184	0	1.12500000000000	0.559016994374948	0	0	0
0.419076365356005	0.585743032022672	1.03712342563458	0.585743032022672	1.53011437480994	0.642748006609122	0.585743032022672	0.585743032022672	0.585743032022672
0	0	1.05055014314985	0	1.29166666666667	0.725683661041614	0	0	0
1.10510180526502	1.27176847193168	0.776208734813001	1.27176847193168	2.11083514278117	0.649037749287359	1.27176847193168	1.27176847193168	1.27176847193168
0	0	1.05055014314985	0	1.29166666666667	0.725683661041614	0	0	0
0	0	1.05055014314985	0	1.29166666666667	0.725683661041614	0	0	0
0.452769256906871	0.619435923573538	0.886707392548410	0.619435923573538	1.57579345093194	0.492442890089805	0.619435923573538	0.619435923573538	0.619435923573538
1.18585412256314	1.35252078922981	0.559016994374948	1.35252078922981	1.35208172829900	0.883883476483184	1.35252078922981	1.35252078922981	1.35252078922981
0.570087712549569	0.736754379216236	1.35323686027244	0.736754379216236	0.760345316287278	1.10113577727726	0.736754379216236	0.736754379216236	0.736754379216236

linktime（task2）
0	0.419076365356005	1.38388347648318	1.10510180526502	1.62500000000000	1.05901699437495	0.452769256906871	1.18585412256314	0.570087712549569
0.919076365356005	1.50481939737868	1.03712342563458	2.19084483728769	1.53011437480994	0.642748006609122	1.53851228892954	2.27159715458581	1.65583074457224
0.883883476483184	1.03712342563458	2.43443361963304	0.776208734813001	2.67555014314985	2.10956713752480	0.886707392548410	0.559016994374948	1.35323686027244
1.60510180526502	2.19084483728769	0.776208734813001	2.87687027719670	2.11083514278117	0.649037749287359	2.22453772883855	2.95762259449483	2.34185618448125
1.12500000000000	1.53011437480994	2.67555014314985	2.11083514278117	2.91666666666667	2.35068366104161	1.57579345093194	1.35208172829900	0.760345316287278
0.559016994374948	0.642748006609122	2.10956713752480	0.649037749287359	2.35068366104161	1.78470065541656	0.492442890089805	0.883883476483184	1.10113577727726
0.952769256906871	1.53851228892954	0.886707392548410	2.22453772883855	1.57579345093194	0.492442890089805	1.57220518048041	2.30529004613668	1.68952363612311
1.68585412256314	2.27159715458581	0.559016994374948	2.95762259449483	1.35208172829900	0.883883476483184	2.30529004613668	3.03837491179295	2.42260850177938
1.07008771254957	1.65583074457224	1.35323686027244	2.34185618448125	0.760345316287278	1.10113577727726	1.68952363612311	2.42260850177938	1.80684209176580
tasktime（1）
0
1.08574303202267
1.55055014314985
1.77176847193168
1.79166666666667
1.22568366104161
1.11943592357354
1.85252078922981
1.23675437921624


tasktime（2）
0
0.166666666666667
0.166666666666667
0.166666666666667
0.166666666666667
0.166666666666667
0.166666666666667
0.166666666666667
0.166666666666667