最优解为:598.6649
最优解路径:

Best_route =

     0     0     0     0     0     0     0     0     0     0     0
     9    10     7     8     1     2     3     4     5     6     0
     0     0     0     0     0     0     0     0     0     0     0

本次运算用时:2.749秒
算法在第6代时收敛

best
598.664863824064
598.664863824064
598.664863824064
598.664863824064
598.664863824064
598.664863824064
598.664863824064
598.664863824064
598.664863824064
598.664863824064
598.664863824064
598.664863824064
598.664863824064
598.664863824064
598.664863824064
598.664863824064
598.664863824064
598.664863824064
598.664863824064
598.664863824064
598.664863824064
598.664863824064
598.664863824064
598.664863824064
598.664863824064
598.664863824064
598.664863824064
598.664863824064
598.664863824064
598.664863824064
598.664863824064
598.664863824064
598.664863824064
598.664863824064
598.664863824064
598.664863824064
598.664863824064
598.664863824064
598.664863824064
598.664863824064
598.664863824064
598.664863824064
598.664863824064
598.664863824064
598.664863824064
598.664863824064
598.664863824064
598.664863824064
598.664863824064
598.664863824064
598.664863824064
598.664863824064
598.664863824064
598.664863824064
598.664863824064
598.664863824064
598.664863824064
598.664863824064
598.664863824064
598.664863824064
598.664863824064
598.664863824064
598.664863824064
598.664863824064
598.664863824064
598.664863824064
598.664863824064
598.664863824064
598.664863824064
598.664863824064
598.664863824064
598.664863824064
598.664863824064
598.664863824064
598.664863824064
598.664863824064
598.664863824064
598.664863824064
598.664863824064
598.664863824064
598.664863824064
598.664863824064
598.664863824064
598.664863824064
598.664863824064
598.664863824064
598.664863824064
598.664863824064
598.664863824064
598.664863824064
598.664863824064
598.664863824064
598.664863824064
598.664863824064
598.664863824064
598.664863824064
598.664863824064
598.664863824064
598.664863824064
598.664863824064

ave
1048.69746916621
1091.11299076681
840.328022944273
793.284548384877
924.912437165070
867.945945619940
787.157691418400
790.218110287381
803.567789351684
870.259382762302
673.240555746042
858.909010833906
698.348455384888
777.095196271025
683.012220522359
668.126417725854
761.766741607505
874.201436624137
768.987188388939
841.996064811511
853.716813005346
701.443419038576
759.559980742588
829.744323005982
720.417551098418
705.969777002259
724.098593715878
697.584877480226
686.075859485729
700.156405614233
652.928790501770
720.940331182092
670.004142660133
710.474710009344
666.836802324304
756.050238325631
670.004142660133
655.004599366935
710.321990348442
683.195735723986
655.004142660133
723.176081160373
708.442083446363
613.894767525028
756.649010736948
613.885233016182
683.975033353357
649.583544191219
665.462866833834
598.664863824064
721.587306942761
762.214987449228
738.716706827594
708.342251440503
695.803762341042
777.545155597348
651.836802324304
654.134974466473
651.836802324304
667.921112342755
670.224511852251
670.595949151473
760.150666840131
654.248713798363
613.988603968252
651.836802324304
779.745263697406
654.134974466473
670.279222748167
724.268526044641
613.723058389065
738.086240370161
598.664863824064
667.057171516422
634.431281237118
709.107671517921
598.664863824064
670.156862321035
748.831312681910
667.111882412337
735.436083866677
740.007235642748
629.609147629158
598.817126778164
734.803491070723
720.863147142030
709.268069337839
613.664863824064
721.083059627346
598.930409403252
760.194723350952
652.928790501770
683.736361391207
724.591809482027
776.500282614712
669.203080704491
628.863673285641
667.377884698327
667.493312593819
724.478526856939