task结果
最优解为:332.7212
最优解路径:

Best_route =

     1     3     2     4     0
     0     0     0     0     0

本次运算用时:0.976秒
算法在第38代时收敛

best
396.154784732764
396.154784732764
396.154784732764
396.154784732764
396.154784732764
396.154784732764
396.154784732764
396.154784732764
396.154784732764
396.154784732764
396.154784732764
396.154784732764
396.154784732764
396.154784732764
396.154784732764
396.154784732764
396.154784732764
396.154784732764
396.154784732764
396.154784732764
396.154784732764
396.154784732764
396.154784732764
396.154784732764
396.154784732764
396.154784732764
396.154784732764
396.154784732764
396.154784732764
396.154784732764
396.154784732764
396.154784732764
396.154784732764
396.154784732764
396.154784732764
396.154784732764
396.154784732764
332.721181846179
332.721181846179
332.721181846179
332.721181846179
332.721181846179
332.721181846179
332.721181846179
332.721181846179
332.721181846179
332.721181846179
332.721181846179
332.721181846179
332.721181846179
332.721181846179
332.721181846179
332.721181846179
332.721181846179
332.721181846179
332.721181846179
332.721181846179
332.721181846179
332.721181846179
332.721181846179
332.721181846179
332.721181846179
332.721181846179
332.721181846179
332.721181846179
332.721181846179
332.721181846179
332.721181846179
332.721181846179
332.721181846179
332.721181846179
332.721181846179
332.721181846179
332.721181846179
332.721181846179
332.721181846179
332.721181846179
332.721181846179
332.721181846179
332.721181846179
332.721181846179
332.721181846179
332.721181846179
332.721181846179
332.721181846179
332.721181846179
332.721181846179
332.721181846179
332.721181846179
332.721181846179
332.721181846179
332.721181846179
332.721181846179
332.721181846179
332.721181846179
332.721181846179
332.721181846179
332.721181846179
332.721181846179
332.721181846179

ave
416.842786783041
399.665526734191
425.066556170033
408.095211500407
405.992670262342
404.227539354651
403.533198879947
416.647158116586
419.096342786212
401.787587786212
418.025552353224
406.330080592716
432.004088260915
400.359867208895
398.257325970830
415.923011115159
397.562985496126
399.665526734191
397.562985496126
400.022456878521
396.154784732765
399.665526734191
401.787587786212
397.562985496126
397.562985496126
398.971186259488
397.206055351797
410.676944732765
396.154784732765
397.206055351797
396.154784732765
396.154784732765
396.154784732765
396.154784732765
396.154784732765
396.154784732765
396.154784732765
392.983104588435
407.505264588435
396.154784732765
397.562985496126
396.154784732765
396.154784732765
414.871740496126
396.154784732765
396.154784732765
397.562985496126
396.154784732765
397.206055351797
396.154784732765
396.154784732765
396.154784732765
396.154784732765
396.154784732765
396.154784732765
396.154784732765
396.154784732765
396.154784732765
396.154784732765
396.154784732765
396.154784732765
396.154784732765
396.154784732765
396.154784732765
396.154784732765
396.154784732765
396.154784732765
396.154784732765
396.154784732765
396.154784732765
396.154784732765
396.154784732765
396.154784732765
396.154784732765
396.154784732765
396.154784732765
396.154784732765
396.154784732765
396.154784732765
396.154784732765
396.154784732765
396.154784732765
396.154784732765
396.154784732765
396.154784732765
396.154784732765
396.154784732765
396.154784732765
396.154784732765
396.154784732765
396.154784732765
396.154784732765
396.154784732765
396.154784732765
397.562985496126
396.154784732765
396.154784732765
396.154784732765
396.154784732765
396.154784732765