task结果
最优解为:332.7212
最优解路径:

Best_route =

     0     0     0     0     0
     1     3     2     4     0

本次运算用时:1.031秒
算法在第3代时收敛

best
396.154784732764
396.154784732764
332.721181846179
332.721181846179
332.721181846179
332.721181846179
332.721181846179
332.721181846179
332.721181846179
332.721181846179
332.721181846179
332.721181846179
332.721181846179
332.721181846179
332.721181846179
332.721181846179
332.721181846179
332.721181846179
332.721181846179
332.721181846179
332.721181846179
332.721181846179
332.721181846179
332.721181846179
332.721181846179
332.721181846179
332.721181846179
332.721181846179
332.721181846179
332.721181846179
332.721181846179
332.721181846179
332.721181846179
332.721181846179
332.721181846179
332.721181846179
332.721181846179
332.721181846179
332.721181846179
332.721181846179
332.721181846179
332.721181846179
332.721181846179
332.721181846179
332.721181846179
332.721181846179
332.721181846179
332.721181846179
332.721181846179
332.721181846179
332.721181846179
332.721181846179
332.721181846179
332.721181846179
332.721181846179
332.721181846179
332.721181846179
332.721181846179
332.721181846179
332.721181846179
332.721181846179
332.721181846179
332.721181846179
332.721181846179
332.721181846179
332.721181846179
332.721181846179
332.721181846179
332.721181846179
332.721181846179
332.721181846179
332.721181846179
332.721181846179
332.721181846179
332.721181846179
332.721181846179
332.721181846179
332.721181846179
332.721181846179
332.721181846179
332.721181846179
332.721181846179
332.721181846179
332.721181846179
332.721181846179
332.721181846179
332.721181846179
332.721181846179
332.721181846179
332.721181846179
332.721181846179
332.721181846179
332.721181846179
332.721181846179
332.721181846179
332.721181846179
332.721181846179
332.721181846179
332.721181846179
332.721181846179

ave
417.556647071699
422.823585262342
432.483579787638
416.619003116586
398.241109210321
402.838858405244
401.768067972256
422.250154643309
431.403451690812
399.308596589862
398.971186259488
413.830756589862
397.902047353224
414.544616878521
395.799506115159
412.562985496126
398.614256115159
399.308596589862
396.154784732765
398.614256115159
399.665526734191
398.614256115159
392.983104588435
398.614256115159
396.154784732765
397.562985496126
396.154784732765
397.206055351797
396.154784732765
397.206055351797
396.154784732765
398.614256115159
396.154784732765
397.206055351797
397.206055351797
396.154784732765
396.154784732765
396.154784732765
397.562985496126
396.154784732765
396.154784732765
396.154784732765
396.154784732765
396.154784732765
396.154784732765
396.154784732765
396.154784732765
397.562985496126
396.154784732765
396.154784732765
396.154784732765
396.154784732765
396.154784732765
396.154784732765
396.154784732765
410.676944732765
396.154784732765
396.154784732765
396.154784732765
396.154784732765
396.154784732765
396.154784732765
396.154784732765
396.154784732765
396.154784732765
396.154784732765
396.154784732765
396.154784732765
396.154784732765
397.562985496126
396.154784732765
396.154784732765
396.154784732765
396.154784732765
396.154784732765
396.154784732765
396.154784732765
396.154784732765
396.154784732765
396.154784732765
396.154784732765
396.154784732765
396.154784732765
396.154784732765
396.154784732765
396.154784732765
396.154784732765
396.154784732765
396.154784732765
396.154784732765
396.154784732765
396.154784732765
396.154784732765
396.154784732765
396.154784732765
396.154784732765
396.154784732765
396.154784732765
396.154784732765
396.154784732765