实验环境：
VeiNum = 2
Q_ant = 60
AntNum = 20 
iter_max = 100
抽取的客户节点编号为

Cus_select =

     2    55    62    53

各任务对应的的客户节点编号为

Task_Cus =

     2    55    62    53

cus
40	50
40	50
40	50
22	75
30	60
65	35
20	50


task
2	4	1	0	1
4	3	2	1	0
3	5	3	0	1
5	2	4	3	0
2	6	1	0	1
6	3	2	5	0
2	7	1	0	1
7	3	2	7	0


linktime
0	0	0.770146090037468	0.853553390593274	0.353553390593274	0	0.728868986855663	0	0.500000000000000
0.770146090037468	0.936812756704135	0	1.79036614729741	0.425000000000000	0.936812756704135	58.7281874401041	0.936812756704135	25.0798724079689
1.27014609003747	1.27014609003747	2.20695884674160	0.425000000000000	1.79036614729741	1.27014609003747	2.16568174355980	1.27014609003747	1.93681275670413
0.353553390593274	0.520220057259941	0.425000000000000	1.37377344785321	0	0.520220057259941	1.07529065838033	0.520220057259941	0.353553390593274
0	0	0.936812756704135	0.853553390593274	0.520220057259941	0	0.895535653522329	0	0.666666666666667
0.728868986855663	0.895535653522329	58.7281874401041	1.74908904411560	1.07529065838033	0.895535653522329	0	0.895535653522329	47.4341649025257
1.22886898685566	1.22886898685566	2.16568174355980	1.07529065838033	1.74908904411560	1.22886898685566	2.12440464037799	1.22886898685566	1.89553565352233
0.500000000000000	0.666666666666667	25.0798724079689	1.52022005725994	0.353553390593274	0.666666666666667	47.4341649025257	0.666666666666667	0
1	1	1.93681275670413	0.353553390593274	1.52022005725994	1	1.89553565352233	1	1.66666666666667


tasktime
0
1.43681275670413
0.166666666666667
0.166666666666667
1.02022005725994
1.39553565352233
0.166666666666667
1.16666666666667
0.166666666666667


1
2	4	1	0	1
5	2	4	0	0
2	6	1	0	1
2	7	1	0	1


2
4	3	2	0	0
3	5	3	0	1
6	3	2	0	0
7	3	2	0	0


linktime1
0	0	0.353553390593274	0	0
0.770146090037468	0.936812756704135	0.425000000000000	0.936812756704135	0.936812756704135
0	0	0.520220057259941	0	0
0.728868986855663	0.895535653522329	1.07529065838033	0.895535653522329	0.895535653522329
0.500000000000000	0.666666666666667	0.353553390593274	0.666666666666667	0.666666666666667

tasktime1
0
1.43681275670413
1.02022005725994
1.39553565352233
1.16666666666667

linktime2
0	0.770146090037468	0.853553390593274	0.728868986855663	0.500000000000000
1.27014609003747	2.20695884674160	0.425000000000000	2.16568174355980	1.93681275670413
0.353553390593274	0.425000000000000	1.37377344785321	1.07529065838033	0.353553390593274
1.22886898685566	2.16568174355980	1.07529065838033	2.12440464037799	1.89553565352233
1	1.93681275670413	0.353553390593274	1.89553565352233	1.66666666666667


tasktime2
0
0.166666666666667
0.166666666666667
0.166666666666667
0.166666666666667