最优解为:635.3697
最优解路径:

Best_route =

     0     0     0     0     0     0     0     0     0     0     0     0     0     0     0     0
     0     0     0     0     0     0     0     0     0     0     0     0     0     0     0     0
     0     0     0     0     0     0     0     0     0     0     0     0     0     0     0     0
    10     6     9     2     8     1     4    12    13     0     0     0     0     0     0     0
    11    15     5     3     7    14     0     0     0     0     0     0     0     0     0     0

本次运算用时:28.264秒
算法在第75代时收敛

best
644.378834888803
644.155014447409
644.155014447409
644.055238987473
644.055238987473
639.372195943851
638.898955429719
638.898955429719
638.898955429719
638.898955429719
638.898955429719
638.898955429719
638.898955429719
638.898955429719
638.898955429719
638.898955429719
638.898955429719
638.293492459833
638.293492459833
637.207492459833
637.207492459833
637.207492459833
637.207492459833
636.992946418310
636.992946418310
636.992946418310
636.992946418310
636.992946418310
636.992946418310
636.992946418310
635.906946418310
635.906946418310
635.906946418310
635.906946418310
635.906946418310
635.906946418310
635.906946418310
635.906946418310
635.906946418310
635.906946418310
635.906946418310
635.906946418310
635.906946418310
635.906946418310
635.906946418310
635.906946418310
635.906946418310
635.906946418310
635.906946418310
635.906946418310
635.906946418310
635.906946418310
635.906946418310
635.906946418310
635.906946418310
635.906946418310
635.906946418310
635.906946418310
635.906946418310
635.906946418310
635.906946418310
635.906946418310
635.906946418310
635.906946418310
635.906946418310
635.906946418310
635.906946418310
635.906946418310
635.906946418310
635.906946418310
635.906946418310
635.906946418310
635.906946418310
635.906946418310
635.369683806339
635.369683806339
635.369683806339
635.369683806339
635.369683806339
635.369683806339
635.369683806339
635.369683806339
635.369683806339
635.369683806339
635.369683806339
635.369683806339
635.369683806339
635.369683806339
635.369683806339
635.369683806339
635.369683806339
635.369683806339
635.369683806339
635.369683806339
635.369683806339
635.369683806339
635.369683806339
635.369683806339
635.369683806339
635.369683806339
635.369683806339
635.369683806339
635.369683806339
635.369683806339
635.369683806339
635.369683806339
635.369683806339
635.369683806339
635.369683806339
635.369683806339
635.369683806339
635.369683806339
635.369683806339
635.369683806339
635.369683806339
635.369683806339
635.369683806339
635.369683806339
635.369683806339
635.369683806339
635.369683806339
635.369683806339
635.369683806339
635.369683806339
635.369683806339
635.369683806339
635.369683806339
635.369683806339
635.369683806339
635.369683806339
635.369683806339
635.369683806339
635.369683806339
635.369683806339
635.369683806339
635.369683806339
635.369683806339
635.369683806339
635.369683806339
635.369683806339
635.369683806339
635.369683806339
635.369683806339
635.369683806339
635.369683806339
635.369683806339
635.369683806339
635.369683806339
635.369683806339
635.369683806339
635.369683806339
635.369683806339
635.369683806339
635.369683806339
635.369683806339
635.369683806339
635.369683806339
635.369683806339
635.369683806339
635.369683806339
635.369683806339
635.369683806339
635.369683806339
635.369683806339
635.369683806339
635.369683806339
635.369683806339
635.369683806339
635.369683806339
635.369683806339
635.369683806339
635.369683806339
635.369683806339
635.369683806339
635.369683806339
635.369683806339
635.369683806339
635.369683806339
635.369683806339
635.369683806339
635.369683806339
635.369683806339
635.369683806339
635.369683806339
635.369683806339
635.369683806339
635.369683806339
635.369683806339
635.369683806339
635.369683806339
635.369683806339
635.369683806339
635.369683806339
635.369683806339
635.369683806339
635.369683806339
635.369683806339
635.369683806339
635.369683806339
635.369683806339
635.369683806339
635.369683806339
635.369683806339
635.369683806339
635.369683806339
635.369683806339
635.369683806339
635.369683806339
635.369683806339
635.369683806339
635.369683806339
635.369683806339
635.369683806339
635.369683806339
635.369683806339
635.369683806339
635.369683806339
635.369683806339
635.369683806339
635.369683806339
635.369683806339
635.369683806339
635.369683806339
635.369683806339
635.369683806339
635.369683806339
635.369683806339
635.369683806339
635.369683806339
635.369683806339
635.369683806339
635.369683806339
635.369683806339
635.369683806339
635.369683806339
635.369683806339
635.369683806339
635.369683806339
635.369683806339
635.369683806339
635.369683806339
635.369683806339
635.369683806339
635.369683806339
635.369683806339
635.369683806339
635.369683806339
635.369683806339
635.369683806339
635.369683806339
635.369683806339
635.369683806339
635.369683806339
635.369683806339
635.369683806339
635.369683806339
635.369683806339
635.369683806339
635.369683806339
635.369683806339
635.369683806339
635.369683806339
635.369683806339
635.369683806339
635.369683806339
635.369683806339
635.369683806339
635.369683806339
635.369683806339
635.369683806339
635.369683806339
635.369683806339
635.369683806339
635.369683806339
635.369683806339
635.369683806339
635.369683806339
635.369683806339
635.369683806339
635.369683806339
635.369683806339
635.369683806339
635.369683806339
635.369683806339
635.369683806339
635.369683806339
635.369683806339
635.369683806339
635.369683806339
635.369683806339
635.369683806339
635.369683806339
635.369683806339
635.369683806339
635.369683806339
635.369683806339
635.369683806339
635.369683806339
635.369683806339
635.369683806339
635.369683806339
635.369683806339
635.369683806339
635.369683806339
635.369683806339
635.369683806339
635.369683806339
635.369683806339
635.369683806339
635.369683806339
635.369683806339
635.369683806339
635.369683806339
635.369683806339
635.369683806339
635.369683806339
635.369683806339
635.369683806339
635.369683806339
635.369683806339
635.369683806339
635.369683806339
635.369683806339
635.369683806339
635.369683806339
635.369683806339
635.369683806339
635.369683806339
635.369683806339
635.369683806339
635.369683806339
635.369683806339
635.369683806339
635.369683806339
635.369683806339
635.369683806339
635.369683806339
635.369683806339
635.369683806339
635.369683806339
635.369683806339
635.369683806339
635.369683806339
635.369683806339
635.369683806339
635.369683806339
635.369683806339
635.369683806339
635.369683806339
635.369683806339
635.369683806339
635.369683806339
635.369683806339
635.369683806339
635.369683806339
635.369683806339
635.369683806339
635.369683806339
635.369683806339
635.369683806339
635.369683806339
635.369683806339
635.369683806339
635.369683806339
635.369683806339
635.369683806339
635.369683806339
635.369683806339
635.369683806339
635.369683806339
635.369683806339
635.369683806339
635.369683806339
635.369683806339
635.369683806339
635.369683806339
635.369683806339
635.369683806339
635.369683806339
635.369683806339
635.369683806339
635.369683806339
635.369683806339
635.369683806339
635.369683806339
635.369683806339
635.369683806339
635.369683806339
635.369683806339
635.369683806339
635.369683806339
635.369683806339
635.369683806339
635.369683806339
635.369683806339
635.369683806339
635.369683806339
635.369683806339
635.369683806339
635.369683806339
635.369683806339
635.369683806339
635.369683806339
635.369683806339
635.369683806339
635.369683806339
635.369683806339
635.369683806339
635.369683806339
635.369683806339
635.369683806339
635.369683806339
635.369683806339
635.369683806339
635.369683806339
635.369683806339
635.369683806339
635.369683806339
635.369683806339
635.369683806339
635.369683806339
635.369683806339
635.369683806339
635.369683806339
635.369683806339
635.369683806339
635.369683806339
635.369683806339
635.369683806339
635.369683806339
635.369683806339
635.369683806339
635.369683806339
635.369683806339
635.369683806339
635.369683806339
635.369683806339
635.369683806339
