最优解为:339.4046
最优解路径:

Best_route =

     6    10     8     2     3     4     5     1     9     7     0
     0     0     0     0     0     0     0     0     0     0     0

本次运算用时:4.719秒
算法在第6代时收敛

best
340.921755455725
340.921755455725
340.648349065832
340.648349065832
340.648349065832
339.404612163530
339.404612163530
339.404612163530
339.404612163530
339.404612163530
339.404612163530
339.404612163530
339.404612163530
339.404612163530
339.404612163530
339.404612163530
339.404612163530
339.404612163530
339.404612163530
339.404612163530
339.404612163530
339.404612163530
339.404612163530
339.404612163530
339.404612163530
339.404612163530
339.404612163530
339.404612163530
339.404612163530
339.404612163530
339.404612163530
339.404612163530
339.404612163530
339.404612163530
339.404612163530
339.404612163530
339.404612163530
339.404612163530
339.404612163530
339.404612163530
339.404612163530
339.404612163530
339.404612163530
339.404612163530
339.404612163530
339.404612163530
339.404612163530
339.404612163530
339.404612163530
339.404612163530
339.404612163530
339.404612163530
339.404612163530
339.404612163530
339.404612163530
339.404612163530
339.404612163530
339.404612163530
339.404612163530
339.404612163530
339.404612163530
339.404612163530
339.404612163530
339.404612163530
339.404612163530
339.404612163530
339.404612163530
339.404612163530
339.404612163530
339.404612163530
339.404612163530
339.404612163530
339.404612163530
339.404612163530
339.404612163530
339.404612163530
339.404612163530
339.404612163530
339.404612163530
339.404612163530
339.404612163530
339.404612163530
339.404612163530
339.404612163530
339.404612163530
339.404612163530
339.404612163530
339.404612163530
339.404612163530
339.404612163530
339.404612163530
339.404612163530
339.404612163530
339.404612163530
339.404612163530
339.404612163530
339.404612163530
339.404612163530
339.404612163530
339.404612163530
339.404612163530
339.404612163530
339.404612163530
339.404612163530
339.404612163530
339.404612163530
339.404612163530
339.404612163530
339.404612163530
339.404612163530
339.404612163530
339.404612163530
339.404612163530
339.404612163530
339.404612163530
339.404612163530
339.404612163530
339.404612163530
339.404612163530
339.404612163530
339.404612163530
339.404612163530
339.404612163530
339.404612163530
339.404612163530
339.404612163530
339.404612163530
339.404612163530
339.404612163530
339.404612163530
339.404612163530
339.404612163530
339.404612163530
339.404612163530
339.404612163530
339.404612163530
339.404612163530
339.404612163530
339.404612163530
339.404612163530
339.404612163530
339.404612163530
339.404612163530
339.404612163530
339.404612163530
339.404612163530
339.404612163530
339.404612163530
339.404612163530
339.404612163530
339.404612163530
339.404612163530
339.404612163530
339.404612163530
339.404612163530
339.404612163530
339.404612163530
339.404612163530
339.404612163530
339.404612163530
339.404612163530
339.404612163530
339.404612163530
339.404612163530
339.404612163530
339.404612163530
339.404612163530
339.404612163530
339.404612163530
339.404612163530
339.404612163530
339.404612163530
339.404612163530
339.404612163530
339.404612163530
339.404612163530
339.404612163530
339.404612163530
339.404612163530
339.404612163530
339.404612163530
339.404612163530
339.404612163530
339.404612163530
339.404612163530
339.404612163530
339.404612163530
339.404612163530
339.404612163530
339.404612163530
339.404612163530
339.404612163530
339.404612163530
339.404612163530
339.404612163530
339.404612163530
339.404612163530
339.404612163530
339.404612163530
339.404612163530

ave
385.869084445716
381.877296131288
397.005008317682
382.994899375742
395.555996368150
350.743400317281
380.057017775711
378.256280587234
364.021522180698
363.504878931706
394.047721612737
346.965837239390
360.575509216182
346.067139944854
344.908021218210
345.437998892010
359.346787485466
345.880928368675
357.769465191035
375.173429419404
371.865485557093
359.659831945132
358.898207007880
359.048813673140
355.682827234252
357.091453665483
342.603985498406
357.687773192041
341.151634951820
357.194969941227
340.978221726526
340.191401739233
355.590309658183
355.181564560611
340.703111796750
385.301265104746
339.960108871918
355.200246349528
340.006823623806
339.632183657359
340.753010933424
369.708390653012
340.161390108392
339.563664097242
354.887992864622
339.586856179520
354.933172303820
339.480469328140
340.603582855780
339.556326492750
339.480469328140
354.457441814608
339.842204184549
339.480469328140
339.404612163530
354.646507813663
339.713283033036
339.662627500249
339.404612163530
339.480469328140
340.032290150722
354.376781385731
354.457441814608
339.597511696707
339.480469328140
339.404612163530
340.890822863797
339.622778804022
339.404612163530
340.740303653856
339.404612163530
339.404612163530
339.404612163530
339.480469328140
339.480469328140
339.404612163530
354.692106705345
354.447265507701
339.404612163530
340.074108137197
339.404612163530
339.404612163530
339.404612163530
339.563664097242
339.404612163530
339.404612163530
339.404612163530
339.661430420256
354.569945646192
339.404612163530
354.408644733221
339.991934898504
339.404612163530
339.713283033036
339.404612163530
339.404612163530
339.404612163530
354.411876857031
339.404612163530
339.600671162977
339.404612163530
339.404612163530
339.404612163530
340.094298425381
339.404612163530
339.404612163530
339.404612163530
339.404612163530
354.692106705345
339.480469328140
339.404612163530
354.411876857031
339.404612163530
339.404612163530
340.101407298231
339.600671162977
339.404612163530
339.404612163530
339.404612163530
339.404612163530
340.300028052862
354.447265507701
339.404612163530
339.404612163530
339.404612163530
339.660559365648
339.404612163530
339.404612163530
339.404612163530
339.404612163530
339.404612163530
339.404612163530
340.175094760655
354.875170483171
339.404612163530
339.404612163530
339.911521112287
339.404612163530
339.404612163530
339.404612163530
340.240912341627
339.404612163530
354.692106705345
339.404612163530
339.404612163530
340.189070172816
339.713283033036
339.404612163530
354.606317441413
339.404612163530
339.726656188841
339.960162634602
340.001751163103
339.600671162977
339.404612163530
339.404612163530
339.404612163530
339.404612163530
339.905659987014
354.494793484444
339.404612163530
339.404612163530
340.089504870562
339.404612163530
339.404612163530
339.404612163530
339.404612163530
354.225067056512
339.404612163530
339.404612163530
339.404612163530
369.495469907450
339.404612163530
339.404612163530
339.404612163530
339.404612163530
339.404612163530
339.404612163530
339.661430420256
339.404612163530
339.404612163530
339.600671162977
339.404612163530
339.404612163530
339.404612163530
339.552998227275
339.874383833866
339.404612163530
339.404612163530
339.404612163530
354.411876857031
339.805850612035
339.404612163530
339.404612163530
339.404612163530
354.447265507701
339.404612163530
339.404612163530
339.404612163530
339.404612163530