最优解为:318.3758
最优解路径:

Best_route =

     0     0     0     0     0     0     0     0     0     0     0
     4     8    10     6     2     5     1     9     7     3     0

本次运算用时:4.77秒
算法在第8代时收敛

best
323.061830662812
321.708440891730
318.753801716114
318.753801716114
318.753801716114
318.753801716114
318.753801716114
318.375772636087
318.375772636087
318.375772636087
318.375772636087
318.375772636087
318.375772636087
318.375772636087
318.375772636087
318.375772636087
318.375772636087
318.375772636087
318.375772636087
318.375772636087
318.375772636087
318.375772636087
318.375772636087
318.375772636087
318.375772636087
318.375772636087
318.375772636087
318.375772636087
318.375772636087
318.375772636087
318.375772636087
318.375772636087
318.375772636087
318.375772636087
318.375772636087
318.375772636087
318.375772636087
318.375772636087
318.375772636087
318.375772636087
318.375772636087
318.375772636087
318.375772636087
318.375772636087
318.375772636087
318.375772636087
318.375772636087
318.375772636087
318.375772636087
318.375772636087
318.375772636087
318.375772636087
318.375772636087
318.375772636087
318.375772636087
318.375772636087
318.375772636087
318.375772636087
318.375772636087
318.375772636087
318.375772636087
318.375772636087
318.375772636087
318.375772636087
318.375772636087
318.375772636087
318.375772636087
318.375772636087
318.375772636087
318.375772636087
318.375772636087
318.375772636087
318.375772636087
318.375772636087
318.375772636087
318.375772636087
318.375772636087
318.375772636087
318.375772636087
318.375772636087
318.375772636087
318.375772636087
318.375772636087
318.375772636087
318.375772636087
318.375772636087
318.375772636087
318.375772636087
318.375772636087
318.375772636087
318.375772636087
318.375772636087
318.375772636087
318.375772636087
318.375772636087
318.375772636087
318.375772636087
318.375772636087
318.375772636087
318.375772636087
318.375772636087
318.375772636087
318.375772636087
318.375772636087
318.375772636087
318.375772636087
318.375772636087
318.375772636087
318.375772636087
318.375772636087
318.375772636087
318.375772636087
318.375772636087
318.375772636087
318.375772636087
318.375772636087
318.375772636087
318.375772636087
318.375772636087
318.375772636087
318.375772636087
318.375772636087
318.375772636087
318.375772636087
318.375772636087
318.375772636087
318.375772636087
318.375772636087
318.375772636087
318.375772636087
318.375772636087
318.375772636087
318.375772636087
318.375772636087
318.375772636087
318.375772636087
318.375772636087
318.375772636087
318.375772636087
318.375772636087
318.375772636087
318.375772636087
318.375772636087
318.375772636087
318.375772636087
318.375772636087
318.375772636087
318.375772636087
318.375772636087
318.375772636087
318.375772636087
318.375772636087
318.375772636087
318.375772636087
318.375772636087
318.375772636087
318.375772636087
318.375772636087
318.375772636087
318.375772636087
318.375772636087
318.375772636087
318.375772636087
318.375772636087
318.375772636087
318.375772636087
318.375772636087
318.375772636087
318.375772636087
318.375772636087
318.375772636087
318.375772636087
318.375772636087
318.375772636087
318.375772636087
318.375772636087
318.375772636087
318.375772636087
318.375772636087
318.375772636087
318.375772636087
318.375772636087
318.375772636087
318.375772636087
318.375772636087
318.375772636087
318.375772636087
318.375772636087
318.375772636087
318.375772636087
318.375772636087
318.375772636087
318.375772636087
318.375772636087
318.375772636087
318.375772636087
318.375772636087
318.375772636087
318.375772636087
318.375772636087

ave
342.072196056853
402.176297679294
355.958534277217
339.957727528555
324.644295034537
339.906100143953
354.954357952495
323.930486640602
340.039415469470
336.875090842724
322.236644677688
322.441069638706
351.938220832014
353.280225750832
366.875242736766
322.604736330179
321.147103230809
352.133291308563
321.011637730051
350.927266246137
351.341074253231
335.447319389916
335.925347328168
320.501796125460
336.197013627870
335.105196488229
318.978581035391
349.572285501716
335.434108731799
320.032808285296
319.881007136355
320.241806779272
319.048941735125
319.899704027027
319.141998830942
349.872011071089
319.258228992731
363.959931052975
333.964359431661
349.064858143401
319.119969231534
333.964716469034
319.102619192858
318.836234934740
318.991833389499
318.753801716114
319.119969231534
319.323152869921
318.753801716114
318.753801716114
318.781275673951
318.753801716114
333.936885473824
318.753801716114
318.814930286627
318.753801716114
319.043233243642
334.310689306639
319.232623890242
318.938102027562
319.107909441529
318.753801716114
318.753801716114
318.753801716114
333.823234052218
318.781275673951
318.753801716114
318.753801716114
318.753801716114
318.753801716114
318.753801716114
318.936885473824
333.753801716114
318.961380442352
318.753801716114
319.615383197731
318.753801716114
333.753801716113
318.753801716114
318.753801716114
333.753801716113
318.753801716114
318.753801716114
333.726378875853
318.753801716114
318.753801716114
318.753801716114
318.753801716114
318.753801716114
318.753801716114
318.753801716114
318.753801716114
318.753801716114
318.936885473824
318.753801716114
318.753801716114
318.753801716114
333.936885473824
333.964359431661
318.753801716114
318.753801716114
318.753801716114
333.753801716114
334.268275379620
318.753801716114
319.323152869921
318.753801716114
318.753801716114
318.753801716114
318.753801716114
318.753801716114
318.753801716114
318.753801716114
319.140069112210
319.045039370086
319.045039370086
318.753801716114
334.119969231534
318.753801716114
318.753801716114
334.209501448315
318.936885473824
319.325569272636
318.753801716114
319.140069112210
318.753801716114
318.753801716114
318.781275673951
318.753801716114
318.753801716114
319.119969231534
334.363508122139
318.753801716114
318.874048371942
318.753801716114
318.753801716114
333.753801716114
318.890498716871
318.936885473824
333.936885473824
318.753801716114
318.753801716114
333.753801716113
318.753801716114
319.140069112210
318.936885473824
333.753801716113
319.180424364429
318.753801716114
318.890498716871
318.753801716114
318.753801716114
318.753801716114
318.753801716114
318.753801716114
318.753801716114
318.753801716114
318.753801716114
318.814930286627
318.753801716114
318.753801716114
319.126119596383
333.753801716113
319.177223766052
318.936885473824
318.753801716114
318.753801716114
318.753801716114
318.753801716114
318.753801716114
318.753801716114
318.753801716114
318.936885473824
333.753801716113
318.753801716114
333.726378875853
318.753801716114
318.753801716114
318.753801716114
318.936885473824
318.936885473824
318.753801716114
318.753801716114
318.753801716114
319.140069112210
318.753801716114
318.753801716114
318.936885473824
318.753801716114
318.753801716114
318.753801716114
318.753801716114
318.936885473824
318.753801716114
334.119969231534
318.753801716114
318.781275673951
318.961380442352
318.753801716114
318.753801716114