最优解为:1718.4417
最优解路径:

Best_route =

  1 至 24 列

    23    24    13    14     1     2    15     0     0     0     0     0     0     0     0     0     0     0     0     0     0     0     0     0
    27    28    11    12    21    22    29    30    16    25    26     0     0     0     0     0     0     0     0     0     0     0     0     0
     5     6    17    18    19    20     9    10     3     4     7     8     0     0     0     0     0     0     0     0     0     0     0     0

  25 至 31 列

     0     0     0     0     0     0     0
     0     0     0     0     0     0     0
     0     0     0     0     0     0     0

本次运算用时:20.643秒
算法在第164代时收敛

best
1724.19026880468
1724.19026880468
1724.19026880468
1721.36025003431
1721.36025003431
1721.36025003431
1721.36025003431
1721.36025003431
1721.36025003431
1721.36025003431
1721.36025003431
1721.36025003431
1721.36025003431
1721.36025003431
1721.36025003431
1721.36025003431
1721.36025003431
1721.36025003431
1721.36025003431
1721.36025003431
1721.36025003431
1721.36025003431
1721.36025003431
1721.36025003431
1721.36025003431
1721.36025003431
1721.36025003431
1721.36025003431
1721.36025003431
1720.52789241097
1720.52789241097
1720.52789241097
1720.52789241097
1720.52789241097
1720.52789241097
1720.52789241097
1720.52789241097
1720.52789241097
1720.52789241097
1720.52789241097
1720.52789241097
1720.52789241097
1720.52789241097
1720.52789241097
1720.52789241097
1720.52789241097
1720.52789241097
1720.52789241097
1720.52789241097
1720.52789241097
1720.52789241097
1720.52789241097
1720.52789241097
1720.52789241097
1720.52789241097
1720.52789241097
1720.52789241097
1720.52789241097
1720.52789241097
1720.52789241097
1720.52789241097
1720.52789241097
1720.52789241097
1719.60662011058
1719.60662011058
1719.60662011058
1719.60662011058
1719.60662011058
1719.60662011058
1719.60662011058
1719.60662011058
1719.60662011058
1719.60662011058
1719.60662011058
1719.60662011058
1719.60662011058
1719.60662011058
1719.60662011058
1719.60662011058
1719.60662011058
1719.60662011058
1719.60662011058
1719.60662011058
1719.60662011058
1719.60662011058
1719.60662011058
1719.60662011058
1719.60662011058
1719.60662011058
1719.60662011058
1719.60662011058
1719.60662011058
1719.60662011058
1719.60662011058
1719.60662011058
1719.60662011058
1719.60662011058
1719.60662011058
1719.60662011058
1719.60662011058
1719.60662011058
1719.60662011058
1719.60662011058
1719.60662011058
1719.60662011058
1719.60662011058
1719.60662011058
1719.60662011058
1719.60662011058
1719.60662011058
1719.60662011058
1719.60662011058
1719.60662011058
1719.60662011058
1719.60662011058
1719.60662011058
1719.60662011058
1719.60662011058
1719.60662011058
1719.60662011058
1719.60662011058
1719.60662011058
1719.60662011058
1719.60662011058
1719.60662011058
1719.60662011058
1719.60662011058
1719.60662011058
1719.60662011058
1719.60662011058
1719.60662011058
1719.60662011058
1719.60662011058
1719.60662011058
1719.60662011058
1719.60662011058
1719.60662011058
1719.60662011058
1719.60662011058
1719.60662011058
1719.60662011058
1719.60662011058
1719.60662011058
1719.60662011058
1719.60662011058
1719.60662011058
1719.60662011058
1719.60662011058
1719.60662011058
1719.60662011058
1719.60662011058
1719.60662011058
1719.60662011058
1719.60662011058
1719.60662011058
1719.60662011058
1719.60662011058
1719.60662011058
1719.60662011058
1719.60662011058
1719.60662011058
1719.60662011058
1719.60662011058
1718.44171689035
1718.44171689035
1718.44171689035
1718.44171689035
1718.44171689035
1718.44171689035
1718.44171689035
1718.44171689035
1718.44171689035
1718.44171689035
1718.44171689035
1718.44171689035
1718.44171689035
1718.44171689035
1718.44171689035
1718.44171689035
1718.44171689035
1718.44171689035
1718.44171689035
1718.44171689035
1718.44171689035
1718.44171689035
1718.44171689035
1718.44171689035
1718.44171689035
1718.44171689035
1718.44171689035
1718.44171689035
1718.44171689035
1718.44171689035
1718.44171689035
1718.44171689035
1718.44171689035
1718.44171689035
1718.44171689035
1718.44171689035
1718.44171689035

ave
1824.91296737038
1966.90461076746
1917.60226420244
1943.87805506320
1906.48667353559
1914.66271387955
1991.03594267936
1950.71139331564
1881.58023369817
1923.56181996486
2007.84702878760
1930.46272156884
1917.81438532070
1872.51683496253
1955.33524374265
1903.98641024895
1884.37281484165
1938.01504038516
1934.28774555062
1937.42672666293
1898.50084185850
1968.99683491324
1999.04620306655
1996.69527736968
1958.19795969511
1949.84390121151
1922.80881724935
1945.94926823416
1838.22106593996
1834.55450891040
1940.77372761352
1869.26427484429
1961.43932990574
1839.45039386331
1891.81988021643
1899.44887692775
1969.92602384290
1965.16256414318
1879.47925809019
1900.24417880803
1902.91477832580
1909.23944323287
1916.47037234199
1880.57303851844
1883.97690072887
1953.27796942730
1932.17300651082
1862.40379538601
1889.97566865968
1853.41642415911
1848.43564505580
1938.42242403477
1866.53453321551
1962.26900302320
1885.29297376211
1937.82657535598
1901.05546118722
1844.52843875224
1809.44515342928
1921.20192180300
1809.11346436519
1894.67017508789
1975.13291642123
1893.42026360428
1901.98461029003
1834.91595626922
1853.69138845297
1935.38665148570
1883.76383723521
1909.00851681978
1883.65717224869
1955.54193911526
1881.37369536189
1863.73941000002
1862.28398610096
1879.71085990057
1916.77990219391
1841.24096790635
1848.36320170258
1836.19001963188
1866.50852285363
1893.65670300952
1933.82744321717
1883.75955516376
1973.35298297594
1831.42088454394
1865.58731157579
1888.59062142002
1839.88056374080
1848.59943475715
1942.31947502266
1903.86013983206
1842.48185308167
1880.18895928185
1932.46107584976
1850.61911469406
1918.45700552528
1890.28347419794
1915.38420854260
1915.39773253940
1926.72143684739
1860.70408238658
1844.83644498907
1862.53274049198
1845.53125669515
1948.31354199714
1899.19150065279
1882.56655660949
1881.71717935165
1859.18556769710
1885.22831660930
1833.23831669319
1872.51675309778
1818.43307705176
1846.55246506653
1843.58622433297
1897.64321836837
1946.67503908618
1799.15609877142
1894.75376381409
1965.70579643319
1829.41668025226
1978.23575188907
1891.12771945149
1893.79296644569
1901.31557240065
1868.62385914024
1931.79932056215
1858.20800958751
1866.09214236163
1849.85415857588
1935.37430285226
1916.81642376795
1874.68150995439
1974.19667928794
1958.97907915980
1903.55615593010
1872.31052048635
1883.52252848354
1900.75014744751
1847.96985294463
1870.36912498958
1926.47963348240
1871.68084598699
1775.88020749417
1923.85924652388
1923.82073112318
1858.23990472832
1902.06239400837
1936.38363585698
1897.39541544587
1816.80755716801
1930.48347203548
1889.43243503999
1869.79090609390
1816.23468063786
1894.41094782853
1874.75579183077
1933.03738403317
1836.06401475077
1863.98550082567
1840.75168108037
1774.42747196953
1901.83128138980
1874.43546099002
1885.90711671815
1854.37677440178
1798.62451829818
1924.34920349886
1827.62535703543
1823.94451013635
1892.87932726686
1875.60237428666
1909.13217978084
1843.45723429941
1861.67849507772
1825.20165312299
1843.63091055150
1846.46042458012
1791.44282677820
1873.63444366144
1834.88754601952
1875.13957693525
1861.90874999763
1884.18689741790
1796.71731170779
1914.28178236409
1822.39833676432
1876.25008194043
1847.62766041959
1888.10251118984
1928.29160110266
1843.22159993700
1883.81902434939
1861.70205531442
1864.74514520596
1907.58153750111
1871.90501110422
1826.01415398225
1870.70871217919