最优解为:397.2334
最优解路径:

Best_route =

     7     5     3     4     1     8     9     2     6    10     0
     0     0     0     0     0     0     0     0     0     0     0

本次运算用时:2.64秒
算法在第1代时收敛

best
397.233423593556
397.233423593556
397.233423593556
397.233423593556
397.233423593556
397.233423593556
397.233423593556
397.233423593556
397.233423593556
397.233423593556
397.233423593556
397.233423593556
397.233423593556
397.233423593556
397.233423593556
397.233423593556
397.233423593556
397.233423593556
397.233423593556
397.233423593556
397.233423593556
397.233423593556
397.233423593556
397.233423593556
397.233423593556
397.233423593556
397.233423593556
397.233423593556
397.233423593556
397.233423593556
397.233423593556
397.233423593556
397.233423593556
397.233423593556
397.233423593556
397.233423593556
397.233423593556
397.233423593556
397.233423593556
397.233423593556
397.233423593556
397.233423593556
397.233423593556
397.233423593556
397.233423593556
397.233423593556
397.233423593556
397.233423593556
397.233423593556
397.233423593556
397.233423593556
397.233423593556
397.233423593556
397.233423593556
397.233423593556
397.233423593556
397.233423593556
397.233423593556
397.233423593556
397.233423593556
397.233423593556
397.233423593556
397.233423593556
397.233423593556
397.233423593556
397.233423593556
397.233423593556
397.233423593556
397.233423593556
397.233423593556
397.233423593556
397.233423593556
397.233423593556
397.233423593556
397.233423593556
397.233423593556
397.233423593556
397.233423593556
397.233423593556
397.233423593556
397.233423593556
397.233423593556
397.233423593556
397.233423593556
397.233423593556
397.233423593556
397.233423593556
397.233423593556
397.233423593556
397.233423593556
397.233423593556
397.233423593556
397.233423593556
397.233423593556
397.233423593556
397.233423593556
397.233423593556
397.233423593556
397.233423593556
397.233423593556

ave
633.936485862236
735.196098240746
757.674314917764
774.228999464540
661.121290138895
633.550284124740
695.076518047814
509.676888109721
656.553213034276
707.272803104028
526.822763718726
627.588325470935
722.176346994628
656.926119621306
662.462203586696
645.477935819475
511.993046543784
563.647655192035
595.931325563974
503.220890971372
514.634787891469
495.171019670468
495.163547557256
472.052096366604
405.311429705033
483.823110847616
466.753307827392
496.253813348154
476.556089015705
440.832615069236
400.018496779464
429.950426617218
412.018685699965
465.724288832870
427.465738494843
397.233423593556
412.490887894197
397.233423593556
437.632161565536
397.233423593556
416.781137707232
397.452462577486
426.303232387244
412.032513593556
397.233423593556
397.233423593556
397.233423593556
432.334052025096
397.233423593556
397.551973524485
397.233423593556
397.233423593556
397.233423593556
397.233423593556
397.233423593556
397.233423593556
399.646353593556
397.233423593556
397.360005198707
397.233423593556
397.233423593556
399.646353593556
397.233423593556
412.540066889692
418.819579015027
412.858616820621
399.765333569162
397.360005198707
397.233423593556
412.018685699965
397.976158494843
397.233423593556
432.770143630247
397.233423593556
432.600329962780
397.233423593556
397.233423593556
397.233423593556
397.233423593556
397.233423593556
397.233423593556
397.233423593556
397.233423593556
397.233423593556
397.233423593556
412.032513593556
397.233423593556
397.233423593556
397.233423593556
399.646353593556
397.233423593556
400.018496779464
397.233423593556
397.233423593556
397.233423593556
397.605566779464
397.233423593556
397.233423593556
397.233423593556
397.233423593556