实验环境：
VeiNum = 2
Q_ant = 60
AntNum = 20 
iter_max = 100

抽取的客户节点编号为

Cus_select =

    78    51     2    77    25

各任务对应的的客户节点编号为

Task_Cus =

    78    51     2    77    25

cus：
35	35
35	35
35	35
61	52
49	58
35	17
53	43
65	20


task：
3	4	3	0	1
4	2	4	1	0
2	5	1	0	1
5	3	2	3	0
2	6	1	0	1
6	3	2	5	0
2	7	1	0	1
7	3	2	7	0
2	8	1	0	1
8	3	2	9	0


linktime
0	1.27661122835045	0.776611228350453	0	0.673145600891813	0	0.450000000000000	0	0.492442890089805	0	0.838525491562421
0.776611228350453	2.21988912336757	0	0.943277895017120	0.335410196624969	0.943277895017120	1.09001146782958	0.943277895017120	0.301039864469807	0.943277895017120	0.806225774829855
0	1.27661122835045	0.943277895017120	0	0.839812267558480	0	0.616666666666667	0	0.659109556756472	0	1.00519215822909
0.673145600891813	2.11642349590893	0.335410196624969	0.839812267558480	0	0.839812267558480	43.3243580448689	0.839812267558480	15.5241746962600	0.839812267558480	41.2310562561766
1.17314560089181	0.335410196624969	2.11642349590893	1.17314560089181	2.01295786845029	1.17314560089181	1.78981226755848	1.17314560089181	1.83225515764829	1.17314560089181	2.17833775912090
0.450000000000000	1.89327789501712	1.09001146782958	0.616666666666667	43.3243580448689	0.616666666666667	0	0.616666666666667	31.6227766016838	0.616666666666667	30.1496268633627
0.950000000000000	1.09001146782958	1.89327789501712	0.950000000000000	1.78981226755848	0.950000000000000	1.56666666666667	0.950000000000000	1.60910955675647	0.950000000000000	1.95519215822909
0.492442890089805	1.93572078510693	0.301039864469807	0.659109556756472	15.5241746962600	0.659109556756472	31.6227766016838	0.659109556756472	0	0.659109556756472	25.9422435421457
0.992442890089805	0.301039864469807	1.93572078510693	0.992442890089805	1.83225515764829	0.992442890089805	1.60910955675647	0.992442890089805	1.65155244684628	0.992442890089805	1.99763504831889
0.838525491562421	2.28180338657954	0.806225774829855	1.00519215822909	41.2310562561766	1.00519215822909	30.1496268633627	1.00519215822909	25.9422435421457	1.00519215822909	0
1.33852549156242	0.806225774829855	2.28180338657954	1.33852549156242	2.17833775912090	1.33852549156242	1.95519215822909	1.33852549156242	1.99763504831889	1.33852549156242	2.34371764979151

tasktime
0
0.166666666666667
1.44327789501712
1.33981226755848
0.166666666666667
1.11666666666667
0.166666666666667
1.15910955675647
0.166666666666667
1.50519215822909
0.166666666666667


1
4	2	4	0	0
2	5	1	0	1
2	6	1	0	1
2	7	1	0	1
2	8	1	0	1

2
3	4	3	0	1
5	3	2	0	0
6	3	2	0	0
7	3	2	0	0
8	3	2	0	0



linktime1
0	0.776611228350453	0	0	0	0
0	0.943277895017120	0	0	0	0
0.673145600891813	0.335410196624969	0.839812267558480	0.839812267558480	0.839812267558480	0.839812267558480
0.450000000000000	1.09001146782958	0.616666666666667	0.616666666666667	0.616666666666667	0.616666666666667
0.492442890089805	0.301039864469807	0.659109556756472	0.659109556756472	0.659109556756472	0.659109556756472
0.838525491562421	0.806225774829855	1.00519215822909	1.00519215822909	1.00519215822909	1.00519215822909

tasktime1
0
1.44327789501712
1.33981226755848
1.11666666666667
1.15910955675647
1.50519215822909


linktime2
0	1.27661122835045	0.673145600891813	0.450000000000000	0.492442890089805	0.838525491562421
0.776611228350453	2.21988912336757	0.335410196624969	1.09001146782958	0.301039864469807	0.806225774829855
1.17314560089181	0.335410196624969	2.01295786845029	1.78981226755848	1.83225515764829	2.17833775912090
0.950000000000000	1.09001146782958	1.78981226755848	1.56666666666667	1.60910955675647	1.95519215822909
0.992442890089805	0.301039864469807	1.83225515764829	1.60910955675647	1.65155244684628	1.99763504831889
1.33852549156242	0.806225774829855	2.17833775912090	1.95519215822909	1.99763504831889	2.34371764979151


tasktime2
0
0.166666666666667
0.166666666666667
0.166666666666667
0.166666666666667
0.166666666666667