最优解为:853.3434
最优解路径:

Best_route =

    11     9     1    13     7     8    10     5     6    14     0     0     0     0     0     0     0
     3    12     2    15    16     4     0     0     0     0     0     0     0     0     0     0     0

本次运算用时:14.247秒
算法在第28代时收敛

best
882.137394535431
882.137394535431
882.137394535431
882.137394535431
882.137394535431
882.137394535431
882.137394535431
882.137394535431
882.137394535431
882.137394535431
882.137394535431
882.137394535431
882.137394535431
882.137394535431
882.137394535431
861.665949626971
861.665949626971
861.665949626971
861.665949626971
861.665949626971
861.665949626971
861.665949626971
861.665949626971
861.665949626971
861.665949626971
861.665949626971
861.665949626971
853.343430113579
853.343430113579
853.343430113579
853.343430113579
853.343430113579
853.343430113579
853.343430113579
853.343430113579
853.343430113579
853.343430113579
853.343430113579
853.343430113579
853.343430113579
853.343430113579
853.343430113579
853.343430113579
853.343430113579
853.343430113579
853.343430113579
853.343430113579
853.343430113579
853.343430113579
853.343430113579
853.343430113579
853.343430113579
853.343430113579
853.343430113579
853.343430113579
853.343430113579
853.343430113579
853.343430113579
853.343430113579
853.343430113579
853.343430113579
853.343430113579
853.343430113579
853.343430113579
853.343430113579
853.343430113579
853.343430113579
853.343430113579
853.343430113579
853.343430113579
853.343430113579
853.343430113579
853.343430113579
853.343430113579
853.343430113579
853.343430113579
853.343430113579
853.343430113579
853.343430113579
853.343430113579
853.343430113579
853.343430113579
853.343430113579
853.343430113579
853.343430113579
853.343430113579
853.343430113579
853.343430113579
853.343430113579
853.343430113579
853.343430113579
853.343430113579
853.343430113579
853.343430113579
853.343430113579
853.343430113579
853.343430113579
853.343430113579
853.343430113579
853.343430113579
853.343430113579
853.343430113579
853.343430113579
853.343430113579
853.343430113579
853.343430113579
853.343430113579
853.343430113579
853.343430113579
853.343430113579
853.343430113579
853.343430113579
853.343430113579
853.343430113579
853.343430113579
853.343430113579
853.343430113579
853.343430113579
853.343430113579
853.343430113579
853.343430113579
853.343430113579
853.343430113579
853.343430113579
853.343430113579
853.343430113579
853.343430113579
853.343430113579
853.343430113579
853.343430113579
853.343430113579
853.343430113579
853.343430113579
853.343430113579
853.343430113579
853.343430113579
853.343430113579
853.343430113579
853.343430113579
853.343430113579
853.343430113579
853.343430113579
853.343430113579
853.343430113579
853.343430113579
853.343430113579
853.343430113579
853.343430113579
853.343430113579
853.343430113579
853.343430113579
853.343430113579
853.343430113579
853.343430113579
853.343430113579
853.343430113579
853.343430113579
853.343430113579
853.343430113579
853.343430113579
853.343430113579
853.343430113579
853.343430113579
853.343430113579
853.343430113579
853.343430113579
853.343430113579
853.343430113579
853.343430113579
853.343430113579
853.343430113579
853.343430113579
853.343430113579
853.343430113579
853.343430113579
853.343430113579
853.343430113579
853.343430113579
853.343430113579
853.343430113579
853.343430113579
853.343430113579
853.343430113579
853.343430113579
853.343430113579
853.343430113579
853.343430113579
853.343430113579
853.343430113579
853.343430113579
853.343430113579
853.343430113579
853.343430113579
853.343430113579
853.343430113579
853.343430113579
853.343430113579
853.343430113579
853.343430113579
853.343430113579

ave
1044.42289906774
1047.60825823243
1016.88787896058
1022.40822355878
1037.57356375141
1042.64779780535
1028.81945859092
1029.50964769041
1003.77377748143
1023.15640935858
1041.19356757218
1022.49735452773
1025.26062341231
1011.44269936331
979.449075762044
996.126579513880
1014.71485438835
1032.61255261020
1029.70413150601
971.768446801107
997.979598190350
974.698865562839
956.841392767199
948.186749284792
948.105116293869
933.876883530749
956.648935195835
940.254687955270
940.438896419538
948.822779718858
945.147178838877
938.501507907290
949.021118296189
916.944907059479
949.050644162798
920.122715938284
923.288498772112
926.811297152682
924.984480083122
908.885655723989
944.008883484372
944.530161368988
902.078818020753
942.851309257065
924.548718771199
912.368701088964
911.775925099207
917.035050831613
922.609956278546
920.185462050028
912.958915218036
914.526547326659
910.652206108226
914.931381526411
917.560792996084
924.157289561935
894.919687801949
935.280023704224
932.413712707697
955.729429854450
942.386154711954
936.477763158339
949.990202082621
936.159995482335
945.333623769324
947.206610082352
948.225831911495
962.075785376537
940.552063179429
962.913671750742
951.595824593102
935.962832403826
944.316118279628
933.914392190917
959.821204687976
950.373464923486
925.953676533124
946.137764898993
952.881472772496
956.450659938342
927.531749565093
972.828272469884
919.735129344693
1007.97070465498
954.664255272199
958.775176931733
964.545902237534
969.771759174790
955.673052185409
950.558308381666
976.632631185213
956.712604991606
916.417183084817
924.531965558926
896.291136551861
925.909287326179
899.061471656378
908.322429011694
915.983751400061
925.710236533978
920.058091820689
903.381909088574
951.336536001798
928.116785552382
925.431696436821
913.444575991434
909.809517029575
941.781727785578
921.458828041371
923.170516196463
911.784903846858
939.327576199770
905.152551132274
903.325234449381
929.059113421394
937.877021114313
918.161023482616
942.698380521386
906.891447187399
923.226617466910
909.557115153845
911.092669864951
934.552734373364
922.328314842201
925.873424234687
905.868789231140
915.989963503100
944.728467494417
902.873815904723
922.392402107416
909.323439387475
921.019280175537
911.965336958105
925.207953663381
926.369487966722
930.485891397944
943.507323989701
910.274351635899
928.652790045143
914.833528136684
914.452153447401
949.636770906810
941.656173685820
899.253105543061
926.176774664432
913.902707097192
911.871999703407
929.276664719316
940.552167810971
909.674556828013
920.595596831436
942.038775172624
914.616703216694
908.779990455780
917.617445678739
919.508639901601
933.271141713341
933.533769621560
942.611832168332
947.707978135663
930.296571073131
923.170715386628
912.937517747033
920.995123637882
930.354550454297
911.498640196002
933.341257593118
919.875270359107
931.076613930643
904.179482738802
910.490229520659
922.420500339129
930.695799801848
941.466840881528
916.641717859634
910.792794106766
914.479511805649
924.269682119761
917.380983595463
914.542819702115
929.982439717516
910.792794106766
908.568850415139
894.537778705835
919.154271447178
908.071268921090
925.053440065894
901.827086690664
931.820352631469
915.077143634810
911.855805481642
906.809242871250
920.325870818978
914.538684704580
965.553478259081
933.553800503812
931.241553994146
921.991717454035
919.435763941959
939.493237809170