最优解为:840.8347
最优解路径:

Best_route =

     7    10     5     6     8     2     0     0     0     0     0     0     0     0     0     0     0
     9     1    11    13     3     4    14    15    16    12     0     0     0     0     0     0     0

本次运算用时:15.859秒
算法在第70代时收敛

best
906.934038543011
866.534268211998
866.534268211998
866.534268211998
866.534268211998
866.534268211998
866.534268211998
861.098110874917
861.098110874917
861.098110874917
861.098110874917
861.098110874917
861.098110874917
861.098110874917
861.098110874917
861.098110874917
861.098110874917
861.098110874917
861.098110874917
861.098110874917
861.098110874917
861.098110874917
861.098110874917
861.098110874917
861.098110874917
861.098110874917
861.098110874917
861.098110874917
861.098110874917
861.098110874917
861.098110874917
861.098110874917
861.098110874917
861.098110874917
861.098110874917
861.098110874917
861.098110874917
861.098110874917
861.098110874917
861.098110874917
861.098110874917
861.098110874917
861.098110874917
861.098110874917
861.098110874917
861.098110874917
861.098110874917
861.098110874917
861.098110874917
861.098110874917
851.188382207563
851.188382207563
851.188382207563
851.188382207563
851.188382207563
851.188382207563
851.188382207563
851.188382207563
851.188382207563
851.188382207563
851.188382207563
851.188382207563
851.188382207563
851.188382207563
851.188382207563
851.188382207563
851.188382207563
851.188382207563
851.188382207563
840.834703945523
840.834703945523
840.834703945523
840.834703945523
840.834703945523
840.834703945523
840.834703945523
840.834703945523
840.834703945523
840.834703945523
840.834703945523
840.834703945523
840.834703945523
840.834703945523
840.834703945523
840.834703945523
840.834703945523
840.834703945523
840.834703945523
840.834703945523
840.834703945523
840.834703945523
840.834703945523
840.834703945523
840.834703945523
840.834703945523
840.834703945523
840.834703945523
840.834703945523
840.834703945523
840.834703945523
840.834703945523
840.834703945523
840.834703945523
840.834703945523
840.834703945523
840.834703945523
840.834703945523
840.834703945523
840.834703945523
840.834703945523
840.834703945523
840.834703945523
840.834703945523
840.834703945523
840.834703945523
840.834703945523
840.834703945523
840.834703945523
840.834703945523
840.834703945523
840.834703945523
840.834703945523
840.834703945523
840.834703945523
840.834703945523
840.834703945523
840.834703945523
840.834703945523
840.834703945523
840.834703945523
840.834703945523
840.834703945523
840.834703945523
840.834703945523
840.834703945523
840.834703945523
840.834703945523
840.834703945523
840.834703945523
840.834703945523
840.834703945523
840.834703945523
840.834703945523
840.834703945523
840.834703945523
840.834703945523
840.834703945523
840.834703945523
840.834703945523
840.834703945523
840.834703945523
840.834703945523
840.834703945523
840.834703945523
840.834703945523
840.834703945523
840.834703945523
840.834703945523
840.834703945523
840.834703945523
840.834703945523
840.834703945523
840.834703945523
840.834703945523
840.834703945523
840.834703945523
840.834703945523
840.834703945523
840.834703945523
840.834703945523
840.834703945523
840.834703945523
840.834703945523
840.834703945523
840.834703945523
840.834703945523
840.834703945523
840.834703945523
840.834703945523
840.834703945523
840.834703945523
840.834703945523
840.834703945523
840.834703945523
840.834703945523
840.834703945523
840.834703945523
840.834703945523
840.834703945523
840.834703945523
840.834703945523
840.834703945523
840.834703945523
840.834703945523
840.834703945523
840.834703945523
840.834703945523
840.834703945523
840.834703945523
840.834703945523

ave
1038.06416010511
1008.41910465242
1059.51512953532
1009.97244216720
1049.87494264432
1044.25249279050
1005.23471063069
1021.94485527514
991.966723961101
1037.21618172323
1039.60916307488
1020.60571323694
1008.12872164210
1050.08586028915
1008.18773214252
1031.40091470349
1069.70909498532
999.732244356802
1012.91034654502
983.573741569349
967.728164926831
973.447589538826
984.824243298113
955.990062241152
967.353842547362
967.622847508556
948.589092301392
942.853101983805
930.431194623905
958.006626358491
941.581808274379
932.635915615287
959.519755319506
943.378070576220
908.837186194832
954.129664590073
922.912726007140
917.589217489473
915.081267896771
935.188679868397
922.501901075880
932.535784606260
920.974788207943
926.625413389779
907.009118101395
916.755835236973
917.710786807240
907.215146132974
901.798775643875
933.448286048167
916.824487864274
911.082724016970
895.153259770881
910.732010025082
906.356513262024
932.897074316262
904.872203466735
915.762393303781
896.774840965656
906.417417546266
910.190660695032
901.008541780815
913.249681566331
919.767122313185
916.316955055653
899.952381629027
919.057025338022
901.573153820307
905.619484873878
901.298408427156
940.471916042862
901.326295153686
906.696721051623
930.999624954275
916.092184356652
915.388264231039
919.555702988285
909.551507489308
910.193556972150
918.958984921756
908.204572964082
909.547264255427
906.654312216376
910.579280729962
909.669841237524
920.698646977754
925.463958791228
904.658080887931
908.407926085644
900.189212752071
908.963038638373
908.307465472533
908.612701950601
903.496239040995
912.809149607070
909.673223412080
929.785454599672
909.213993025687
921.954873406777
917.256695336635
903.026205381699
899.497873691590
925.482576038454
894.346829873659
935.409538454447
914.079528608972
923.502135431227
906.061809080111
920.002868467696
908.513870287436
902.048447091448
928.344538450791
920.258572379571
925.362530420143
897.602396824376
920.316657337441
928.225285872340
936.822516384712
901.513644646671
912.696266902395
906.155878853430
916.329982917466
906.375968696067
905.636142809018
920.410461599278
916.678988312333
924.004571011278
906.409939975452
903.101756011151
913.803555170866
909.914962097107
911.205999079758
923.146963962540
909.651073915213
909.879999797344
916.347211790186
914.279822832431
921.348746367305
907.360317334445
904.982552344744
913.541874718562
935.160020255467
924.937406815963
908.206565963274
899.184214161535
913.091685618680
916.466822937804
903.528975313126
923.636553787390
917.771006011548
897.932137549494
905.962210260899
923.208441245335
934.430815294282
913.422928216308
912.490572143268
921.905038058068
913.211928926461
904.062405555524
914.197844487855
900.501633829993
906.797742679175
905.456517478110
907.424793631987
927.550722153310
915.238469231281
900.043049677480
915.912067618776
913.923286524898
912.403289940468
928.774494541498
909.919826108034
935.825665091306
905.168862948738
923.457153558397
909.994716102358
904.064084253826
914.929651512806
899.832616909947
904.930427561393
907.505278759526
933.056538734362
921.658938826422
912.821967910882
924.363496196239
907.381489577621
925.647548149948
913.519851327542
948.007208972969
910.822848700696
903.038216873296
898.346847214199
907.926754257637
931.386767505719
905.938099895066
931.449384593894
925.537942052092
933.877031920081
922.886297262340
907.118115205775