实验环境：
VeiNum = 2
Q_ant = 60
AntNum = 20 
iter_max = 100

抽取的客户节点编号为

Cus_select =

    13    91

各任务对应的的客户节点编号为

Task_Cus =

    13    91

cus
40	50
40	50
40	50
5	35
49	42

task
3	4	3	0	1
4	2	4	1	0
2	5	1	0	1
5	3	2	3	0


linktime
0	1.45197163823299	0.951971638232989	0	0.301039864469807
0.951971638232989	2.57060994313264	0	1.11863830489966	1.11383347049727
0	1.45197163823299	1.11863830489966	0	0.467706531136474
0.301039864469807	1.91967816936946	1.11383347049727	0.467706531136474	0
0.801039864469807	1.11383347049727	1.91967816936946	0.801039864469807	1.26874639560628

tasktime
0
0.166666666666667
1.61863830489966
0.967706531136474
0.166666666666667


1
4	2	4	0	0
2	5	1	0	1

2
3	4	3	0	1
5	3	2	0	0


linktime1
0	0.976281209488332	0
0	1.14294787615500	0
0.838525491562421	1.13192314226718	1.00519215822909

tasktime1
0
1.64294787615500
1.50519215822909


linktime2
0	1.47628120948833	0.838525491562421
0.976281209488332	2.61922908564333	1.13192314226718
1.33852549156242	1.13192314226718	2.34371764979151

tasktime2
0
0.166666666666667
0.166666666666667