最优解为:972.5742
最优解路径:

Best_route =

    11    12     0     0     0     0     0     0     0     0     0     0     0
     9    10     5     6     7     8     3     4     1     2     0     0     0

本次运算用时:3.766秒
算法在第1代时收敛

best
972.574184957643
972.574184957643
972.574184957643
972.574184957643
972.574184957643
972.574184957643
972.574184957643
972.574184957643
972.574184957643
972.574184957643
972.574184957643
972.574184957643
972.574184957643
972.574184957643
972.574184957643
972.574184957643
972.574184957643
972.574184957643
972.574184957643
972.574184957643
972.574184957643
972.574184957643
972.574184957643
972.574184957643
972.574184957643
972.574184957643
972.574184957643
972.574184957643
972.574184957643
972.574184957643
972.574184957643
972.574184957643
972.574184957643
972.574184957643
972.574184957643
972.574184957643
972.574184957643
972.574184957643
972.574184957643
972.574184957643
972.574184957643
972.574184957643
972.574184957643
972.574184957643
972.574184957643
972.574184957643
972.574184957643
972.574184957643
972.574184957643
972.574184957643
972.574184957643
972.574184957643
972.574184957643
972.574184957643
972.574184957643
972.574184957643
972.574184957643
972.574184957643
972.574184957643
972.574184957643
972.574184957643
972.574184957643
972.574184957643
972.574184957643
972.574184957643
972.574184957643
972.574184957643
972.574184957643
972.574184957643
972.574184957643
972.574184957643
972.574184957643
972.574184957643
972.574184957643
972.574184957643
972.574184957643
972.574184957643
972.574184957643
972.574184957643
972.574184957643
972.574184957643
972.574184957643
972.574184957643
972.574184957643
972.574184957643
972.574184957643
972.574184957643
972.574184957643
972.574184957643
972.574184957643
972.574184957643
972.574184957643
972.574184957643
972.574184957643
972.574184957643
972.574184957643
972.574184957643
972.574184957643
972.574184957643
972.574184957643

ave
975.519864304314
973.932662561812
973.692538530073
972.985649855665
973.260078553219
973.116867885765
973.116867885765
973.215189431074
973.264579773958
972.984332906037
972.872242633287
972.836621017844
972.705402987744
973.066160593253
973.264579773958
973.459814683553
973.003460663387
972.967839047944
972.872242633287
972.915814805802
972.574184957643
972.723213795465
972.723213795465
972.723213795465
972.574184957643
972.574184957643
972.723213795465
972.723213795465
972.574184957643
972.574184957643
972.854431825565
972.705402987744
972.836621017843
972.853114875936
972.574184957643
972.854431825565
972.574184957643
972.854431825565
972.705402987744
972.574184957643
973.003460663387
972.574184957643
972.705402987744
972.723213795465
972.854431825565
973.021271471108
972.723213795465
972.872242633287
972.574184957643
972.854431825565
972.574184957643
972.854431825565
972.705402987744
972.872242633287
972.705402987744
972.574184957643
972.574184957643
972.723213795465
973.066160593253
972.723213795465
972.705402987744
972.705402987744
972.705402987744
972.853114875936
972.574184957643
972.836621017844
972.723213795465
972.705402987744
972.705402987744
972.705402987744
972.574184957643
972.705402987744
972.785913725331
972.574184957643
972.574184957643
972.574184957643
972.574184957643
972.872242633287
972.705402987744
972.705402987744
972.574184957643
972.723213795465
972.574184957643
972.854431825565
972.723213795465
972.723213795465
972.574184957643
972.574184957643
972.854431825565
972.854431825565
972.836621017843
972.705402987744
972.836621017843
972.723213795465
972.854431825565
972.723213795465
972.723213795465
972.574184957643
972.574184957643
972.704086038115