最优解为:909.0335
最优解路径:

Best_route =

     5     6    10     8    11    14    12     0     0     0     0     0     0     0     0     0     0
     9     7    13     3     4     1     2    15    16     0     0     0     0     0     0     0     0

本次运算用时:9.937秒
算法在第15代时收敛

best
954.165428518860
954.165428518860
954.165428518860
911.527733514152
911.527733514152
911.527733514152
911.527733514152
911.527733514152
911.527733514152
911.527733514152
911.527733514152
911.527733514152
911.527733514152
911.527733514152
909.033523379065
909.033523379065
909.033523379065
909.033523379065
909.033523379065
909.033523379065
909.033523379065
909.033523379065
909.033523379065
909.033523379065
909.033523379065
909.033523379065
909.033523379065
909.033523379065
909.033523379065
909.033523379065
909.033523379065
909.033523379065
909.033523379065
909.033523379065
909.033523379065
909.033523379065
909.033523379065
909.033523379065
909.033523379065
909.033523379065
909.033523379065
909.033523379065
909.033523379065
909.033523379065
909.033523379065
909.033523379065
909.033523379065
909.033523379065
909.033523379065
909.033523379065
909.033523379065
909.033523379065
909.033523379065
909.033523379065
909.033523379065
909.033523379065
909.033523379065
909.033523379065
909.033523379065
909.033523379065
909.033523379065
909.033523379065
909.033523379065
909.033523379065
909.033523379065
909.033523379065
909.033523379065
909.033523379065
909.033523379065
909.033523379065
909.033523379065
909.033523379065
909.033523379065
909.033523379065
909.033523379065
909.033523379065
909.033523379065
909.033523379065
909.033523379065
909.033523379065
909.033523379065
909.033523379065
909.033523379065
909.033523379065
909.033523379065
909.033523379065
909.033523379065
909.033523379065
909.033523379065
909.033523379065
909.033523379065
909.033523379065
909.033523379065
909.033523379065
909.033523379065
909.033523379065
909.033523379065
909.033523379065
909.033523379065
909.033523379065
909.033523379065
909.033523379065
909.033523379065
909.033523379065
909.033523379065
909.033523379065
909.033523379065
909.033523379065
909.033523379065
909.033523379065
909.033523379065
909.033523379065
909.033523379065
909.033523379065
909.033523379065
909.033523379065
909.033523379065
909.033523379065
909.033523379065
909.033523379065
909.033523379065
909.033523379065
909.033523379065
909.033523379065
909.033523379065
909.033523379065
909.033523379065
909.033523379065
909.033523379065
909.033523379065
909.033523379065
909.033523379065
909.033523379065
909.033523379065
909.033523379065
909.033523379065
909.033523379065
909.033523379065
909.033523379065
909.033523379065
909.033523379065
909.033523379065
909.033523379065
909.033523379065
909.033523379065
909.033523379065
909.033523379065
909.033523379065
909.033523379065
909.033523379065
909.033523379065
909.033523379065
909.033523379065
909.033523379065
909.033523379065
909.033523379065
909.033523379065
909.033523379065
909.033523379065
909.033523379065
909.033523379065
909.033523379065
909.033523379065
909.033523379065
909.033523379065
909.033523379065
909.033523379065
909.033523379065
909.033523379065
909.033523379065
909.033523379065
909.033523379065
909.033523379065
909.033523379065
909.033523379065
909.033523379065
909.033523379065
909.033523379065
909.033523379065
909.033523379065
909.033523379065
909.033523379065
909.033523379065
909.033523379065
909.033523379065
909.033523379065
909.033523379065
909.033523379065
909.033523379065
909.033523379065
909.033523379065
909.033523379065
909.033523379065
909.033523379065
909.033523379065
909.033523379065
909.033523379065
909.033523379065
909.033523379065
909.033523379065

ave
1086.70741026613
1100.08092155028
1119.58740291121
1064.94263372502
1075.45184203301
1088.13244479316
1080.15114259467
1026.61180058909
1101.64985439315
1113.37068259638
1073.22116106885
1081.71129366885
1095.50117672673
1100.26610811271
1047.45620760935
1071.65887948404
1037.40055366617
1063.85561509650
1079.10163022478
1054.56511024741
1047.59914223200
1098.79101435676
1047.79211003469
1032.37474448279
1081.91932542551
1018.04774527960
1032.64764858699
985.511615610778
1028.22457959246
1030.00931265104
1035.27099311889
1069.38084193388
980.396858057616
1012.52715773785
964.258654332630
991.600742489738
991.792112192646
996.468621194272
1004.31237741323
975.117029542524
998.860703066481
980.248601885591
1002.34704352830
979.874382220738
979.609358933418
995.850012452684
972.945275891757
992.485300047351
987.832804806677
968.738940828644
992.294416803210
964.341351685158
963.931024271183
954.775232428792
974.781169756057
969.144603729836
971.953908464495
981.722957035058
959.728580696772
1000.95903195077
993.746078756953
951.756641500047
979.578352784713
983.492292043190
964.876236009305
955.669584048796
973.807989804296
980.103753883240
981.372783032222
960.698245896960
969.736682519899
966.653351251104
976.052356176423
947.460495567565
1004.35430574464
983.204353478719
955.303819746925
954.126469878277
985.273136560785
981.689660286996
996.422893868690
979.194315926305
1010.09034295018
972.744913108868
979.127563550668
995.409601675125
995.235465056460
993.409246563718
975.417756364570
982.407830127927
1009.61307491411
976.040197914723
971.193941693464
1018.96046081189
969.084126427143
993.895125838625
1005.82935046338
988.759545139708
1024.13880391636
978.263602455765
962.636792750089
1001.66924886772
994.345049202405
989.235675107998
989.953869823032
1020.17729141960
966.110737229317
966.532468388184
992.972294850372
955.497577869359
951.585275320286
964.027227039511
969.101425231787
948.869011947174
964.617151203259
945.575150014153
962.182796630474
989.719476872736
984.712130852893
956.770341084354
962.363372879598
1001.68779155556
961.591485749391
972.611719632206
981.304362060013
980.561947762010
1005.75770054641
954.290200291434
979.171507375395
964.526079303869
959.246322784809
969.037330667082
958.793654533847
948.352472791542
955.087348243380
969.801054844648
993.035057987996
985.466051610590
966.669551594298
984.240574375010
978.983831635119
957.738468980315
971.787073353322
972.696402694576
954.149457073136
965.700879370980
959.649133815421
1016.20764351822
992.560882140256
968.622437116145
1013.93718916303
958.815300632442
982.964666054997
1018.47384978252
969.406336862652
965.539894614564
973.704343622639
1000.44918978442
973.552877505155
977.894262358190
992.241518006059
963.501647539888
961.838094628298
974.709526268940
980.078507497432
983.975472192088
950.588647167649
958.602619193441
975.896653314830
971.830299470389
994.799372742306
962.952422335888
956.705908760039
974.378492292397
972.112759485695
972.753107085728
979.250774400710
984.389878981890
973.266769172928
981.687768844235
972.199504746404
980.463112879340
974.840201067520
965.454891644875
977.860581922355
987.519454375409
960.006055646916
978.488520825377
1001.97302859627
978.629041209259
971.688762103012
966.345687866102
985.678544352875
969.387628503142
953.062540542318
972.974968675001
986.961233359832
952.670995857687
961.281054786389
977.818587508431