最优解为:852.8566
最优解路径:

Best_route =

    13    11     3     4     1    12     8     0     0     0     0     0     0     0     0     0     0
     9    10     7     5    14    15    16     6     2     0     0     0     0     0     0     0     0

本次运算用时:12.578秒
算法在第8代时收敛

best
956.250348025467
955.379809182131
955.379809182131
955.379809182131
949.356687859019
949.356687859019
949.356687859019
852.856642238290
852.856642238290
852.856642238290
852.856642238290
852.856642238290
852.856642238290
852.856642238290
852.856642238290
852.856642238290
852.856642238290
852.856642238290
852.856642238290
852.856642238290
852.856642238290
852.856642238290
852.856642238290
852.856642238290
852.856642238290
852.856642238290
852.856642238290
852.856642238290
852.856642238290
852.856642238290
852.856642238290
852.856642238290
852.856642238290
852.856642238290
852.856642238290
852.856642238290
852.856642238290
852.856642238290
852.856642238290
852.856642238290
852.856642238290
852.856642238290
852.856642238290
852.856642238290
852.856642238290
852.856642238290
852.856642238290
852.856642238290
852.856642238290
852.856642238290
852.856642238290
852.856642238290
852.856642238290
852.856642238290
852.856642238290
852.856642238290
852.856642238290
852.856642238290
852.856642238290
852.856642238290
852.856642238290
852.856642238290
852.856642238290
852.856642238290
852.856642238290
852.856642238290
852.856642238290
852.856642238290
852.856642238290
852.856642238290
852.856642238290
852.856642238290
852.856642238290
852.856642238290
852.856642238290
852.856642238290
852.856642238290
852.856642238290
852.856642238290
852.856642238290
852.856642238290
852.856642238290
852.856642238290
852.856642238290
852.856642238290
852.856642238290
852.856642238290
852.856642238290
852.856642238290
852.856642238290
852.856642238290
852.856642238290
852.856642238290
852.856642238290
852.856642238290
852.856642238290
852.856642238290
852.856642238290
852.856642238290
852.856642238290
852.856642238290
852.856642238290
852.856642238290
852.856642238290
852.856642238290
852.856642238290
852.856642238290
852.856642238290
852.856642238290
852.856642238290
852.856642238290
852.856642238290
852.856642238290
852.856642238290
852.856642238290
852.856642238290
852.856642238290
852.856642238290
852.856642238290
852.856642238290
852.856642238290
852.856642238290
852.856642238290
852.856642238290
852.856642238290
852.856642238290
852.856642238290
852.856642238290
852.856642238290
852.856642238290
852.856642238290
852.856642238290
852.856642238290
852.856642238290
852.856642238290
852.856642238290
852.856642238290
852.856642238290
852.856642238290
852.856642238290
852.856642238290
852.856642238290
852.856642238290
852.856642238290
852.856642238290
852.856642238290
852.856642238290
852.856642238290
852.856642238290
852.856642238290
852.856642238290
852.856642238290
852.856642238290
852.856642238290
852.856642238290
852.856642238290
852.856642238290
852.856642238290
852.856642238290
852.856642238290
852.856642238290
852.856642238290
852.856642238290
852.856642238290
852.856642238290
852.856642238290
852.856642238290
852.856642238290
852.856642238290
852.856642238290
852.856642238290
852.856642238290
852.856642238290
852.856642238290
852.856642238290
852.856642238290
852.856642238290
852.856642238290
852.856642238290
852.856642238290
852.856642238290
852.856642238290
852.856642238290
852.856642238290
852.856642238290
852.856642238290
852.856642238290
852.856642238290
852.856642238290
852.856642238290
852.856642238290
852.856642238290
852.856642238290
852.856642238290
852.856642238290
852.856642238290
852.856642238290
852.856642238290
852.856642238290
852.856642238290

ave
1078.91646152627
1118.18143793527
1086.08324678417
1124.45361459918
1091.56978624410
1085.40001671197
1079.26714496076
1093.94543776745
1136.84031455951
1089.31016107347
1077.73522192411
1105.28771181307
1056.81039693649
1124.69681638252
1062.53244458145
1095.68178233235
1063.43149817343
1088.36315470225
1069.04894008027
1087.18523327170
1072.56077688934
1071.86238583929
1089.49919268223
1100.53854106836
1094.11567158105
1095.92911235731
1053.11651981936
1077.66786184097
1084.09420057233
1067.35573019437
1074.47236502047
1093.83279722941
1103.27709261122
1132.49846534863
1092.85007349147
1081.86570139107
1083.13510924107
1065.92798708874
1072.64791323269
1056.74591088088
1035.05734172228
1090.79113596086
1091.07085339515
1054.27711230449
1038.51809569283
984.819737741833
971.063347456913
981.202906121480
1016.31149642666
969.596502109684
1017.88496715344
1007.93385885751
1029.13470672998
951.275342331099
967.647023872951
978.556569409489
975.750992390390
970.771791146062
975.268315714567
981.835727147712
997.947998844395
979.922730261338
981.573974149436
960.137097396111
954.907395154345
970.983039606384
985.253478355368
964.812249967026
979.788644932066
971.858605244133
974.229585720694
979.984776802390
953.905387963972
962.081191866222
960.712531439319
972.841384182534
968.178608986023
980.355799570466
977.221551719511
958.058793909695
960.571529085854
973.655420935844
954.857024213161
980.393860568590
1012.89231650779
964.670356071596
964.557284134460
958.821303001193
967.621824239328
985.258292336575
951.671498149816
972.205685589320
961.801982506444
978.386131673617
963.896106864939
975.100187143809
975.149701394238
958.476601238670
973.562549330684
997.664436330707
982.010125547178
961.233316085761
952.995866822031
982.834321343158
973.088654742809
959.600405736506
974.942757824013
980.919762159395
964.548633075025
949.510893367755
960.390658100452
961.123269036638
963.481554861406
980.927081630342
957.357770599970
954.628080573188
958.700567335856
972.148870667338
959.617672748758
983.008250077430
960.579529597039
994.866011818947
960.191391287742
961.201406277061
951.818293948826
990.231201928178
946.042604557245
964.130351802522
973.880586786150
968.405139263720
991.345390098987
953.694497547056
974.933419976635
964.095940874268
957.845519554182
958.279941391240
986.761160506721
970.942857772596
953.332200741033
999.514535146957
970.164815198984
1001.26259380426
971.031307923273
946.645033622456
990.976958255234
981.855113246601
962.674129193845
966.232983142275
959.792776164649
983.068649797278
984.422597989568
981.138943982692
971.865501641546
951.382502853498
978.353093213319
977.683331032871
987.475669169846
963.512116839540
963.338854667129
981.805209784532
972.995410146995
1016.85057241707
971.178790797817
955.897497976006
967.864492610093
953.159491961576
984.278897146606
987.003327829069
961.510658377680
984.482684916010
970.123016077202
982.941663437004
964.579397547959
967.722918316852
965.787592069596
951.050703675447
960.839319903435
975.130249422559
968.425815821993
964.061342059561
975.058134453043
964.446990568662
974.555114826034
960.922148064655
952.439668242612
958.527708172270
953.462642192707
960.398099587440
976.137893528130
965.156446009820
972.299196471244
963.933017198029
962.788046979180
974.360563353084
979.167742556671
973.626626600458
976.212959077852
963.056357401112
965.648824267695
954.060266480571