最优解为:897.1983
最优解路径:

Best_route =

    11    13    15    16     8     9    10     0     0     0     0     0     0     0     0     0     0
     7     3     4     1    14     5     6     2    12     0     0     0     0     0     0     0     0

本次运算用时:15.219秒
算法在第114代时收敛

best
966.184525436427
915.228358176900
915.228358176900
915.228358176900
915.228358176900
915.228358176900
915.228358176900
915.228358176900
915.228358176900
900.673309579109
900.673309579109
900.673309579109
900.673309579109
900.673309579109
900.673309579109
900.673309579109
900.673309579109
900.673309579109
900.673309579109
900.673309579109
900.673309579109
900.673309579109
900.673309579109
900.673309579109
900.673309579109
900.673309579109
900.673309579109
900.673309579109
900.673309579109
900.673309579109
900.673309579109
900.673309579109
900.673309579109
900.673309579109
900.673309579109
900.673309579109
900.673309579109
900.673309579109
900.673309579109
900.673309579109
900.673309579109
900.673309579109
900.673309579109
900.673309579109
900.673309579109
900.673309579109
900.673309579109
900.673309579109
900.673309579109
900.673309579109
900.673309579109
900.673309579109
900.673309579109
900.673309579109
900.673309579109
900.673309579109
900.673309579109
900.673309579109
900.673309579109
900.673309579109
900.673309579109
900.673309579109
900.673309579109
900.673309579109
900.673309579109
900.673309579109
900.673309579109
900.673309579109
900.673309579109
900.673309579109
900.673309579109
900.673309579109
900.673309579109
900.673309579109
900.673309579109
900.673309579109
900.673309579109
900.673309579109
900.673309579109
900.673309579109
900.673309579109
900.673309579109
900.673309579109
900.673309579109
900.673309579109
900.673309579109
900.673309579109
900.673309579109
900.673309579109
900.673309579109
900.673309579109
900.673309579109
900.673309579109
900.673309579109
900.673309579109
900.673309579109
900.673309579109
900.673309579109
900.673309579109
900.673309579109
900.673309579109
900.673309579109
900.673309579109
900.673309579109
900.673309579109
900.673309579109
900.673309579109
900.673309579109
900.673309579109
900.673309579109
900.673309579109
900.673309579109
900.673309579109
897.198275420093
897.198275420093
897.198275420093
897.198275420093
897.198275420093
897.198275420093
897.198275420093
897.198275420093
897.198275420093
897.198275420093
897.198275420093
897.198275420093
897.198275420093
897.198275420093
897.198275420093
897.198275420093
897.198275420093
897.198275420093
897.198275420093
897.198275420093
897.198275420093
897.198275420093
897.198275420093
897.198275420093
897.198275420093
897.198275420093
897.198275420093
897.198275420093
897.198275420093
897.198275420093
897.198275420093
897.198275420093
897.198275420093
897.198275420093
897.198275420093
897.198275420093
897.198275420093
897.198275420093
897.198275420093
897.198275420093
897.198275420093
897.198275420093
897.198275420093
897.198275420093
897.198275420093
897.198275420093
897.198275420093
897.198275420093
897.198275420093
897.198275420093
897.198275420093
897.198275420093
897.198275420093
897.198275420093
897.198275420093
897.198275420093
897.198275420093
897.198275420093
897.198275420093
897.198275420093
897.198275420093
897.198275420093
897.198275420093
897.198275420093
897.198275420093
897.198275420093
897.198275420093
897.198275420093
897.198275420093
897.198275420093
897.198275420093
897.198275420093
897.198275420093
897.198275420093
897.198275420093
897.198275420093
897.198275420093
897.198275420093
897.198275420093
897.198275420093
897.198275420093
897.198275420093
897.198275420093
897.198275420093
897.198275420093
897.198275420093
897.198275420093

ave
1112.42925784905
1107.95462573852
1112.79235700815
1054.02131647050
1043.39122800693
1068.84931863842
1053.69754185496
1111.38808997020
1063.86834296735
1040.43402929573
1064.47022453249
1093.22276282455
1033.65001042214
1055.22236059629
1071.88945781717
1064.03757206872
1075.89126145583
1027.84343598712
1030.15927077631
1044.18738671628
1039.31150220663
1047.76762405055
1049.60061132687
1045.47035989384
1022.39055795963
1008.67416670913
1071.33538513795
1021.12113192574
1000.56167788010
1027.43490850165
1025.88449810629
1021.49219741409
1006.99199089605
1032.02318899182
1022.51532253368
1004.42740170759
1012.72387169257
1031.28635001192
989.901011623053
982.745138213050
994.166636398599
1012.67860322959
981.648897892616
975.614332134027
989.247058160973
1002.24407380002
1009.79529704982
1001.09427994912
990.230387734378
1001.64093630794
1007.95087497442
1014.55861170700
992.131501582787
1027.21143584275
1041.81948664301
1026.43310894704
1010.42584717005
1034.27903028824
1004.78394224764
1021.57244424169
1013.81662596464
1017.88215404827
1035.19076454164
1041.09739366690
1045.67727911452
1081.11829309850
1042.08118240664
1044.93506586536
1056.06640411213
1012.80926468519
1052.43828136956
1030.55645513547
1027.36289638332
1022.32534291146
1015.39564290462
1068.47415184694
1044.20093439118
988.717879914811
974.094997850326
985.806962730570
985.915921849540
968.440746027216
953.638879569088
966.563042151428
979.367160887972
958.638941890427
962.517696389259
955.219708558125
973.623768329403
964.993372890708
962.298373018838
957.552825188776
970.515808219910
967.831397543163
967.280878991482
995.981584007148
986.836271670642
976.205780522629
962.833176187343
959.212182131398
962.672500306352
989.790131870054
981.176247069944
962.323750731680
970.410746781391
969.708183582037
981.672308023437
988.526365599441
965.585191060035
969.060281525713
971.989413318702
965.623579950173
977.632398150072
975.935857311185
967.833360893133
963.704610894987
962.142159895321
976.470614899974
966.824818064960
977.309371013849
960.361519299693
974.528242240656
964.685560821407
969.977577375758
963.129186691263
961.001653250991
973.924487398815
972.373828624047
975.107221638745
981.169708955765
968.901420309549
957.655917312376
959.150080635052
969.060047270948
983.689796980817
975.020334853486
978.632079762054
972.866977556434
981.207447703201
972.270865674227
958.440060380234
964.027802499917
983.267134523179
962.476153237413
975.957252670990
959.766396519936
983.265237075808
977.880740235651
962.899948808716
958.806766526457
983.631144538851
956.479966034314
986.596115448602
981.459415655861
977.848535785926
954.518615014884
961.201316222115
974.368052116312
958.857001443592
982.304470718721
962.066236922697
962.589804933716
976.530098722614
979.907900809090
985.880572153046
981.259734004526
971.470178078598
985.568286475127
986.327626403044
975.877211968919
963.252882035970
973.512309207173
957.005042467659
953.287501109253
986.521535901273
986.401113618852
977.508460501122
979.327507142812
972.885150352134
953.287758396430
968.934083037688
962.880075128122
966.349886214452
963.389774012203
963.471487806584
987.648299148586
972.207508150072
975.783322172581
963.011199525658
960.931613850870
961.022544074247
981.751642024857
966.720164047028
979.405632612675
962.689671552202
960.660073607707
970.507034606939
968.878004648601
966.217244902966
960.503849630318