最优解为:900.6266
最优解路径:

Best_route =

    11    15    16    12     9    10     8     0     0     0     0     0     0     0     0     0     0
     3     4     1     7    13     2    14     5     6     0     0     0     0     0     0     0     0

本次运算用时:11.249秒
算法在第29代时收敛

best
949.877953064734
949.356687859019
944.597968676172
944.597968676172
944.597968676172
944.597968676172
944.597968676172
944.597968676172
944.597968676172
944.597968676172
944.597968676172
941.736705747527
941.736705747527
941.736705747527
941.736705747527
941.736705747527
941.736705747527
941.736705747527
941.736705747527
941.736705747527
941.736705747527
941.736705747527
941.736705747527
941.736705747527
941.736705747527
941.736705747527
941.736705747527
941.736705747527
900.626637456410
900.626637456410
900.626637456410
900.626637456410
900.626637456410
900.626637456410
900.626637456410
900.626637456410
900.626637456410
900.626637456410
900.626637456410
900.626637456410
900.626637456410
900.626637456410
900.626637456410
900.626637456410
900.626637456410
900.626637456410
900.626637456410
900.626637456410
900.626637456410
900.626637456410
900.626637456410
900.626637456410
900.626637456410
900.626637456410
900.626637456410
900.626637456410
900.626637456410
900.626637456410
900.626637456410
900.626637456410
900.626637456410
900.626637456410
900.626637456410
900.626637456410
900.626637456410
900.626637456410
900.626637456410
900.626637456410
900.626637456410
900.626637456410
900.626637456410
900.626637456410
900.626637456410
900.626637456410
900.626637456410
900.626637456410
900.626637456410
900.626637456410
900.626637456410
900.626637456410
900.626637456410
900.626637456410
900.626637456410
900.626637456410
900.626637456410
900.626637456410
900.626637456410
900.626637456410
900.626637456410
900.626637456410
900.626637456410
900.626637456410
900.626637456410
900.626637456410
900.626637456410
900.626637456410
900.626637456410
900.626637456410
900.626637456410
900.626637456410
900.626637456410
900.626637456410
900.626637456410
900.626637456410
900.626637456410
900.626637456410
900.626637456410
900.626637456410
900.626637456410
900.626637456410
900.626637456410
900.626637456410
900.626637456410
900.626637456410
900.626637456410
900.626637456410
900.626637456410
900.626637456410
900.626637456410
900.626637456410
900.626637456410
900.626637456410
900.626637456410
900.626637456410
900.626637456410
900.626637456410
900.626637456410
900.626637456410
900.626637456410
900.626637456410
900.626637456410
900.626637456410
900.626637456410
900.626637456410
900.626637456410
900.626637456410
900.626637456410
900.626637456410
900.626637456410
900.626637456410
900.626637456410
900.626637456410
900.626637456410
900.626637456410
900.626637456410
900.626637456410
900.626637456410
900.626637456410
900.626637456410
900.626637456410
900.626637456410
900.626637456410
900.626637456410
900.626637456410
900.626637456410
900.626637456410
900.626637456410
900.626637456410
900.626637456410
900.626637456410
900.626637456410
900.626637456410
900.626637456410
900.626637456410
900.626637456410
900.626637456410
900.626637456410
900.626637456410
900.626637456410
900.626637456410
900.626637456410
900.626637456410
900.626637456410
900.626637456410
900.626637456410
900.626637456410
900.626637456410
900.626637456410
900.626637456410
900.626637456410
900.626637456410
900.626637456410
900.626637456410
900.626637456410
900.626637456410
900.626637456410
900.626637456410
900.626637456410
900.626637456410
900.626637456410
900.626637456410
900.626637456410
900.626637456410
900.626637456410
900.626637456410
900.626637456410
900.626637456410
900.626637456410
900.626637456410
900.626637456410

ave
1100.07039904913
1074.72113665415
1036.62218418469
1070.38522271990
1123.21373065190
1045.64136458976
1044.06233361877
1069.51108986083
1060.90416172189
1020.84319099650
1037.50801078329
1062.59401895143
1067.60372265971
1071.89948612487
1076.98815136226
1064.77278170145
1050.60462797036
1054.83882405673
1089.92717766496
1032.85984213060
990.999454304457
1002.01425450157
993.205527106677
996.776245724842
1003.40557614168
1004.62534456382
1011.35445159777
1002.29169504636
1018.17569584944
982.886930931752
994.554903248206
1002.09251185580
986.355677831528
974.218795158459
976.633843223032
971.236788741178
984.201524504625
987.768476926790
1024.35183945727
1005.79754144276
974.455351580071
998.368575283317
965.543130503903
978.418503680026
964.146047385028
980.007230752390
1003.21537121182
1005.32581962908
984.190139996843
995.118721427370
973.914145151675
957.954552120518
969.112398305261
955.073524226549
986.396771470823
1017.28992752561
1020.17851503726
996.956917108613
997.044440744368
1016.31643765154
1044.08323495586
1005.68781489922
992.342120804443
1002.30248320440
994.442400454666
1007.28033448377
1000.47658452924
972.666054769142
966.825770287703
967.384454255831
975.938928510380
951.106516740972
955.653027598479
997.904460018593
950.568617999277
953.168269426873
953.477386660483
956.876746370634
953.830793466458
967.880593929152
971.143358484188
967.197438301087
953.174675817728
959.071806397161
976.744809569994
987.909438172749
970.787927051600
983.669432093285
981.618957498221
953.246349730179
1018.16271763620
964.616192955551
980.622566700641
987.823035224046
956.725773450805
956.474578584859
973.332261226785
961.108430363168
963.531057476646
957.840458909453
959.430674881157
963.593883367467
957.492724885759
954.880077154035
966.403921180462
957.144073098408
963.184019139717
983.503272348096
966.378836511121
968.928321710386
967.287296533555
970.543243432487
946.353142249669
973.769747734411
987.578447911824
968.440079735381
959.792428756160
980.136498493000
956.028071814344
955.501088188370
962.284923059825
971.561649750130
962.658768739792
997.072984452173
958.154701009703
958.900178705369
968.731943712544
959.021402642934
967.550935454218
970.329257679688
968.944612307641
982.421790709296
957.746402094556
968.634278085936
970.433095626206
971.413299835042
959.978496266904
972.002967699309
971.223913960660
974.579548027152
989.210597935514
956.552437071102
970.889356453563
966.846178029654
981.503068708763
973.419773594249
975.233220948906
1008.31794807960
953.901402492148
983.386575261315
984.720493849158
985.558724705633
966.462362269975
975.730786966638
1006.03762466252
974.168180344087
989.239227839311
964.349675890632
990.597230657675
971.081634876476
969.730020138646
978.451419725841
1002.62166690499
1000.31146720268
963.259642593234
985.430924242834
972.962394953005
985.927395080186
955.512396951231
979.132609408540
962.779375908590
961.804755847727
961.984158852445
969.001018337037
992.525615851215
950.867689231362
966.705760066976
950.202413341570
971.889582096486
987.700616066964
951.496593574200
947.297504203566
974.508690436774
979.995745985253
960.881081069779
974.223339125050
950.632222922742
966.527848688839
982.097701713072
969.490882940953
951.655343995954
968.335118875393
956.583820097940
1024.14933880433
962.350524096283
986.153659692832
972.193656345887
986.623423387465
955.380140107776
969.564062595572