最优解为:862.4956
最优解路径:

Best_route =

     9    10     3     5     6     8    15    16    14     0     0     0     0     0     0     0     0
     1    11     7    12    13     2     4     0     0     0     0     0     0     0     0     0     0

本次运算用时:12.828秒
算法在第2代时收敛

best
932.411737783829
862.495644521844
862.495644521844
862.495644521844
862.495644521844
862.495644521844
862.495644521844
862.495644521844
862.495644521844
862.495644521844
862.495644521844
862.495644521844
862.495644521844
862.495644521844
862.495644521844
862.495644521844
862.495644521844
862.495644521844
862.495644521844
862.495644521844
862.495644521844
862.495644521844
862.495644521844
862.495644521844
862.495644521844
862.495644521844
862.495644521844
862.495644521844
862.495644521844
862.495644521844
862.495644521844
862.495644521844
862.495644521844
862.495644521844
862.495644521844
862.495644521844
862.495644521844
862.495644521844
862.495644521844
862.495644521844
862.495644521844
862.495644521844
862.495644521844
862.495644521844
862.495644521844
862.495644521844
862.495644521844
862.495644521844
862.495644521844
862.495644521844
862.495644521844
862.495644521844
862.495644521844
862.495644521844
862.495644521844
862.495644521844
862.495644521844
862.495644521844
862.495644521844
862.495644521844
862.495644521844
862.495644521844
862.495644521844
862.495644521844
862.495644521844
862.495644521844
862.495644521844
862.495644521844
862.495644521844
862.495644521844
862.495644521844
862.495644521844
862.495644521844
862.495644521844
862.495644521844
862.495644521844
862.495644521844
862.495644521844
862.495644521844
862.495644521844
862.495644521844
862.495644521844
862.495644521844
862.495644521844
862.495644521844
862.495644521844
862.495644521844
862.495644521844
862.495644521844
862.495644521844
862.495644521844
862.495644521844
862.495644521844
862.495644521844
862.495644521844
862.495644521844
862.495644521844
862.495644521844
862.495644521844
862.495644521844
862.495644521844
862.495644521844
862.495644521844
862.495644521844
862.495644521844
862.495644521844
862.495644521844
862.495644521844
862.495644521844
862.495644521844
862.495644521844
862.495644521844
862.495644521844
862.495644521844
862.495644521844
862.495644521844
862.495644521844
862.495644521844
862.495644521844
862.495644521844
862.495644521844
862.495644521844
862.495644521844
862.495644521844
862.495644521844
862.495644521844
862.495644521844
862.495644521844
862.495644521844
862.495644521844
862.495644521844
862.495644521844
862.495644521844
862.495644521844
862.495644521844
862.495644521844
862.495644521844
862.495644521844
862.495644521844
862.495644521844
862.495644521844
862.495644521844
862.495644521844
862.495644521844
862.495644521844
862.495644521844
862.495644521844
862.495644521844
862.495644521844
862.495644521844
862.495644521844
862.495644521844
862.495644521844
862.495644521844
862.495644521844
862.495644521844
862.495644521844
862.495644521844
862.495644521844
862.495644521844
862.495644521844
862.495644521844
862.495644521844
862.495644521844
862.495644521844
862.495644521844
862.495644521844
862.495644521844
862.495644521844
862.495644521844
862.495644521844
862.495644521844
862.495644521844
862.495644521844
862.495644521844
862.495644521844
862.495644521844
862.495644521844
862.495644521844
862.495644521844
862.495644521844
862.495644521844
862.495644521844
862.495644521844
862.495644521844
862.495644521844
862.495644521844
862.495644521844
862.495644521844
862.495644521844
862.495644521844
862.495644521844
862.495644521844
862.495644521844
862.495644521844
862.495644521844
862.495644521844
862.495644521844
862.495644521844
862.495644521844

ave
1125.69495339324
1107.74965209679
1086.29450363872
1092.40242389846
1092.19360636065
1107.30679027787
1067.31418863025
1102.13768121230
1075.48018148237
1081.03149822628
1134.30964491498
1071.20379386118
1064.98914972554
1048.58537267516
1046.44117093676
1073.48799361891
1055.70231547655
1037.40419237634
1031.63708733247
1054.95155310986
1058.86239066085
1042.27357860868
1037.90632105493
1009.71360357954
1026.45115699641
1021.57230875478
1015.19748910762
1002.73722877795
1012.38934542429
986.006030632647
1002.89562765093
1015.12560434223
1026.04380201293
1000.75518413493
1009.33838326356
1004.99112935155
1006.04377149206
1034.24910976037
1059.63428993397
1073.36005783657
1108.39771288353
1078.25253459803
1069.60800380867
1059.06681310901
1082.36041235024
1015.21015560276
1041.73711284231
1104.97180687996
1065.86407556299
1075.95433027024
1016.31081324530
1032.63416140313
1020.88039229007
1067.51596241125
1028.61071869578
1054.65438711053
1086.62300564859
1038.28686939054
1019.72032051707
988.817182817849
976.271347477424
973.164011092522
964.592024545047
955.939889590820
986.099422270754
972.437994123226
974.744785434559
988.720459197347
975.524078399286
983.022862931722
1001.28274544339
1001.48337336125
1022.02299259447
971.182008135068
986.093836139920
1006.23601646306
988.141703153920
984.648482614883
972.088401489944
956.254170998589
1017.94352785137
975.367206650301
995.738820216039
994.541917185156
970.177039397211
959.637583862985
1002.59024000181
964.200388853582
984.329654457656
969.086553763165
969.161934198665
992.480275535355
969.390419957665
955.819809024264
988.611194393194
983.306196374608
998.353158511796
971.483520947908
984.668800692280
985.567713824558
994.305535655868
968.989210531082
986.701191362288
988.183170643910
966.760239715200
969.199321027895
988.160479246882
993.690532839716
977.394601195154
968.600442029276
979.466138811814
975.531943905689
970.762927584250
969.654864807759
950.149957729367
973.079110519131
985.160717261379
977.114096199635
986.609219890201
967.521410998674
995.919002940885
971.830974699072
982.131928763760
992.876334135559
976.231633882527
990.611585503000
990.845230044326
985.018256163664
997.116673147846
1000.35546602225
966.760239715200
981.547504140052
958.491571055729
978.524443623807
965.963211409554
965.779734959169
1001.22636185032
992.244321286755
980.646216586957
982.355477856845
964.264628819241
987.925860694705
963.362701470594
1001.08447818985
983.686369950995
983.309532177219
971.562752473683
981.945077097825
1003.51631681306
978.635060488866
980.348244094071
965.777062086806
980.955911054231
961.251348047950
970.995505355352
967.854381662023
973.898850107057
968.924381116580
971.254508495159
981.040158538748
988.085855241159
1013.98280983928
959.453067308419
975.219656024805
976.121397566636
973.371550781705
957.800725442384
985.878972359358
984.713658460152
1005.98485380793
987.693215698847
1009.39559904533
969.288824755753
983.837922319566
994.857344229897
961.994764118145
971.748749741210
966.276403701129
958.969700634340
970.725992968667
982.595426503615
987.855242876228
987.972962361558
984.866388136812
965.929372138122
963.963772279270
964.016269895358
964.662744888192
993.506711447024
971.139824592428
970.976315111039
981.069173106256
997.675591262876
968.635089967198
987.089370861189
984.314509709681
965.314116103347
948.864065447826
965.286129109187
1003.05374899846