最优解为:1695.3175
最优解路径:

Best_route =

  1 至 24 列

     1    27     6     0     0     0     0     0     0     0     0     0     0     0     0     0     0     0     0     0     0     0     0     0
     2     7     8    30    14    26     0     0     0     0     0     0     0     0     0     0     0     0     0     0     0     0     0     0
    11     5    29     3    19     9    10    17    18     4     0     0     0     0     0     0     0     0     0     0     0     0     0     0
    12    15    16    13    23    24    21    22    25    28    20     0     0     0     0     0     0     0     0     0     0     0     0     0

  25 至 31 列

     0     0     0     0     0     0     0
     0     0     0     0     0     0     0
     0     0     0     0     0     0     0
     0     0     0     0     0     0     0

本次运算用时:35.126秒
算法在第124代时收敛

best
1739.07896535349
1739.07896535349
1739.07896535349
1739.07896535349
1739.07896535349
1739.07896535349
1739.07896535349
1739.07896535349
1739.07896535349
1739.07896535349
1739.07896535349
1739.07896535349
1739.07896535349
1739.07896535349
1739.07896535349
1739.07896535349
1739.07896535349
1739.07896535349
1739.07896535349
1739.07896535349
1739.07896535349
1739.07896535349
1739.07896535349
1739.07896535349
1739.07896535349
1739.07896535349
1739.07896535349
1739.07896535349
1739.07896535349
1739.07896535349
1739.07896535349
1739.07896535349
1739.07896535349
1739.07896535349
1739.07896535349
1739.07896535349
1739.07896535349
1739.07896535349
1739.07896535349
1739.07896535349
1739.07896535349
1739.07896535349
1739.07896535349
1739.07896535349
1739.07896535349
1739.07896535349
1739.07896535349
1739.07896535349
1739.07896535349
1739.07896535349
1739.07896535349
1739.07896535349
1739.07896535349
1739.07896535349
1735.74663328160
1735.42025408251
1735.42025408251
1732.75443284084
1724.81066457149
1724.81066457149
1724.81066457149
1724.81066457149
1724.81066457149
1724.81066457149
1724.81066457149
1721.86758797630
1721.86758797630
1721.86758797630
1721.86758797630
1721.86758797630
1721.86758797630
1721.86758797630
1721.86758797630
1721.86758797630
1721.86758797630
1721.86758797630
1721.86758797630
1714.13558527570
1714.13558527570
1714.13558527570
1714.13558527570
1714.13558527570
1714.13558527570
1714.13558527570
1714.13558527570
1714.13558527570
1714.13558527570
1714.13558527570
1714.13558527570
1714.13558527570
1714.13558527570
1714.13558527570
1714.13558527570
1714.13558527570
1714.13558527570
1714.13558527570
1714.13558527570
1714.13558527570
1714.13558527570
1714.13558527570
1714.13558527570
1714.13558527570
1714.13558527570
1714.13558527570
1714.13558527570
1714.13558527570
1714.13558527570
1714.13558527570
1714.13558527570
1714.13558527570
1714.13558527570
1714.13558527570
1714.13558527570
1710.76147476129
1710.76147476129
1710.76147476129
1710.76147476129
1710.76147476129
1710.76147476129
1710.76147476129
1710.76147476129
1710.76147476129
1710.76147476129
1695.31753523568
1695.31753523568
1695.31753523568
1695.31753523568
1695.31753523568
1695.31753523568
1695.31753523568
1695.31753523568
1695.31753523568
1695.31753523568
1695.31753523568
1695.31753523568
1695.31753523568
1695.31753523568
1695.31753523568
1695.31753523568
1695.31753523568
1695.31753523568
1695.31753523568
1695.31753523568
1695.31753523568
1695.31753523568
1695.31753523568
1695.31753523568
1695.31753523568
1695.31753523568
1695.31753523568
1695.31753523568
1695.31753523568
1695.31753523568
1695.31753523568
1695.31753523568
1695.31753523568
1695.31753523568
1695.31753523568
1695.31753523568
1695.31753523568
1695.31753523568
1695.31753523568
1695.31753523568
1695.31753523568
1695.31753523568
1695.31753523568
1695.31753523568
1695.31753523568
1695.31753523568
1695.31753523568
1695.31753523568
1695.31753523568
1695.31753523568
1695.31753523568
1695.31753523568
1695.31753523568
1695.31753523568
1695.31753523568
1695.31753523568
1695.31753523568
1695.31753523568
1695.31753523568
1695.31753523568
1695.31753523568
1695.31753523568
1695.31753523568
1695.31753523568
1695.31753523568
1695.31753523568
1695.31753523568
1695.31753523568
1695.31753523568
1695.31753523568
1695.31753523568
1695.31753523568
1695.31753523568
1695.31753523568
1695.31753523568
1695.31753523568
1695.31753523568

ave
2060.34655155034
2097.26335928741
2091.94332357107
2115.59448669386
2028.22566574157
2034.39882056253
2107.71844546313
2087.29797360134
2051.01738086063
2079.00598215272
2082.07802126341
2073.16757856470
2132.09988362521
1998.14196748200
2025.07233806372
2070.85061516599
2064.74765311550
2117.30586757644
2107.45824743983
2106.87429890808
2074.75313188524
2066.19385117600
2002.63260535996
2069.98386965624
2086.61080006825
2019.50286234918
2066.72912722893
2020.75366455427
2069.21192046759
2026.03632217017
2135.43585435241
2114.16807710146
2041.14401986116
2129.51787112496
2029.70902307839
2046.13764667425
2125.74262996583
2061.66466000203
2107.74759946900
2099.52508909466
2098.52166460856
2118.66236724826
2071.67446864166
2201.21526804299
1967.04900044554
2119.57249274872
2024.99972340109
2158.19182240598
2004.25063053947
2055.64785582112
1950.97862961068
2036.80496026217
2045.98143560029
2084.63470576975
1930.46983619601
1954.90395450386
1874.82913934558
1856.39417549277
1879.40517234508
1880.10764290142
1924.45467625660
1937.97383676829
1911.42272507997
1844.06303019520
1957.41468493879
1846.48486091687
1842.90622944106
1855.40641240118
1907.92086977922
1834.52853036031
1818.53408634463
1883.53043975982
1835.98387011371
1813.39579582108
1811.60450891268
1838.98125526071
1794.11355884956
1744.37249382393
1807.91050109202
1893.72974682779
1798.68395755231
1803.65504765415
1775.17585835691
1810.58218771760
1801.71002526645
1769.35403233969
1763.35199589667
1789.98893927140
1793.01380490606
1728.24787626330
1743.47641577485
1826.83507662306
1746.18484836874
1789.37839600412
1765.39571740459
1880.65739255242
1773.08502285263
1792.12014997615
1744.58914674917
1823.96672720352
1882.95010529793
1797.68630597344
1845.10394513203
1854.93800373288
1807.90352931433
1809.36089424806
1843.92646988490
1832.73164841071
1765.63476644883
1840.78660551644
1819.52445132826
1801.39122794875
1798.91805624379
1898.65664256800
1781.01011074339
1805.14147649466
1810.58019994445
1854.82538175462
1784.37159108788
1825.19373289319
1780.74278707153
1807.68961740942
1844.19734145452
1798.64876735988
1877.97195847790
1888.54793346017
1844.70413100501
1956.41372606891
1817.13109916890
1833.35829855252
1879.22211628895
1769.66286413283
1854.34801625982
1797.89379085851
1828.11785295729
1792.41621990900
1844.69144968015
1772.07613465877
1779.07569455899
1751.42200807401
1801.33131942722
1944.04165623146
1860.71933248102
1829.19617550533
1796.02585423646
1795.90447418853
1837.67135900427
1770.44441654059
1857.95541289721
1960.36391061690
1815.54030378177
1753.66488254961
1804.72197522997
1870.54621019292
1832.23510517858
1819.98457478833
1789.03746950242
1884.71276976230
1846.33545879245
1799.49125934045
1728.22780119677
1763.26208017512
1834.46300226732
1825.65557349106
1760.78117443853
1739.97447398982
1811.31303826386
1829.71163700213
1777.07318920843
1761.60871373329
1740.20239778201
1885.74210819613
1766.95113231775
1772.69310566111
1843.48357051892
1885.08918793135
1757.29778885486
1791.97085152573
1816.07021088898
1804.20050306879
1891.93321686459
1797.19262380374
1794.30878018315
1875.45701625062
1778.66550023051
1832.55144768739
1781.06056437714
1778.78330664266
1878.82744404028
1902.31283235454
1880.95218312605
1843.56667024105
1883.82800219930
1864.21184150657
1775.84893873530
1782.59740243536
1758.42644807150
1789.47859976370
1841.84750898718
1820.87801004557