最优解为:509.9622
最优解路径:

Best_route =

     0     0     0     0     0     0     0     0     0     0     0
     9     5    10     1     2     6     7     8     3     4     0

本次运算用时:2.781秒
算法在第7代时收敛

best
511.629233413527
511.629233413527
511.629233413527
511.629233413527
511.629233413527
511.629233413527
509.962211159783
509.962211159783
509.962211159783
509.962211159783
509.962211159783
509.962211159783
509.962211159783
509.962211159783
509.962211159783
509.962211159783
509.962211159783
509.962211159783
509.962211159783
509.962211159783
509.962211159783
509.962211159783
509.962211159783
509.962211159783
509.962211159783
509.962211159783
509.962211159783
509.962211159783
509.962211159783
509.962211159783
509.962211159783
509.962211159783
509.962211159783
509.962211159783
509.962211159783
509.962211159783
509.962211159783
509.962211159783
509.962211159783
509.962211159783
509.962211159783
509.962211159783
509.962211159783
509.962211159783
509.962211159783
509.962211159783
509.962211159783
509.962211159783
509.962211159783
509.962211159783
509.962211159783
509.962211159783
509.962211159783
509.962211159783
509.962211159783
509.962211159783
509.962211159783
509.962211159783
509.962211159783
509.962211159783
509.962211159783
509.962211159783
509.962211159783
509.962211159783
509.962211159783
509.962211159783
509.962211159783
509.962211159783
509.962211159783
509.962211159783
509.962211159783
509.962211159783
509.962211159783
509.962211159783
509.962211159783
509.962211159783
509.962211159783
509.962211159783
509.962211159783
509.962211159783
509.962211159783
509.962211159783
509.962211159783
509.962211159783
509.962211159783
509.962211159783
509.962211159783
509.962211159783
509.962211159783
509.962211159783
509.962211159783
509.962211159783
509.962211159783
509.962211159783
509.962211159783
509.962211159783
509.962211159783
509.962211159783
509.962211159783
509.962211159783

ave
1163.66167487624
1175.99128478718
1448.25778518487
1183.71595708190
1009.77374944247
976.430063559324
1024.93121832815
1127.10393821166
1022.86844685971
963.686169125568
857.387576946711
753.545051471393
768.832443170041
1042.96928735053
1043.66414950235
869.084791407605
925.371630362866
698.004230398577
825.572018144261
649.446639971903
706.062363022012
740.984019010666
591.341313090954
703.940305874264
801.421692712988
781.127759028228
594.864729162768
565.968552633130
516.348707396614
651.247293908214
620.373995539883
546.827352591115
663.221192141177
690.260179399251
622.562197772615
599.043345266279
559.407255764946
511.629233413527
511.629233413527
644.510469750119
511.629233413527
548.810470349682
526.629233413527
542.009684883033
558.333787690726
568.676771557490
511.629233413527
563.810470349682
511.629233413527
511.629233413527
511.629233413527
511.629233413527
511.629233413527
527.107878608028
538.337491075173
511.629233413527
565.968552633130
511.629233413527
516.348707396614
511.629233413527
511.629233413527
511.629233413527
511.629233413527
511.629233413527
511.629233413527
538.337491075173
516.348707396614
511.629233413527
511.629233413527
527.107878608028
511.629233413527
511.629233413527
511.629233413527
542.905705703216
560.091864763838
511.629233413527
511.629233413527
511.629233413527
511.629233413527
511.629233413527
511.629233413527
511.629233413527
511.629233413527
573.901488616991
511.629233413527
529.651566566136
527.107878608028
511.629233413527
511.629233413527
526.629233413527
511.629233413527
511.629233413527
511.629233413527
526.629233413527
511.629233413527
511.629233413527
511.629233413527
527.009684883033
563.810470349682
511.629233413527