实验环境：
VeiNum = 3
Q_ant = 150
AntNum = 20 
iter_max = 200

抽取的客户节点编号为

Cus_select =

    20    52    71    13    59    44    23    24    95    17    28    36    18    26    90

各任务对应的的客户节点编号为

Task_Cus =

    20    52    71    13    59    44    23    24    95    17    28    36    18    26    90

cus：
35	35
35	35
35	35
45	65
27	43
57	68
30	25
21	24
11	14
55	5
65	35
25	24
5	30
41	37
2	60
20	40
45	30
31	67


task：
3	4	3	0	1
4	2	4	1	0
2	5	1	0	1
5	3	2	3	0
3	6	3	0	1
6	2	4	5	0
3	7	3	0	1
7	2	4	7	0
3	8	3	0	1
8	2	4	9	0
3	9	3	0	1
9	2	4	11	0
2	10	1	0	1
10	3	2	13	0
2	11	1	0	1
11	3	2	15	0
3	12	3	0	1
12	2	4	17	0
3	13	3	0	1
13	2	4	19	0
2	14	1	0	1
14	3	2	21	0
3	15	3	0	1
15	2	4	23	0
3	16	3	0	1
16	2	4	25	0
3	17	3	0	1
17	2	4	27	0
2	18	1	0	1
18	3	2	29	0


linktime
0	1.29056941504210	0.790569415042095	0	0.282842712474619	1.49152660075260	0.991526600752597	0.779508497187474	0.279508497187474	0.945112345369122	0.445112345369122	1.29726093595510	0.797260935955099	0	0.901387818865997	0	0.750000000000000	0.871651718682963	0.371651718682963	1.26034531628728	0.760345316287278	0	0.158113883008419	1.53501207722422	1.03501207722422	0.895284707521048	0.395284707521047	0.779508497187474	0.279508497187474	0	0.806225774829855
0.790569415042095	2.24780549675086	0	0.957236081708762	0.710633520177595	2.44876268246136	0.309232921921325	1.73674457889624	1.06800046816469	1.90234842707788	1.18769735202197	2.25449701766386	1.53235929207220	0.957236081708762	1.52069063257456	0.957236081708762	0.901387818865997	1.82888780039172	1.14044947279570	2.21758139799604	1.32876822659183	0.957236081708762	0.707106781186548	2.49224815893298	1.08224304109567	1.85252078922981	0.883883476483184	1.73674457889624	0.875000000000000	0.957236081708762	0.353553390593274
0	1.29056941504210	0.957236081708762	0	0.449509379141286	1.49152660075260	1.15819326741926	0.779508497187474	0.446175163854140	0.945112345369122	0.611779012035788	1.29726093595510	0.963927602621766	0	1.06805448553266	0	0.916666666666667	0.871651718682963	0.538318385349629	1.26034531628728	0.927011982953944	0	0.324780549675086	1.53501207722422	1.20167874389089	0.895284707521048	0.561951374187714	0.779508497187474	0.446175163854140	0	0.972892441496522
0.282842712474619	1.74007879418338	0.710633520177595	0.449509379141286	0	1.94103597989388	0.976281209488332	1.22901787632876	0.456207189772367	1.39462172451041	0.498121471129282	1.74677031509638	0.828024758083960	0.449509379141286	47.2016948848238	0.449509379141286	38.8329756778952	1.32116109782425	0.477624329363570	1.70985469542856	0.638846616959032	0.449509379141286	15.2315462117278	1.98452145636551	0.755810822891549	1.34479408666233	0.190394327646598	1.22901787632876	0.555090082779363	0.449509379141286	24.3310501211929
0.782842712474619	0.710633520177595	1.74007879418338	0.782842712474619	1.23235209161590	0.976281209488332	1.94103597989388	0.456207189772367	1.22901787632876	0.498121471129282	1.39462172451041	0.828024758083960	1.74677031509638	0.782842712474619	1.85089719800728	0.782842712474619	1.69950937914129	0.477624329363570	1.32116109782425	0.638846616959032	1.70985469542856	0.782842712474619	1.10762326214970	0.755810822891549	1.98452145636551	0.190394327646598	1.34479408666233	0.555090082779363	1.22901787632876	0.782842712474619	1.75573515397114
0.991526600752597	2.44876268246136	0.309232921921325	1.15819326741926	0.976281209488332	2.64971986817186	0	1.93770176460674	1.26935022747861	2.10330561278839	1.42126704035519	2.45545420337436	1.77341478509682	1.15819326741926	1.57579345093194	1.15819326741926	0.848896342317482	2.02984498610223	1.36014705087354	2.41853858370654	1.61012421881046	1.15819326741926	0.872138177125621	2.69320534464349	1.38946932315903	2.05347797494031	1.16001077581202	1.93770176460674	0.996242942258564	1.15819326741926	0.650480591562884
0	1.29056941504210	0.957236081708762	0	0.449509379141286	1.49152660075260	1.15819326741926	0.779508497187474	0.446175163854140	0.945112345369122	0.611779012035788	1.29726093595510	0.963927602621766	0	1.06805448553266	0	0.916666666666667	0.871651718682963	0.538318385349629	1.26034531628728	0.927011982953944	0	0.324780549675086	1.53501207722422	1.20167874389089	0.895284707521048	0.561951374187714	0.779508497187474	0.446175163854140	0	0.972892441496522
0.279508497187474	1.73674457889624	1.06800046816469	0.446175163854140	0.456207189772367	1.93770176460674	1.26935022747861	1.22568366104161	0	1.39128750922326	0.226384628453435	1.74343609980924	0.548862460002504	0.446175163854140	0.800390529679106	0.446175163854140	0.910013736160065	1.31782688253710	0.127475487839820	1.70652048014142	0.637377439199098	0.446175163854140	0.406970514902493	1.98118724107836	1.12054674155075	1.34145987137519	0.450693909432999	1.22568366104161	0.395284707521047	0.446175163854140	1.05029757688000
0	1.29056941504210	0.957236081708762	0	0.449509379141286	1.49152660075260	1.15819326741926	0.779508497187474	0.446175163854140	0.945112345369122	0.611779012035788	1.29726093595510	0.963927602621766	0	1.06805448553266	0	0.916666666666667	0.871651718682963	0.538318385349629	1.26034531628728	0.927011982953944	0	0.324780549675086	1.53501207722422	1.20167874389089	0.895284707521048	0.561951374187714	0.779508497187474	0.446175163854140	0	0.972892441496522
0.445112345369122	1.90234842707788	1.18769735202197	0.611779012035788	0.498121471129282	2.10330561278839	1.42126704035519	1.39128750922326	0.226384628453435	1.55689135740491	0	1.90903994799089	0.353553390593274	0.611779012035788	0.973717104707522	0.611779012035788	1.13385404704486	1.48343073071875	0.100000000000000	1.87212432832307	0.427200187265877	0.611779012035788	0.596343022093828	2.14679108926001	1.01765662185238	1.50706371955684	0.400780488547035	1.39128750922326	0.618465843842649	0.611779012035788	1.10368700273221
0	1.29056941504210	0.957236081708762	0	0.449509379141286	1.49152660075260	1.15819326741926	0.779508497187474	0.446175163854140	0.945112345369122	0.611779012035788	1.29726093595510	0.963927602621766	0	1.06805448553266	0	0.916666666666667	0.871651718682963	0.538318385349629	1.26034531628728	0.927011982953944	0	0.324780549675086	1.53501207722422	1.20167874389089	0.895284707521048	0.561951374187714	0.779508497187474	0.446175163854140	0	0.972892441496522
0.797260935955099	2.25449701766386	1.53235929207220	0.963927602621766	0.828024758083960	2.45545420337436	1.77341478509682	1.74343609980924	0.548862460002504	1.90903994799089	0.353553390593274	2.26118853857686	0	0.963927602621766	1.12277557864428	0.963927602621766	1.44849059368710	1.83557932130473	0.430116263352131	2.22427291890904	0.427200187265877	0.963927602621766	0.945052908571790	2.49893967984599	1.17180416452580	1.85921231014281	0.687840824609880	1.74343609980924	0.939414711402797	0.963927602621766	1.41620090382685
0	1.29056941504210	0.957236081708762	0	0.449509379141286	1.49152660075260	1.15819326741926	0.779508497187474	0.446175163854140	0.945112345369122	0.611779012035788	1.29726093595510	0.963927602621766	0	1.06805448553266	0	0.916666666666667	0.871651718682963	0.538318385349629	1.26034531628728	0.927011982953944	0	0.324780549675086	1.53501207722422	1.20167874389089	0.895284707521048	0.561951374187714	0.779508497187474	0.446175163854140	0	0.972892441496522
0.901387818865997	2.35862390057476	1.52069063257456	1.06805448553266	47.2016948848238	2.55958108628526	1.57579345093194	1.84756298272014	0.800390529679106	2.01316683090179	0.973717104707522	2.36531542148776	1.12277557864428	1.06805448553266	0	1.06805448553266	31.6227766016838	1.93970620421563	0.887764045228235	2.32839980181994	1.39754248593737	1.06805448553266	34.9284983931460	2.60306656275689	1.90951564539283	1.96333919305371	1.23743686707646	1.84756298272014	0.673145600891813	1.06805448553266	66.4830805543787
1.40138781886600	1.52069063257456	2.35862390057476	1.40138781886600	1.85089719800728	1.57579345093194	2.55958108628526	0.800390529679106	1.84756298272014	0.973717104707522	2.01316683090179	1.12277557864428	2.36531542148776	1.40138781886600	2.46944230439866	1.40138781886600	2.31805448553266	0.887764045228235	1.93970620421563	1.39754248593737	2.32839980181994	1.40138781886600	1.72616836854108	1.90951564539283	2.60306656275689	1.23743686707646	1.96333919305371	0.673145600891813	1.84756298272014	1.40138781886600	2.37428026036252
0.750000000000000	2.20723608170876	0.901387818865997	0.916666666666667	38.8329756778952	2.40819326741926	0.848896342317482	1.69617516385414	0.910013736160065	1.86177901203579	1.13385404704486	2.21392760262177	1.44849059368710	0.916666666666667	31.6227766016838	0.916666666666667	0	1.78831838534963	1.03712342563458	2.17701198295394	1.50519932234904	0.916666666666667	24.0831891575846	2.45167874389089	1.69447632028305	1.81195137418771	1.13192314226718	1.69617516385414	0.515388203202208	0.916666666666667	46.6904701197150
1.25000000000000	0.901387818865997	2.20723608170876	1.25000000000000	1.69950937914129	0.848896342317482	2.40819326741926	0.910013736160065	1.69617516385414	1.13385404704486	1.86177901203579	1.44849059368710	2.21392760262177	1.25000000000000	2.31805448553266	1.25000000000000	2.16666666666667	1.03712342563458	1.78831838534963	1.50519932234904	2.17701198295394	1.25000000000000	1.57478054967509	1.69447632028305	2.45167874389089	1.13192314226718	1.81195137418771	0.515388203202208	1.69617516385414	1.25000000000000	2.22289244149652
0.371651718682963	1.82888780039172	1.14044947279570	0.538318385349629	0.477624329363570	2.02984498610223	1.36014705087354	1.31782688253710	0.127475487839820	1.48343073071875	0.100000000000000	1.83557932130473	0.430116263352131	0.538318385349629	0.887764045228235	0.538318385349629	1.03712342563458	1.40997010403259	0	1.79866370163691	0.522015325445528	0.538318385349629	0.515388203202208	2.07333046257385	1.06800046816469	1.43360309287068	0.419076365356005	1.31782688253710	0.522015325445528	0.538318385349629	1.08541466730462
0	1.29056941504210	0.957236081708762	0	0.449509379141286	1.49152660075260	1.15819326741926	0.779508497187474	0.446175163854140	0.945112345369122	0.611779012035788	1.29726093595510	0.963927602621766	0	1.06805448553266	0	0.916666666666667	0.871651718682963	0.538318385349629	1.26034531628728	0.927011982953944	0	0.324780549675086	1.53501207722422	1.20167874389089	0.895284707521048	0.561951374187714	0.779508497187474	0.446175163854140	0	0.972892441496522
0.760345316287278	2.21758139799604	1.32876822659183	0.927011982953944	0.638846616959032	2.41853858370654	1.61012421881046	1.70652048014142	0.637377439199098	1.87212432832307	0.427200187265877	2.22427291890904	0.427200187265877	0.927011982953944	1.39754248593737	0.927011982953944	1.50519932234904	1.79866370163691	0.522015325445528	2.18735729924122	0	0.927011982953944	0.916856041044613	2.46202406017817	0.753740671584067	1.82229669047499	0.450693909432999	1.70652048014142	1	0.927011982953944	1.13054190545950
0	1.29056941504210	0.957236081708762	0	0.449509379141286	1.49152660075260	1.15819326741926	0.779508497187474	0.446175163854140	0.945112345369122	0.611779012035788	1.29726093595510	0.963927602621766	0	1.06805448553266	0	0.916666666666667	0.871651718682963	0.538318385349629	1.26034531628728	0.927011982953944	0	0.324780549675086	1.53501207722422	1.20167874389089	0.895284707521048	0.561951374187714	0.779508497187474	0.446175163854140	0	0.972892441496522
0.158113883008419	1.61534996471718	0.707106781186548	0.324780549675086	15.2315462117278	1.81630715042768	0.872138177125621	1.10428904686256	0.406970514902493	1.26989289504421	0.596343022093828	1.62204148563018	0.945052908571790	0.324780549675086	34.9284983931460	0.324780549675086	24.0831891575846	1.19643226835805	0.515388203202208	1.58512586596236	0.916856041044613	0.324780549675086	0	1.85979262689931	1.13192314226718	1.22006525719613	0.530330085889911	1.10428904686256	0.201556443707464	0.324780549675086	31.6227766016838
0.658113883008419	0.707106781186548	1.61534996471718	0.658113883008419	1.10762326214970	0.872138177125621	1.81630715042768	0.406970514902493	1.10428904686256	0.596343022093828	1.26989289504421	0.945052908571790	1.62204148563018	0.658113883008419	1.72616836854108	0.658113883008419	1.57478054967509	0.515388203202208	1.19643226835805	0.916856041044613	1.58512586596236	0.658113883008419	0.982894432683505	1.13192314226718	1.85979262689931	0.530330085889911	1.22006525719613	0.201556443707464	1.10428904686256	0.658113883008419	1.63100632450494
1.03501207722422	2.49224815893298	1.08224304109567	1.20167874389089	0.755810822891549	2.69320534464349	1.38946932315903	1.98118724107836	1.12054674155075	2.14679108926001	1.01765662185238	2.49893967984599	1.17180416452580	1.20167874389089	1.90951564539283	1.20167874389089	1.69447632028305	2.07333046257385	1.06800046816469	2.46202406017817	0.753740671584067	1.20167874389089	1.13192314226718	2.73669082111511	0	2.09696345141194	0.672681202353686	1.98118724107836	1.31077267289183	1.20167874389089	0.745821694508815
0	1.29056941504210	0.957236081708762	0	0.449509379141286	1.49152660075260	1.15819326741926	0.779508497187474	0.446175163854140	0.945112345369122	0.611779012035788	1.29726093595510	0.963927602621766	0	1.06805448553266	0	0.916666666666667	0.871651718682963	0.538318385349629	1.26034531628728	0.927011982953944	0	0.324780549675086	1.53501207722422	1.20167874389089	0.895284707521048	0.561951374187714	0.779508497187474	0.446175163854140	0	0.972892441496522
0.395284707521047	1.85252078922981	0.883883476483184	0.561951374187714	0.190394327646598	2.05347797494031	1.16001077581202	1.34145987137519	0.450693909432999	1.50706371955684	0.400780488547035	1.85921231014281	0.687840824609880	0.561951374187714	1.23743686707646	0.561951374187714	1.13192314226718	1.43360309287068	0.419076365356005	1.82229669047499	0.450693909432999	0.561951374187714	0.530330085889911	2.09696345141194	0.672681202353686	1.45723608170876	0	1.34145987137519	0.673145600891813	0.561951374187714	0.728868986855663
0	1.29056941504210	0.957236081708762	0	0.449509379141286	1.49152660075260	1.15819326741926	0.779508497187474	0.446175163854140	0.945112345369122	0.611779012035788	1.29726093595510	0.963927602621766	0	1.06805448553266	0	0.916666666666667	0.871651718682963	0.538318385349629	1.26034531628728	0.927011982953944	0	0.324780549675086	1.53501207722422	1.20167874389089	0.895284707521048	0.561951374187714	0.779508497187474	0.446175163854140	0	0.972892441496522
0.279508497187474	1.73674457889624	0.875000000000000	0.446175163854140	0.555090082779363	1.93770176460674	0.996242942258564	1.22568366104161	0.395284707521047	1.39128750922326	0.618465843842649	1.74343609980924	0.939414711402797	0.446175163854140	0.673145600891813	0.446175163854140	0.515388203202208	1.31782688253710	0.522015325445528	1.70652048014142	1	0.446175163854140	0.201556443707464	1.98118724107836	1.31077267289183	1.34145987137519	0.673145600891813	1.22568366104161	0	0.446175163854140	0.989002022242624
0	1.29056941504210	0.957236081708762	0	0.449509379141286	1.49152660075260	1.15819326741926	0.779508497187474	0.446175163854140	0.945112345369122	0.611779012035788	1.29726093595510	0.963927602621766	0	1.06805448553266	0	0.916666666666667	0.871651718682963	0.538318385349629	1.26034531628728	0.927011982953944	0	0.324780549675086	1.53501207722422	1.20167874389089	0.895284707521048	0.561951374187714	0.779508497187474	0.446175163854140	0	0.972892441496522
0.806225774829855	2.26346185653862	0.353553390593274	0.972892441496522	24.3310501211929	2.46441904224912	0.650480591562884	1.75240093868400	1.05029757688000	1.91800478686564	1.10368700273221	2.27015337745162	1.41620090382685	0.972892441496522	66.4830805543787	0.972892441496522	46.6904701197150	1.84454416017948	1.08541466730462	2.23323775778380	1.13054190545950	0.972892441496522	31.6227766016838	2.50790451872074	0.745821694508815	1.86817714901757	0.728868986855663	1.75240093868400	0.989002022242624	0.972892441496522	0
1.30622577482986	0.353553390593274	2.26346185653862	1.30622577482986	1.75573515397114	0.650480591562884	2.46441904224912	1.05029757688000	1.75240093868400	1.10368700273221	1.91800478686564	1.41620090382685	2.27015337745162	1.30622577482986	2.37428026036252	1.30622577482986	2.22289244149652	1.08541466730462	1.84454416017948	1.13054190545950	2.23323775778380	1.30622577482986	1.63100632450494	0.745821694508815	2.50790451872074	0.728868986855663	1.86817714901757	0.989002022242624	1.75240093868400	1.30622577482986	2.27911821632638

tasktime
0
0.166666666666667
1.45723608170876
0.949509379141286
0.166666666666667
0.166666666666667
1.65819326741926
0.166666666666667
0.946175163854140
0.166666666666667
1.11177901203579
0.166666666666667
1.46392760262177
1.56805448553266
0.166666666666667
1.41666666666667
0.166666666666667
0.166666666666667
1.03831838534963
0.166666666666667
1.42701198295394
0.824780549675086
0.166666666666667
0.166666666666667
1.70167874389089
0.166666666666667
1.06195137418771
0.166666666666667
0.946175163854140
1.47289244149652
0.166666666666667


1
4	2	4	0	0
2	5	1	0	1
6	2	4	0	0
7	2	4	0	0
8	2	4	0	0
9	2	4	0	0
2	10	1	0	1
2	11	1	0	1
12	2	4	0	0
13	2	4	0	0
2	14	1	0	1
15	2	4	0	0
16	2	4	0	0
17	2	4	0	0
2	18	1	0	1


2
3	4	3	0	1
5	3	2	0	0
3	6	3	0	1
3	7	3	0	1
3	8	3	0	1
3	9	3	0	1
10	3	2	0	0
11	3	2	0	0
3	12	3	0	1
3	13	3	0	1
14	3	2	0	0
3	15	3	0	1
3	16	3	0	1
3	17	3	0	1
18	3	2	0	0



linktime1
0	0.790569415042095	0	0.991526600752597	0.279508497187474	0.445112345369122	0.797260935955099	0	0	0.371651718682963	0.760345316287278	0	1.03501207722422	0.395284707521047	0.279508497187474	0
0	0.957236081708762	0	1.15819326741926	0.446175163854140	0.611779012035788	0.963927602621766	0	0	0.538318385349629	0.927011982953944	0	1.20167874389089	0.561951374187714	0.446175163854140	0
0.282842712474619	0.710633520177595	0.449509379141286	0.976281209488332	0.456207189772367	0.498121471129282	0.828024758083960	0.449509379141286	0.449509379141286	0.477624329363570	0.638846616959032	0.449509379141286	0.755810822891549	0.190394327646598	0.555090082779363	0.449509379141286
0	0.957236081708762	0	1.15819326741926	0.446175163854140	0.611779012035788	0.963927602621766	0	0	0.538318385349629	0.927011982953944	0	1.20167874389089	0.561951374187714	0.446175163854140	0
0	0.957236081708762	0	1.15819326741926	0.446175163854140	0.611779012035788	0.963927602621766	0	0	0.538318385349629	0.927011982953944	0	1.20167874389089	0.561951374187714	0.446175163854140	0
0	0.957236081708762	0	1.15819326741926	0.446175163854140	0.611779012035788	0.963927602621766	0	0	0.538318385349629	0.927011982953944	0	1.20167874389089	0.561951374187714	0.446175163854140	0
0	0.957236081708762	0	1.15819326741926	0.446175163854140	0.611779012035788	0.963927602621766	0	0	0.538318385349629	0.927011982953944	0	1.20167874389089	0.561951374187714	0.446175163854140	0
0.901387818865997	1.52069063257456	1.06805448553266	1.57579345093194	0.800390529679106	0.973717104707522	1.12277557864428	1.06805448553266	1.06805448553266	0.887764045228235	1.39754248593737	1.06805448553266	1.90951564539283	1.23743686707646	0.673145600891813	1.06805448553266
0.750000000000000	0.901387818865997	0.916666666666667	0.848896342317482	0.910013736160065	1.13385404704486	1.44849059368710	0.916666666666667	0.916666666666667	1.03712342563458	1.50519932234904	0.916666666666667	1.69447632028305	1.13192314226718	0.515388203202208	0.916666666666667
0	0.957236081708762	0	1.15819326741926	0.446175163854140	0.611779012035788	0.963927602621766	0	0	0.538318385349629	0.927011982953944	0	1.20167874389089	0.561951374187714	0.446175163854140	0
0	0.957236081708762	0	1.15819326741926	0.446175163854140	0.611779012035788	0.963927602621766	0	0	0.538318385349629	0.927011982953944	0	1.20167874389089	0.561951374187714	0.446175163854140	0
0.158113883008419	0.707106781186548	0.324780549675086	0.872138177125621	0.406970514902493	0.596343022093828	0.945052908571790	0.324780549675086	0.324780549675086	0.515388203202208	0.916856041044613	0.324780549675086	1.13192314226718	0.530330085889911	0.201556443707464	0.324780549675086
0	0.957236081708762	0	1.15819326741926	0.446175163854140	0.611779012035788	0.963927602621766	0	0	0.538318385349629	0.927011982953944	0	1.20167874389089	0.561951374187714	0.446175163854140	0
0	0.957236081708762	0	1.15819326741926	0.446175163854140	0.611779012035788	0.963927602621766	0	0	0.538318385349629	0.927011982953944	0	1.20167874389089	0.561951374187714	0.446175163854140	0
0	0.957236081708762	0	1.15819326741926	0.446175163854140	0.611779012035788	0.963927602621766	0	0	0.538318385349629	0.927011982953944	0	1.20167874389089	0.561951374187714	0.446175163854140	0
0.806225774829855	0.353553390593274	0.972892441496522	0.650480591562884	1.05029757688000	1.10368700273221	1.41620090382685	0.972892441496522	0.972892441496522	1.08541466730462	1.13054190545950	0.972892441496522	0.745821694508815	0.728868986855663	0.989002022242624	0.972892441496522


tasktime1
0
1.45723608170876
0.949509379141286
1.65819326741926
0.946175163854140
1.11177901203579
1.46392760262177
1.56805448553266
1.41666666666667
1.03831838534963
1.42701198295394
0.824780549675086
1.70167874389089
1.06195137418771
0.946175163854140
1.47289244149652


linktime2
0	1.29056941504210	0.282842712474619	1.49152660075260	0.779508497187474	0.945112345369122	1.29726093595510	0.901387818865997	0.750000000000000	0.871651718682963	1.26034531628728	0.158113883008419	1.53501207722422	0.895284707521048	0.779508497187474	0.806225774829855
0.790569415042095	2.24780549675086	0.710633520177595	2.44876268246136	1.73674457889624	1.90234842707788	2.25449701766386	1.52069063257456	0.901387818865997	1.82888780039172	2.21758139799604	0.707106781186548	2.49224815893298	1.85252078922981	1.73674457889624	0.353553390593274
0.782842712474619	0.710633520177595	1.23235209161590	0.976281209488332	0.456207189772367	0.498121471129282	0.828024758083960	1.85089719800728	1.69950937914129	0.477624329363570	0.638846616959032	1.10762326214970	0.755810822891549	0.190394327646598	0.555090082779363	1.75573515397114
0.991526600752597	2.44876268246136	0.976281209488332	2.64971986817186	1.93770176460674	2.10330561278839	2.45545420337436	1.57579345093194	0.848896342317482	2.02984498610223	2.41853858370654	0.872138177125621	2.69320534464349	2.05347797494031	1.93770176460674	0.650480591562884
0.279508497187474	1.73674457889624	0.456207189772367	1.93770176460674	1.22568366104161	1.39128750922326	1.74343609980924	0.800390529679106	0.910013736160065	1.31782688253710	1.70652048014142	0.406970514902493	1.98118724107836	1.34145987137519	1.22568366104161	1.05029757688000
0.445112345369122	1.90234842707788	0.498121471129282	2.10330561278839	1.39128750922326	1.55689135740491	1.90903994799089	0.973717104707522	1.13385404704486	1.48343073071875	1.87212432832307	0.596343022093828	2.14679108926001	1.50706371955684	1.39128750922326	1.10368700273221
0.797260935955099	2.25449701766386	0.828024758083960	2.45545420337436	1.74343609980924	1.90903994799089	2.26118853857686	1.12277557864428	1.44849059368710	1.83557932130473	2.22427291890904	0.945052908571790	2.49893967984599	1.85921231014281	1.74343609980924	1.41620090382685
1.40138781886600	1.52069063257456	1.85089719800728	1.57579345093194	0.800390529679106	0.973717104707522	1.12277557864428	2.46944230439866	2.31805448553266	0.887764045228235	1.39754248593737	1.72616836854108	1.90951564539283	1.23743686707646	0.673145600891813	2.37428026036252
1.25000000000000	0.901387818865997	1.69950937914129	0.848896342317482	0.910013736160065	1.13385404704486	1.44849059368710	2.31805448553266	2.16666666666667	1.03712342563458	1.50519932234904	1.57478054967509	1.69447632028305	1.13192314226718	0.515388203202208	2.22289244149652
0.371651718682963	1.82888780039172	0.477624329363570	2.02984498610223	1.31782688253710	1.48343073071875	1.83557932130473	0.887764045228235	1.03712342563458	1.40997010403259	1.79866370163691	0.515388203202208	2.07333046257385	1.43360309287068	1.31782688253710	1.08541466730462
0.760345316287278	2.21758139799604	0.638846616959032	2.41853858370654	1.70652048014142	1.87212432832307	2.22427291890904	1.39754248593737	1.50519932234904	1.79866370163691	2.18735729924122	0.916856041044613	2.46202406017817	1.82229669047499	1.70652048014142	1.13054190545950
0.658113883008419	0.707106781186548	1.10762326214970	0.872138177125621	0.406970514902493	0.596343022093828	0.945052908571790	1.72616836854108	1.57478054967509	0.515388203202208	0.916856041044613	0.982894432683505	1.13192314226718	0.530330085889911	0.201556443707464	1.63100632450494
1.03501207722422	2.49224815893298	0.755810822891549	2.69320534464349	1.98118724107836	2.14679108926001	2.49893967984599	1.90951564539283	1.69447632028305	2.07333046257385	2.46202406017817	1.13192314226718	2.73669082111511	2.09696345141194	1.98118724107836	0.745821694508815
0.395284707521047	1.85252078922981	0.190394327646598	2.05347797494031	1.34145987137519	1.50706371955684	1.85921231014281	1.23743686707646	1.13192314226718	1.43360309287068	1.82229669047499	0.530330085889911	2.09696345141194	1.45723608170876	1.34145987137519	0.728868986855663
0.279508497187474	1.73674457889624	0.555090082779363	1.93770176460674	1.22568366104161	1.39128750922326	1.74343609980924	0.673145600891813	0.515388203202208	1.31782688253710	1.70652048014142	0.201556443707464	1.98118724107836	1.34145987137519	1.22568366104161	0.989002022242624
1.30622577482986	0.353553390593274	1.75573515397114	0.650480591562884	1.05029757688000	1.10368700273221	1.41620090382685	2.37428026036252	2.22289244149652	1.08541466730462	1.13054190545950	1.63100632450494	0.745821694508815	0.728868986855663	0.989002022242624	2.27911821632638



tasktime2
0
0.166666666666667
0.166666666666667
0.166666666666667
0.166666666666667
0.166666666666667
0.166666666666667
0.166666666666667
0.166666666666667
0.166666666666667
0.166666666666667
0.166666666666667
0.166666666666667
0.166666666666667
0.166666666666667
0.166666666666667