实验环境：
VeiNum = 3
Q_ant = 150
AntNum = 20 
iter_max = 200

抽取的客户节点编号为

Cus_select =

    20    52    71    13    59    44    23    24    95    17    28    36    18    26    90

各任务对应的的客户节点编号为

Task_Cus =

    20    52    71    13    59    44    23    24    95    17    28    36    18    26    90

cus：
35	35
35	35
35	35
45	65
27	43
57	68
30	25
21	24
11	14
55	5
65	35
25	24
5	30
41	37
2	60
20	40
45	30
31	67


task：
3	4	3	0	1
4	2	4	1	0
2	5	1	0	1
5	3	2	3	0
3	6	3	0	1
6	2	4	5	0
3	7	3	0	1
7	2	4	7	0
3	8	3	0	1
8	2	4	9	0
3	9	3	0	1
9	2	4	11	0
2	10	1	0	1
10	3	2	13	0
2	11	1	0	1
11	3	2	15	0
3	12	3	0	1
12	2	4	17	0
3	13	3	0	1
13	2	4	19	0
2	14	1	0	1
14	3	2	21	0
3	15	3	0	1
15	2	4	23	0
3	16	3	0	1
16	2	4	25	0
3	17	3	0	1
17	2	4	27	0
2	18	1	0	1
18	3	2	29	0


linktime
0	1.29056941504210	0.790569415042095	0	0.282842712474619	1.49152660075260	0.991526600752597	0.779508497187474	0.279508497187474	0.945112345369122	0.445112345369122	1.29726093595510	0.797260935955099	0	0.901387818865997	0	0.750000000000000	0.871651718682963	0.371651718682963	1.26034531628728	0.760345316287278	0	0.158113883008419	1.53501207722422	1.03501207722422	0.895284707521048	0.395284707521047	0.779508497187474	0.279508497187474	0	0.806225774829855
0.790569415042095	2.24780549675086	0	0.957236081708762	0.710633520177595	2.44876268246136	0.309232921921325	1.73674457889624	1.06800046816469	1.90234842707788	1.18769735202197	2.25449701766386	1.53235929207220	0.957236081708762	1.52069063257456	0.957236081708762	0.901387818865997	1.82888780039172	1.14044947279570	2.21758139799604	1.32876822659183	0.957236081708762	0.707106781186548	2.49224815893298	1.08224304109567	1.85252078922981	0.883883476483184	1.73674457889624	0.875000000000000	0.957236081708762	0.353553390593274
0	1.29056941504210	0.957236081708762	0	0.449509379141286	1.49152660075260	1.15819326741926	0.779508497187474	0.446175163854140	0.945112345369122	0.611779012035788	1.29726093595510	0.963927602621766	0	1.06805448553266	0	0.916666666666667	0.871651718682963	0.538318385349629	1.26034531628728	0.927011982953944	0	0.324780549675086	1.53501207722422	1.20167874389089	0.895284707521048	0.561951374187714	0.779508497187474	0.446175163854140	0	0.972892441496522
0.282842712474619	1.74007879418338	0.710633520177595	0.449509379141286	0	1.94103597989388	0.976281209488332	1.22901787632876	0.456207189772367	1.39462172451041	0.498121471129282	1.74677031509638	0.828024758083960	0.449509379141286	47.2016948848238	0.449509379141286	38.8329756778952	1.32116109782425	0.477624329363570	1.70985469542856	0.638846616959032	0.449509379141286	15.2315462117278	1.98452145636551	0.755810822891549	1.34479408666233	0.190394327646598	1.22901787632876	0.555090082779363	0.449509379141286	24.3310501211929
0.782842712474619	0.710633520177595	1.74007879418338	0.782842712474619	1.23235209161590	0.976281209488332	1.94103597989388	0.456207189772367	1.22901787632876	0.498121471129282	1.39462172451041	0.828024758083960	1.74677031509638	0.782842712474619	1.85089719800728	0.782842712474619	1.69950937914129	0.477624329363570	1.32116109782425	0.638846616959032	1.70985469542856	0.782842712474619	1.10762326214970	0.755810822891549	1.98452145636551	0.190394327646598	1.34479408666233	0.555090082779363	1.22901787632876	0.782842712474619	1.75573515397114
0.991526600752597	2.44876268246136	0.309232921921325	1.15819326741926	0.976281209488332	2.64971986817186	0	1.93770176460674	1.26935022747861	2.10330561278839	1.42126704035519	2.45545420337436	1.77341478509682	1.15819326741926	1.57579345093194	1.15819326741926	0.848896342317482	2.02984498610223	1.36014705087354	2.41853858370654	1.61012421881046	1.15819326741926	0.872138177125621	2.69320534464349	1.38946932315903	2.05347797494031	1.16001077581202	1.93770176460674	0.996242942258564	1.15819326741926	0.650480591562884
0	1.29056941504210	0.957236081708762	0	0.449509379141286	1.49152660075260	1.15819326741926	0.779508497187474	0.446175163854140	0.945112345369122	0.611779012035788	1.29726093595510	0.963927602621766	0	1.06805448553266	0	0.916666666666667	0.871651718682963	0.538318385349629	1.26034531628728	0.927011982953944	0	0.324780549675086	1.53501207722422	1.20167874389089	0.895284707521048	0.561951374187714	0.779508497187474	0.446175163854140	0	0.972892441496522
0.279508497187474	1.73674457889624	1.06800046816469	0.446175163854140	0.456207189772367	1.93770176460674	1.26935022747861	1.22568366104161	0	1.39128750922326	0.226384628453435	1.74343609980924	0.548862460002504	0.446175163854140	0.800390529679106	0.446175163854140	0.910013736160065	1.31782688253710	0.127475487839820	1.70652048014142	0.637377439199098	0.446175163854140	0.406970514902493	1.98118724107836	1.12054674155075	1.34145987137519	0.450693909432999	1.22568366104161	0.395284707521047	0.446175163854140	1.05029757688000
0	1.29056941504210	0.957236081708762	0	0.449509379141286	1.49152660075260	1.15819326741926	0.779508497187474	0.446175163854140	0.945112345369122	0.611779012035788	1.29726093595510	0.963927602621766	0	1.06805448553266	0	0.916666666666667	0.871651718682963	0.538318385349629	1.26034531628728	0.927011982953944	0	0.324780549675086	1.53501207722422	1.20167874389089	0.895284707521048	0.561951374187714	0.779508497187474	0.446175163854140	0	0.972892441496522
0.445112345369122	1.90234842707788	1.18769735202197	0.611779012035788	0.498121471129282	2.10330561278839	1.42126704035519	1.39128750922326	0.226384628453435	1.55689135740491	0	1.90903994799089	0.353553390593274	0.611779012035788	0.973717104707522	0.611779012035788	1.13385404704486	1.48343073071875	0.100000000000000	1.87212432832307	0.427200187265877	0.611779012035788	0.596343022093828	2.14679108926001	1.01765662185238	1.50706371955684	0.400780488547035	1.39128750922326	0.618465843842649	0.611779012035788	1.10368700273221
0	1.29056941504210	0.957236081708762	0	0.449509379141286	1.49152660075260	1.15819326741926	0.779508497187474	0.446175163854140	0.945112345369122	0.611779012035788	1.29726093595510	0.963927602621766	0	1.06805448553266	0	0.916666666666667	0.871651718682963	0.538318385349629	1.26034531628728	0.927011982953944	0	0.324780549675086	1.53501207722422	1.20167874389089	0.895284707521048	0.561951374187714	0.779508497187474	0.446175163854140	0	0.972892441496522
0.797260935955099	2.25449701766386	1.53235929207220	0.963927602621766	0.828024758083960	2.45545420337436	1.77341478509682	1.74343609980924	0.548862460002504	1.90903994799089	0.353553390593274	2.26118853857686	0	0.963927602621766	1.12277557864428	0.963927602621766	1.44849059368710	1.83557932130473	0.430116263352131	2.22427291890904	0.427200187265877	0.963927602621766	0.945052908571790	2.49893967984599	1.17180416452580	1.85921231014281	0.687840824609880	1.74343609980924	0.939414711402797	0.963927602621766	1.41620090382685
0	1.29056941504210	0.957236081708762	0	0.449509379141286	1.49152660075260	1.15819326741926	0.779508497187474	0.446175163854140	0.945112345369122	0.611779012035788	1.29726093595510	0.963927602621766	0	1.06805448553266	0	0.916666666666667	0.871651718682963	0.538318385349629	1.26034531628728	0.927011982953944	0	0.324780549675086	1.53501207722422	1.20167874389089	0.895284707521048	0.561951374187714	0.779508497187474	0.446175163854140	0	0.972892441496522
0.901387818865997	2.35862390057476	1.52069063257456	1.06805448553266	47.2016948848238	2.55958108628526	1.57579345093194	1.84756298272014	0.800390529679106	2.01316683090179	0.973717104707522	2.36531542148776	1.12277557864428	1.06805448553266	0	1.06805448553266	31.6227766016838	1.93970620421563	0.887764045228235	2.32839980181994	1.39754248593737	1.06805448553266	34.9284983931460	2.60306656275689	1.90951564539283	1.96333919305371	1.23743686707646	1.84756298272014	0.673145600891813	1.06805448553266	66.4830805543787
