最优解为:1089.6609
最优解路径:

Best_route =

    11    12    13    14     7     8    15    16     3     4     0     0     0     0     0     0     0
     1     2     5     6     9    10     0     0     0     0     0     0     0     0     0     0     0

本次运算用时:7.554秒
算法在第13代时收敛

best
1091.16375031476
1091.16375031476
1091.16375031476
1091.16375031476
1091.16375031476
1091.16375031476
1091.16375031476
1091.16375031476
1091.16375031476
1091.16375031476
1091.16375031476
1091.16375031476
1089.66093757828
1089.66093757828
1089.66093757828
1089.66093757828
1089.66093757828
1089.66093757828
1089.66093757828
1089.66093757828
1089.66093757828
1089.66093757828
1089.66093757828
1089.66093757828
1089.66093757828
1089.66093757828
1089.66093757828
1089.66093757828
1089.66093757828
1089.66093757828
1089.66093757828
1089.66093757828
1089.66093757828
1089.66093757828
1089.66093757828
1089.66093757828
1089.66093757828
1089.66093757828
1089.66093757828
1089.66093757828
1089.66093757828
1089.66093757828
1089.66093757828
1089.66093757828
1089.66093757828
1089.66093757828
1089.66093757828
1089.66093757828
1089.66093757828
1089.66093757828
1089.66093757828
1089.66093757828
1089.66093757828
1089.66093757828
1089.66093757828
1089.66093757828
1089.66093757828
1089.66093757828
1089.66093757828
1089.66093757828
1089.66093757828
1089.66093757828
1089.66093757828
1089.66093757828
1089.66093757828
1089.66093757828
1089.66093757828
1089.66093757828
1089.66093757828
1089.66093757828
1089.66093757828
1089.66093757828
1089.66093757828
1089.66093757828
1089.66093757828
1089.66093757828
1089.66093757828
1089.66093757828
1089.66093757828
1089.66093757828
1089.66093757828
1089.66093757828
1089.66093757828
1089.66093757828
1089.66093757828
1089.66093757828
1089.66093757828
1089.66093757828
1089.66093757828
1089.66093757828
1089.66093757828
1089.66093757828
1089.66093757828
1089.66093757828
1089.66093757828
1089.66093757828
1089.66093757828
1089.66093757828
1089.66093757828
1089.66093757828
1089.66093757828
1089.66093757828
1089.66093757828
1089.66093757828
1089.66093757828
1089.66093757828
1089.66093757828
1089.66093757828
1089.66093757828
1089.66093757828
1089.66093757828
1089.66093757828
1089.66093757828
1089.66093757828
1089.66093757828
1089.66093757828
1089.66093757828
1089.66093757828
1089.66093757828
1089.66093757828
1089.66093757828
1089.66093757828
1089.66093757828
1089.66093757828
1089.66093757828
1089.66093757828
1089.66093757828
1089.66093757828
1089.66093757828
1089.66093757828
1089.66093757828
1089.66093757828
1089.66093757828
1089.66093757828
1089.66093757828
1089.66093757828
1089.66093757828
1089.66093757828
1089.66093757828
1089.66093757828
1089.66093757828
1089.66093757828
1089.66093757828
1089.66093757828
1089.66093757828
1089.66093757828
1089.66093757828
1089.66093757828
1089.66093757828
1089.66093757828
1089.66093757828
1089.66093757828
1089.66093757828
1089.66093757828
1089.66093757828
1089.66093757828
1089.66093757828
1089.66093757828
1089.66093757828
1089.66093757828
1089.66093757828
1089.66093757828
1089.66093757828
1089.66093757828
1089.66093757828
1089.66093757828
1089.66093757828
1089.66093757828
1089.66093757828
1089.66093757828
1089.66093757828
1089.66093757828
1089.66093757828
1089.66093757828
1089.66093757828
1089.66093757828
1089.66093757828
1089.66093757828
1089.66093757828
1089.66093757828
1089.66093757828
1089.66093757828
1089.66093757828
1089.66093757828
1089.66093757828
1089.66093757828
1089.66093757828
1089.66093757828
1089.66093757828
1089.66093757828
1089.66093757828
1089.66093757828
1089.66093757828
1089.66093757828
1089.66093757828
1089.66093757828
1089.66093757828
1089.66093757828
1089.66093757828
1089.66093757828

ave
1168.00828935539
1213.50478877991
1301.64486710888
1137.30697687084
1143.36245142613
1267.08363380773
1195.13463506739
1170.18780075757
1132.88737203345
1168.74867571914
1252.48429492389
1398.99868898853
1330.45042681249
1364.05641170781
1322.38495971867
1260.49571174200
1350.31084808112
1324.77410402715
1321.25779249581
1341.96944135770
1328.32622780663
1362.02181223791
1415.26528988945
1370.98658951373
1372.94700920608
1332.17055080272
1349.27089238289
1395.65606876288
1406.88176202263
1334.84206836823
1368.91175791314
1385.48806305345
1362.38959603981
1369.33964080518
1381.78082315284
1414.94905885952
1422.49794955503
1377.55148742831
1445.30721664488
1395.06666250328
1433.72493714383
1410.92729247027
1352.58396357548
1380.62599197578
1401.54324371456
1367.48867267031
1411.58469538928
1433.09848151545
1434.41640867700
1383.03083759960
1366.32118406446
1398.31493707896
1404.42789407104
1390.22860377262
1325.34380085759
1310.39437237197
1399.43711816905
1226.18454956023
1238.97903702305
1168.49986457478
1253.97487819168
1150.97385359023
1254.05374602881
1213.91287704387
1165.90899733246
1208.25348105286
1249.77383257949
1179.82210354277
1148.93895507243
1220.59570409860
1205.55102559015
1186.12013054178
1231.78223227547
1252.28938084024
1165.77775971735
1204.49479558780
1172.04114138613
1257.19245556429
1148.32197073989
1194.07256941412
1127.36791389908
1225.06003660086
1198.37067544091
1214.02657383623
1213.77652083774
1148.82908643923
1135.65611307301
1128.56426417075
1181.36630574951
1176.62559095182
1225.86320947803
1206.58625970379
1207.35874612313
1226.25805519038
1128.21249643885
1109.67154517082
1188.18179575413
1421.51868032956
1345.63330807720
1313.99744080259
1383.14239774473
1396.70670650883
1212.34313621769
1154.76243567611
1189.54726946112
1214.27516181852
1161.99457830942
1202.30815459878
1198.96889297721
1271.67871985788
1193.23619894912
1165.83292122519
1201.60067564073
1201.84775311617
1208.29287548384
1168.72183706851
1186.01876284131
1128.73829954824
1208.81952115851
1225.02045678495
1203.13376135770
1174.49090428493
1244.91151455280
1245.89885883850
1154.85404609360
1207.41981086522
1186.20043264730
1180.74288579832
1240.50296334827
1246.30331909997
1242.50560522534
1187.77382244759
1226.92717447239
1145.37096865925
1192.94586310050
1188.04680954378
1279.79929033683
1227.02363889381
1260.21135066014
1225.78502343750
1184.89878252189
1161.36691776263
1130.00111861940
1130.01333799723
1148.42104759378
1228.45241428693
1277.93041506115
1186.08790424189
1207.83249730596
1171.44509463434
1228.04990774447
1220.27567194100
1136.72462700175
1239.60574360433
1261.46688062014
1175.22054081738
1174.82121711375
1108.97098469884
1264.96555971010
1234.04884128347
1199.65404692212
1240.07530795055
1213.35029195258
1200.29903248479
1302.07204822887
1167.67588657141
1214.41094156988
1201.80158514030
1149.27257554536
1168.96375642719
1168.57067894386
1251.16024951786
1253.64712902615
1246.38200908160
1172.58369710479
1235.06065300197
1165.54874462657
1116.78060502524
1109.79036030121
1226.87439563534
1218.17515916991
1193.50470686510
1252.98028126231
1298.39523080969
1207.40859542192
1149.99214922077
1160.37539597716
1129.10873992109
1199.55953439631
1135.88522969344
1228.43980295341
1223.88560649590
1166.72027617862
1166.18551175665
1229.83618646903
1269.72504859016
1135.57596334974
1198.54186111430
1129.55934357254
1200.64002077526