实验环境：
VeiNum = 2
Q_ant = 100
AntNum = 20 
iter_max = 200
抽取的客户节点编号为

Cus_select =

    46    79     8    64    92    40

各任务对应的的客户节点编号为

Task_Cus =

    46    79     8    64    92    40


cus
40	50
40	50
40	50
18	80
6	68
15	80
45	30
53	43
60	85

task
2	4	1	0	1
4	3	2	1	0
2	5	1	0	1
5	3	2	3	0
2	6	1	0	1
6	3	2	5	0
3	7	3	0	1
7	2	4	7	0
2	8	1	0	1
8	3	2	9	0
2	9	1	0	1
9	3	2	11	0

linktime
0	0	0.930053761886914	0	0.961769203083567	0	0.976281209488332	1.01538820320221	0.515388203202208	0	0.369120576505835	0	1.00778221853732
0.930053761886914	1.09672042855358	0	1.09672042855358	16.9705627484771	1.09672042855358	3	2.11210863175579	1.42060726451754	1.09672042855358	50.9313263129874	1.09672042855358	42.2965719651132
1.43005376188691	1.43005376188691	2.52677419044049	1.43005376188691	2.55848963163715	1.43005376188691	2.57300163804191	1.42060726451754	2.11210863175579	1.43005376188691	1.96584100505942	1.43005376188691	2.60450264709090
0.961769203083567	1.12843586975023	16.9705627484771	1.12843586975023	0	1.12843586975023	15	2.14382407295244	1.36129533900620	1.12843586975023	53.2353266168247	1.12843586975023	56.6127194188726
1.46176920308357	1.46176920308357	2.55848963163715	1.46176920308357	2.59020507283380	1.46176920308357	2.60471707923857	1.36129533900620	2.14382407295244	1.46176920308357	1.99755644625607	1.46176920308357	2.63621808828755
0.976281209488332	1.14294787615500	3	1.14294787615500	15	1.14294787615500	0	2.15833607935721	1.45773797371133	1.14294787615500	53.0377224247045	1.14294787615500	45.2769256906871
1.47628120948833	1.47628120948833	2.57300163804191	1.47628120948833	2.60471707923857	1.47628120948833	2.61922908564333	1.45773797371133	2.15833607935721	1.47628120948833	2.01206845266083	1.47628120948833	2.65073009469232
0.515388203202208	0.682054869868874	1.42060726451754	0.682054869868874	1.36129533900620	0.682054869868874	1.45773797371133	1.69744307307108	0	0.682054869868874	0.381608438061844	0.682054869868874	1.42521928137392
0	0	1.09672042855358	0	1.12843586975023	0	1.14294787615500	1.01538820320221	0.682054869868874	0	0.535787243172502	0	1.17444888520399
0.369120576505835	0.535787243172502	50.9313263129874	0.535787243172502	53.2353266168247	0.535787243172502	53.0377224247045	1.55117544637471	0.381608438061844	0.535787243172502	0	0.535787243172502	42.5793377120875
0.869120576505835	0.869120576505835	1.96584100505942	0.869120576505835	1.99755644625607	0.869120576505835	2.01206845266083	0.381608438061844	1.55117544637471	0.869120576505835	1.40490781967834	0.869120576505835	2.04356946170982
1.00778221853732	1.17444888520399	42.2965719651132	1.17444888520399	56.6127194188726	1.17444888520399	45.2769256906871	2.18983708840619	1.42521928137392	1.17444888520399	42.5793377120875	1.17444888520399	0
1.50778221853732	1.50778221853732	2.60450264709090	1.50778221853732	2.63621808828755	1.50778221853732	2.65073009469232	1.42521928137392	2.18983708840619	1.50778221853732	2.04356946170982	1.50778221853732	2.68223110374130

tasktime
0
1.59672042855358
0.166666666666667
1.62843586975023
0.166666666666667
1.64294787615500
0.166666666666667
0.166666666666667
1.18205486986887
1.03578724317250
0.166666666666667
1.67444888520399
0.166666666666667


1
2	4	1	0	1
2	5	1	0	1
2	6	1	0	1
7	2	4	0	0
2	8	1	0	1
2	9	1	0	1


2
4	3	2	0	0
5	3	2	0	0
6	3	2	0	0
3	7	3	0	1
8	3	2	0	0
9	3	2	0	0


linktime1
0	0	0	0	0.515388203202208	0	0
0.930053761886914	1.09672042855358	1.09672042855358	1.09672042855358	1.42060726451754	1.09672042855358	1.09672042855358
0.961769203083567	1.12843586975023	1.12843586975023	1.12843586975023	1.36129533900620	1.12843586975023	1.12843586975023
0.976281209488332	1.14294787615500	1.14294787615500	1.14294787615500	1.45773797371133	1.14294787615500	1.14294787615500
0	0	0	0	0.682054869868874	0	0
0.369120576505835	0.535787243172502	0.535787243172502	0.535787243172502	0.381608438061844	0.535787243172502	0.535787243172502
1.00778221853732	1.17444888520399	1.17444888520399	1.17444888520399	1.42521928137392	1.17444888520399	1.17444888520399

tasktime1
0
1.59672042855358
1.62843586975023
1.64294787615500
1.18205486986887
1.03578724317250
1.67444888520399

linktime2
0	0.930053761886914	0.961769203083567	0.976281209488332	1.01538820320221	0.369120576505835	1.00778221853732
1.43005376188691	2.52677419044049	2.55848963163715	2.57300163804191	1.42060726451754	1.96584100505942	2.60450264709090
1.46176920308357	2.55848963163715	2.59020507283380	2.60471707923857	1.36129533900620	1.99755644625607	2.63621808828755
1.47628120948833	2.57300163804191	2.60471707923857	2.61922908564333	1.45773797371133	2.01206845266083	2.65073009469232
0.515388203202208	1.42060726451754	1.36129533900620	1.45773797371133	1.69744307307108	0.381608438061844	1.42521928137392
0.869120576505835	1.96584100505942	1.99755644625607	2.01206845266083	0.381608438061844	1.40490781967834	2.04356946170982
1.50778221853732	2.60450264709090	2.63621808828755	2.65073009469232	1.42521928137392	2.04356946170982	2.68223110374130


tasktime2
0
0.166666666666667
0.166666666666667
0.166666666666667
0.166666666666667
0.166666666666667
0.166666666666667