最优解为:503.1522
最优解路径:

Best_route =

     0     0     0     0     0     0     0     0     0     0     0
     5     6     9    10     3     7     8     1     4     2     0

本次运算用时:2.515秒
算法在第2代时收敛

best
552.098738463755
503.152206873346
503.152206873346
503.152206873346
503.152206873346
503.152206873346
503.152206873346
503.152206873346
503.152206873346
503.152206873346
503.152206873346
503.152206873346
503.152206873346
503.152206873346
503.152206873346
503.152206873346
503.152206873346
503.152206873346
503.152206873346
503.152206873346
503.152206873346
503.152206873346
503.152206873346
503.152206873346
503.152206873346
503.152206873346
503.152206873346
503.152206873346
503.152206873346
503.152206873346
503.152206873346
503.152206873346
503.152206873346
503.152206873346
503.152206873346
503.152206873346
503.152206873346
503.152206873346
503.152206873346
503.152206873346
503.152206873346
503.152206873346
503.152206873346
503.152206873346
503.152206873346
503.152206873346
503.152206873346
503.152206873346
503.152206873346
503.152206873346
503.152206873346
503.152206873346
503.152206873346
503.152206873346
503.152206873346
503.152206873346
503.152206873346
503.152206873346
503.152206873346
503.152206873346
503.152206873346
503.152206873346
503.152206873346
503.152206873346
503.152206873346
503.152206873346
503.152206873346
503.152206873346
503.152206873346
503.152206873346
503.152206873346
503.152206873346
503.152206873346
503.152206873346
503.152206873346
503.152206873346
503.152206873346
503.152206873346
503.152206873346
503.152206873346
503.152206873346
503.152206873346
503.152206873346
503.152206873346
503.152206873346
503.152206873346
503.152206873346
503.152206873346
503.152206873346
503.152206873346
503.152206873346
503.152206873346
503.152206873346
503.152206873346
503.152206873346
503.152206873346
503.152206873346
503.152206873346
503.152206873346
503.152206873346

ave
1368.77957482609
1330.83183213048
1373.09336279256
1185.78643664192
1292.23447208713
1333.46915676445
1207.07746074216
1255.37821645389
1213.01533548180
1274.73532182181
1025.12587103290
822.748616596309
939.720543921884
1021.09016683086
812.078729070904
964.553541039813
716.692101005261
940.462223583982
917.342805494947
680.993570312807
1020.06948971509
801.913836976565
767.020411376218
675.450236306003
764.503378315817
880.525706291649
851.135955416517
727.390203250631
766.963723469308
619.091474717679
578.020832921147
646.402599019069
612.983761201994
593.066009308217
683.330246639444
737.652201438122
656.201033757600
595.669395664265
668.784434513041
572.030431087819
569.702124819804
578.020832921147
567.328642164719
615.217501273402
567.098738463755
552.098738463755
569.702124819804
552.098738463755
635.905968068959
552.098738463755
552.098738463755
567.328642164719
567.098738463755
552.098738463755
552.098738463755
552.098738463755
552.098738463755
578.066009308217
570.182966997738
552.098738463755
552.098738463755
552.098738463755
620.676064367995
552.098738463755
552.098738463755
552.098738463755
552.098738463755
573.376479348196
578.020832921147
552.098738463755
585.121120888327
552.098738463755
552.098738463755
552.098738463755
552.098738463755
567.373818551788
609.505938117946
552.098738463755
605.195222190061
552.098738463755
552.098738463755
552.098738463755
600.217501273402
552.098738463755
567.098738463755
552.098738463755
552.098738463755
567.373818551788
552.098738463755
567.130596685796
552.098738463755
552.098738463755
552.098738463755
552.098738463755
552.098738463755
567.098738463755
552.098738463755
567.373818551788
552.098738463755
552.098738463755