实验环境：
VeiNum = 2
Q_ant = 60
AntNum = 20 
iter_max = 100

抽取的客户节点编号为

Cus_select =

    57    22    76    67    44

各任务对应的的客户节点编号为

Task_Cus =

    57    22    76    67    44


cus：
35	35
35	35
35	35
32	12
45	10
49	42
67	5
11	14


task：
2	4	1	0	1
4	3	2	1	0
3	5	3	0	1
5	2	4	3	0
3	6	3	0	1
6	2	4	5	0
3	7	3	0	1
7	2	4	7	0
2	8	1	0	1
8	3	2	9	0


linktime
0	0	0.579870675237160	1.17314560089181	0.673145600891813	0.891311896062463	0.391311896062463	1.59658560997307	1.09658560997307	0	0.797260935955099
0.579870675237160	0.746537341903827	0	1.91968294279564	0.328823660949148	1.63784923796629	0.862046982478333	2.34312295187689	0.892328414878738	0.746537341903827	21.0950231097290
1.07987067523716	1.07987067523716	1.82640801714099	0.328823660949148	1.91968294279564	0.862046982478333	1.63784923796629	0.892328414878738	2.34312295187689	1.07987067523716	2.04379827785893
0.673145600891813	0.839812267558480	0.328823660949148	2.01295786845029	0	1.73112416362094	0.806225774829855	2.43639787753155	0.564025708633924	0.839812267558480	0.855862138431185
0	0	0.746537341903827	1.17314560089181	0.839812267558480	0.891311896062463	0.557978562729130	1.59658560997307	1.26325227663973	0	0.963927602621766
0.391311896062463	0.557978562729130	0.862046982478333	1.73112416362094	0.806225774829855	1.44929045879159	0	2.15456417270220	1.02865203057205	0.557978562729130	1.18004237212059
0	0	0.746537341903827	1.17314560089181	0.839812267558480	0.891311896062463	0.557978562729130	1.59658560997307	1.26325227663973	0	0.963927602621766
1.09658560997307	1.26325227663973	0.892328414878738	2.43639787753155	0.564025708633924	2.15456417270220	1.02865203057205	2.85983788661280	0	1.26325227663973	1.41796509124872
0	0	0.746537341903827	1.17314560089181	0.839812267558480	0.891311896062463	0.557978562729130	1.59658560997307	1.26325227663973	0	0.963927602621766
0.797260935955099	0.963927602621766	21.0950231097290	2.13707320351358	0.855862138431185	1.85523949868423	1.18004237212059	2.56051321259483	1.41796509124872	0.963927602621766	0
1.29726093595510	1.29726093595510	2.04379827785893	0.855862138431185	2.13707320351358	1.18004237212059	1.85523949868423	1.41796509124872	2.56051321259483	1.29726093595510	2.26118853857686

tasktime
0
1.24653734190383
0.166666666666667
0.166666666666667
1.33981226755848
0.166666666666667
1.05797856272913
0.166666666666667
1.76325227663973
1.46392760262177
0.166666666666667

1
2	4	1	0	1
5	2	4	0	0
6	2	4	0	0
7	2	4	0	0
2	8	1	0	1


2
4	3	2	0	0
3	5	3	0	1
3	6	3	0	1
3	7	3	0	1
8	3	2	0	0



linktime1
0	0	0.673145600891813	0.391311896062463	1.09658560997307	0
0.579870675237160	0.746537341903827	0.328823660949148	0.862046982478333	0.892328414878738	0.746537341903827
0	0	0.839812267558480	0.557978562729130	1.26325227663973	0
0	0	0.839812267558480	0.557978562729130	1.26325227663973	0
0	0	0.839812267558480	0.557978562729130	1.26325227663973	0
0.797260935955099	0.963927602621766	0.855862138431185	1.18004237212059	1.41796509124872	0.963927602621766

tasktime1
0
1.24653734190383
1.33981226755848
1.05797856272913
1.76325227663973
1.46392760262177


linktime2
0	0.579870675237160	1.17314560089181	0.891311896062463	1.59658560997307	0.797260935955099
1.07987067523716	1.82640801714099	0.328823660949148	0.862046982478333	0.892328414878738	2.04379827785893
0.673145600891813	0.328823660949148	2.01295786845029	1.73112416362094	2.43639787753155	0.855862138431185
0.391311896062463	0.862046982478333	1.73112416362094	1.44929045879159	2.15456417270220	1.18004237212059
1.09658560997307	0.892328414878738	2.43639787753155	2.15456417270220	2.85983788661280	1.41796509124872
1.29726093595510	2.04379827785893	0.855862138431185	1.18004237212059	1.41796509124872	2.261188538576860



tasktime2
0
0.166666666666667
0.166666666666667
0.166666666666667
0.166666666666667
0.166666666666667