实验环境：
VeiNum = 2
Q_ant = 75（trad100）
AntNum = 20 
iter_max = 200

抽取的客户节点编号为

Cus_select =

    25    20    30    99     1    37    59    64

各任务对应的的客户节点编号为

Task_Cus =

    25    20    30    99     1    37    59    64

cus：
35	35
35	35
35	35
65	20
45	65
40	60
20	26
41	49
20	20
21	24
15	77


task：
3	4	3	0	1
4	2	4	1	0
3	5	3	0	1
5	2	4	3	0
3	6	3	0	1
6	2	4	5	0
2	7	1	0	1
7	3	2	7	0
3	8	3	0	1
8	2	4	9	0
2	9	1	0	1
9	3	2	11	0
3	10	3	0	1
10	2	4	13	0
3	11	3	0	1
11	2	4	15	0


linktime
0	1.33852549156242	0.838525491562421	1.29056941504210	0.790569415042095	1.13737743919910	0.637377439199098	0	0.437321392113398	0.880788655293195	0.380788655293195	0	0.530330085889911	0.945112345369122	0.445112345369122	1.66297033496130	1.16297033496130
0.838525491562421	2.34371764979151	0	2.29576157327118	1.23110722522451	2.14256959742819	1.17924764150708	1.00519215822909	1.13495594628162	1.88598081352228	0.941076511235936	1.00519215822909	1.12500000000000	1.95030450359821	1.10453610171873	2.66816249319039	1.89555400872674
0	1.33852549156242	1.00519215822909	1.29056941504210	0.957236081708762	1.13737743919910	0.804044105865765	0	0.603988058780064	0.880788655293195	0.547455321959862	0	0.696996752556577	0.945112345369122	0.611779012035788	1.66297033496130	1.32963700162797
0.790569415042095	2.29576157327118	1.23110722522451	2.24780549675086	0	2.09461352090786	0.176776695296637	0.957236081708762	1.15812348219005	1.83802473700196	0.412310562561766	0.957236081708762	1.28695376762338	1.90234842707788	1.18769735202197	2.62020641667006	0.807774721070176
0	1.33852549156242	1.00519215822909	1.29056941504210	0.957236081708762	1.13737743919910	0.804044105865765	0	0.603988058780064	0.880788655293195	0.547455321959862	0	0.696996752556577	0.945112345369122	0.611779012035788	1.66297033496130	1.32963700162797
0.637377439199098	2.14256959742819	1.17924764150708	2.09461352090786	0.176776695296637	1.94142154506486	0	0.804044105865765	0.986154146165801	1.68483276115896	0.276134025429682	0.804044105865765	1.11803398874990	1.74915645123489	1.01765662185238	2.46701444082707	0.755810822891549
0	1.33852549156242	1.00519215822909	1.29056941504210	0.957236081708762	1.13737743919910	0.804044105865765	0	0.603988058780064	0.880788655293195	0.547455321959862	0	0.696996752556577	0.945112345369122	0.611779012035788	1.66297033496130	1.32963700162797
0.437321392113398	1.94251355034249	1.13495594628162	1.89455747382216	1.15812348219005	1.74136549797916	0.986154146165801	0.603988058780064	0	1.48477671407326	0.778620575119872	0.603988058780064	6	1.54910040414919	0.0559016994374948	2.26695839374136	1.28111279753190
0.937321392113398	1.13495594628162	1.94251355034249	1.15812348219005	1.89455747382216	0.986154146165801	1.74136549797916	0.937321392113398	1.54130945089346	0.778620575119872	1.48477671407326	0.937321392113398	1.63431814466998	0.0559016994374948	1.54910040414919	1.28111279753190	2.26695839374137
0.380788655293195	1.88598081352228	0.941076511235936	1.83802473700196	0.412310562561766	1.68483276115896	0.276134025429682	0.547455321959862	0.778620575119872	1.42824397725306	0	0.547455321959862	0.895125689498408	1.49256766732898	0.800390529679106	2.21042565692116	0.955248658727140
0	1.33852549156242	1.00519215822909	1.29056941504210	0.957236081708762	1.13737743919910	0.804044105865765	0	0.603988058780064	0.880788655293195	0.547455321959862	0	0.696996752556577	0.945112345369122	0.611779012035788	1.66297033496130	1.32963700162797
0.530330085889911	2.03552224411900	1.12500000000000	1.98756616759867	1.28695376762338	1.83437419175568	1.11803398874990	0.696996752556577	6	1.57778540784977	0.895125689498408	0.696996752556577	0	1.64210909792570	0.103077640640442	2.35996708751788	1.43047195009200
1.03033008588991	1.12500000000000	2.03552224411900	1.28695376762338	1.98756616759867	1.11803398874990	1.83437419175568	1.03033008588991	1.63431814466998	0.895125689498408	1.57778540784977	1.03033008588991	1.72732683844649	0.103077640640442	1.64210909792570	1.43047195009200	2.35996708751788
0.445112345369122	1.95030450359821	1.10453610171873	1.90234842707788	1.18769735202197	1.74915645123489	1.01765662185238	0.611779012035788	0.0559016994374948	1.49256766732898	0.800390529679106	0.611779012035788	0.103077640640442	1.55689135740491	0	2.27474934699709	1.33346353530946
0	1.33852549156242	1.00519215822909	1.29056941504210	0.957236081708762	1.13737743919910	0.804044105865765	0	0.603988058780064	0.880788655293195	0.547455321959862	0	0.696996752556577	0.945112345369122	0.611779012035788	1.66297033496130	1.32963700162797
1.16297033496130	2.66816249319039	1.89555400872674	2.62020641667006	0.807774721070176	2.46701444082707	0.755810822891549	1.32963700162797	1.28111279753190	2.21042565692116	0.955248658727140	1.32963700162797	1.43047195009200	2.27474934699709	1.33346353530946	2.99260733658927	0
0	1.33852549156242	1.00519215822909	1.29056941504210	0.957236081708762	1.13737743919910	0.804044105865765	0	0.603988058780064	0.880788655293195	0.547455321959862	0	0.696996752556577	0.945112345369122	0.611779012035788	1.66297033496130	1.32963700162797


tasktime
0
0.166666666666667
1.50519215822909
0.166666666666667
1.45723608170876
0.166666666666667
1.30404410586576
1.10398805878006
0.166666666666667
0.166666666666667
1.04745532195986
1.19699675255658
0.166666666666667
0.166666666666667
1.11177901203579
0.166666666666667
1.82963700162797

1
4	2	4	0	0
5	2	4	0	0
6	2	4	0	0
2	7	1	0	1
8	2	4	0	0
2	9	1	0	1
10	2	4	0	0
11	2	4	0	0


2
3	4	3	0	1
3	5	3	0	1
3	6	3	0	1
7	3	2	0	0
3	8	3	0	1
9	3	2	0	0
3	10	3	0	1
3	11	3	0	1



linktime1
0	0.838525491562421	0.790569415042095	0.637377439199098	0	0.380788655293195	0	0.445112345369122	1.16297033496130
0	1.00519215822909	0.957236081708762	0.804044105865765	0	0.547455321959862	0	0.611779012035788	1.32963700162797
0	1.00519215822909	0.957236081708762	0.804044105865765	0	0.547455321959862	0	0.611779012035788	1.32963700162797
0	1.00519215822909	0.957236081708762	0.804044105865765	0	0.547455321959862	0	0.611779012035788	1.32963700162797
0.437321392113398	1.13495594628162	1.15812348219005	0.986154146165801	0.603988058780064	0.778620575119872	0.603988058780064	0.0559016994374948	1.28111279753190
0	1.00519215822909	0.957236081708762	0.804044105865765	0	0.547455321959862	0	0.611779012035788	1.32963700162797
0.530330085889911	1.12500000000000	1.28695376762338	1.11803398874990	0.696996752556577	0.895125689498408	0.696996752556577	0.103077640640442	1.43047195009200
0	1.00519215822909	0.957236081708762	0.804044105865765	0	0.547455321959862	0	0.611779012035788	1.32963700162797
0	1.00519215822909	0.957236081708762	0.804044105865765	0	0.547455321959862	0	0.611779012035788	1.32963700162797

tasktime1
0
1.50519215822909
1.45723608170876
1.30404410586576
1.10398805878006
1.04745532195986
1.19699675255658
1.11177901203579
1.82963700162797


linktime2
0	1.33852549156242	1.29056941504210	1.13737743919910	0.437321392113398	0.880788655293195	0.530330085889911	0.945112345369122	1.66297033496130
0.838525491562421	2.34371764979151	2.29576157327118	2.14256959742819	1.13495594628162	1.88598081352228	1.12500000000000	1.95030450359821	2.66816249319039
0.790569415042095	2.29576157327118	2.24780549675086	2.09461352090786	1.15812348219005	1.83802473700196	1.28695376762338	1.90234842707788	2.62020641667006
0.637377439199098	2.14256959742819	2.09461352090786	1.94142154506486	0.986154146165801	1.68483276115896	1.11803398874990	1.74915645123489	2.46701444082707
0.937321392113398	1.13495594628162	1.15812348219005	0.986154146165801	1.54130945089346	0.778620575119872	1.63431814466998	0.0559016994374948	1.28111279753190
0.380788655293195	1.88598081352228	1.83802473700196	1.68483276115896	0.778620575119872	1.42824397725306	0.895125689498408	1.49256766732898	2.21042565692116
1.03033008588991	1.12500000000000	1.28695376762338	1.11803398874990	1.63431814466998	0.895125689498408	1.72732683844649	0.103077640640442	1.43047195009200
