最优解为:507.7464
最优解路径:

Best_route =

     0     0     0     0     0     0     0     0     0     0     0
     9     3    10     7     8     4     5     6     1     2     0

本次运算用时:2.796秒
算法在第4代时收敛

best
608.243558732064
608.243558732064
608.243558732064
507.746432763251
507.746432763251
507.746432763251
507.746432763251
507.746432763251
507.746432763251
507.746432763251
507.746432763251
507.746432763251
507.746432763251
507.746432763251
507.746432763251
507.746432763251
507.746432763251
507.746432763251
507.746432763251
507.746432763251
507.746432763251
507.746432763251
507.746432763251
507.746432763251
507.746432763251
507.746432763251
507.746432763251
507.746432763251
507.746432763251
507.746432763251
507.746432763251
507.746432763251
507.746432763251
507.746432763251
507.746432763251
507.746432763251
507.746432763251
507.746432763251
507.746432763251
507.746432763251
507.746432763251
507.746432763251
507.746432763251
507.746432763251
507.746432763251
507.746432763251
507.746432763251
507.746432763251
507.746432763251
507.746432763251
507.746432763251
507.746432763251
507.746432763251
507.746432763251
507.746432763251
507.746432763251
507.746432763251
507.746432763251
507.746432763251
507.746432763251
507.746432763251
507.746432763251
507.746432763251
507.746432763251
507.746432763251
507.746432763251
507.746432763251
507.746432763251
507.746432763251
507.746432763251
507.746432763251
507.746432763251
507.746432763251
507.746432763251
507.746432763251
507.746432763251
507.746432763251
507.746432763251
507.746432763251
507.746432763251
507.746432763251
507.746432763251
507.746432763251
507.746432763251
507.746432763251
507.746432763251
507.746432763251
507.746432763251
507.746432763251
507.746432763251
507.746432763251
507.746432763251
507.746432763251
507.746432763251
507.746432763251
507.746432763251
507.746432763251
507.746432763251
507.746432763251
507.746432763251

ave
985.534840378744
986.911085154948
1070.63810994057
867.601830565787
855.943167323288
909.676825740824
907.017169557667
820.122287406086
990.330014075553
937.925397984437
883.160564575828
803.044965451998
737.523754746316
608.305400732882
904.386024049800
858.054285220010
784.956835220492
644.327045571027
784.874011678514
680.678434464493
650.892424658054
735.616602083836
697.205909431223
737.492500913328
664.410246190190
740.761893164522
608.305400732882
650.830582657236
682.024284156250
642.190629577342
662.984573746968
645.195763444975
657.300895122083
650.914069496199
687.874936459061
608.243558732064
662.984573746968
705.571597672140
608.243558732064
704.522942987421
608.243558732064
620.243558732064
662.984573746968
620.243558732064
620.243558732064
632.411777857844
662.914069496199
621.723760422621
650.830582657236
608.243558732064
608.243558732064
608.243558732064
620.327045571027
608.243558732064
650.984573746968
608.243558732064
608.243558732064
620.243558732064
608.243558732064
620.243558732064
608.243558732064
662.830582657236
620.243558732064
650.984573746968
608.243558732064
608.243558732064
650.984573746968
620.243558732064
608.243558732064
650.830582657236
608.243558732064
608.243558732064
608.243558732064
620.411777857844
632.411777857844
620.243558732064
608.243558732064
608.243558732064
608.243558732064
608.243558732064
608.243558732064
608.243558732064
608.243558732064
620.243558732064
608.243558732064
620.243558732064
650.830582657236
608.243558732064
608.243558732064
650.984573746968
608.243558732064
608.243558732064
608.243558732064
608.243558732064
608.243558732064
608.243558732064
620.243558732064
608.243558732064
608.243558732064
608.243558732064