最优解为:558.0841
最优解路径:

Best_route =

     0     0     0     0     0     0     0     0     0     0     0
     3     9    10     5     6     4     7     8     1     2     0

本次运算用时:2.85秒
算法在第9代时收敛

best
609.789608752519
608.243558732064
608.243558732064
560.919975901310
560.919975901310
560.919975901310
560.919975901310
560.919975901310
558.084086796806
558.084086796806
558.084086796806
558.084086796806
558.084086796806
558.084086796806
558.084086796806
558.084086796806
558.084086796806
558.084086796806
558.084086796806
558.084086796806
558.084086796806
558.084086796806
558.084086796806
558.084086796806
558.084086796806
558.084086796806
558.084086796806
558.084086796806
558.084086796806
558.084086796806
558.084086796806
558.084086796806
558.084086796806
558.084086796806
558.084086796806
558.084086796806
558.084086796806
558.084086796806
558.084086796806
558.084086796806
558.084086796806
558.084086796806
558.084086796806
558.084086796806
558.084086796806
558.084086796806
558.084086796806
558.084086796806
558.084086796806
558.084086796806
558.084086796806
558.084086796806
558.084086796806
558.084086796806
558.084086796806
558.084086796806
558.084086796806
558.084086796806
558.084086796806
558.084086796806
558.084086796806
558.084086796806
558.084086796806
558.084086796806
558.084086796806
558.084086796806
558.084086796806
558.084086796806
558.084086796806
558.084086796806
558.084086796806
558.084086796806
558.084086796806
558.084086796806
558.084086796806
558.084086796806
558.084086796806
558.084086796806
558.084086796806
558.084086796806
558.084086796806
558.084086796806
558.084086796806
558.084086796806
558.084086796806
558.084086796806
558.084086796806
558.084086796806
558.084086796806
558.084086796806
558.084086796806
558.084086796806
558.084086796806
558.084086796806
558.084086796806
558.084086796806
558.084086796806
558.084086796806
558.084086796806
558.084086796806

ave
1098.83882848709
1109.10572378122
904.155144890692
1074.06213841294
945.137578764630
1015.39648047781
705.854090203992
1120.47585970241
758.170226054384
772.640394471013
695.237962828840
747.563006348276
803.649994409369
795.219510053604
842.059426052889
792.756975236538
754.234049551180
888.200937418077
698.389994429123
802.833021527687
734.773849310548
671.453320880586
629.404746897953
645.419305926528
723.415217910519
702.417715347426
696.150595350073
808.100070273752
701.852084780896
785.505425062166
781.042331005455
753.267380868268
635.935104240094
666.025078898175
725.969841705592
611.990933000782
594.113029423317
565.600217614876
611.301347732760
599.737046352464
580.129604847111
648.331986086436
563.746159305433
595.967087732760
609.224928498081
563.746159305433
604.940764774134
652.112746989254
561.892100995991
561.892100995991
565.600217614876
561.892100995991
561.892100995991
563.746159305433
563.746159305433
571.162392543205
561.892100995991
561.892100995991
603.086706464691
577.226360995991
561.892100995991
563.746159305433
563.746159305433
561.892100995991
561.892100995991
561.892100995991
563.746159305433
561.892100995991
604.858843740655
600.636522017526
561.892100995991
561.892100995991
561.892100995991
561.892100995991
561.892100995991
561.892100995991
650.899618531367
643.603264762191
607.671664754639
607.138586855329
561.892100995991
561.892100995991
605.454969878377
561.892100995991
602.490580326969
592.258971113874
600.636522017526
561.892100995991
561.892100995991
561.892100995991
561.892100995991
592.258971113874
561.892100995991
561.892100995991
561.892100995991
561.892100995991
561.892100995991
561.892100995991
562.060320121771
561.892100995991