最优解为:459.2419
最优解路径:

Best_route =

     3     9     4     1    10     2     5     6     7     8     0
     0     0     0     0     0     0     0     0     0     0     0

本次运算用时:2.724秒
算法在第1代时收敛

best
459.241949953881
459.241949953881
459.241949953881
459.241949953881
459.241949953881
459.241949953881
459.241949953881
459.241949953881
459.241949953881
459.241949953881
459.241949953881
459.241949953881
459.241949953881
459.241949953881
459.241949953881
459.241949953881
459.241949953881
459.241949953881
459.241949953881
459.241949953881
459.241949953881
459.241949953881
459.241949953881
459.241949953881
459.241949953881
459.241949953881
459.241949953881
459.241949953881
459.241949953881
459.241949953881
459.241949953881
459.241949953881
459.241949953881
459.241949953881
459.241949953881
459.241949953881
459.241949953881
459.241949953881
459.241949953881
459.241949953881
459.241949953881
459.241949953881
459.241949953881
459.241949953881
459.241949953881
459.241949953881
459.241949953881
459.241949953881
459.241949953881
459.241949953881
459.241949953881
459.241949953881
459.241949953881
459.241949953881
459.241949953881
459.241949953881
459.241949953881
459.241949953881
459.241949953881
459.241949953881
459.241949953881
459.241949953881
459.241949953881
459.241949953881
459.241949953881
459.241949953881
459.241949953881
459.241949953881
459.241949953881
459.241949953881
459.241949953881
459.241949953881
459.241949953881
459.241949953881
459.241949953881
459.241949953881
459.241949953881
459.241949953881
459.241949953881
459.241949953881
459.241949953881
459.241949953881
459.241949953881
459.241949953881
459.241949953881
459.241949953881
459.241949953881
459.241949953881
459.241949953881
459.241949953881
459.241949953881
459.241949953881
459.241949953881
459.241949953881
459.241949953881
459.241949953881
459.241949953881
459.241949953881
459.241949953881
459.241949953881

ave
955.999659949807
911.533545000015
946.448932934447
978.229528934079
964.523499203387
910.370159670811
887.062606943534
924.011618767721
1007.72097095663
737.992625674850
822.908535935962
706.317571996422
697.946666441152
890.327982427921
836.077222500820
651.077950660509
776.480704316262
711.072793143698
809.340887436822
705.850500588136
736.498138689499
663.183497431761
686.984573746968
703.810009476908
650.954266658873
663.068060585931
675.115570502088
645.853731583515
618.557719548401
657.357067288190
608.305400732882
693.757123674595
699.720945369329
701.355138149618
608.367242733700
608.243558732064
682.086126157068
651.046415747786
608.305400732882
608.305400732882
657.133921444157
620.243558732064
620.243558732064
608.305400732882
631.051634366796
620.243558732064
608.367242733700
650.984573746968
608.305400732882
657.133921444157
608.243558732064
645.133921444157
608.243558732064
620.243558732064
608.243558732064
608.243558732064
608.243558732064
650.984573746968
608.243558732064
608.243558732064
608.305400732882
608.243558732064
608.243558732064
608.243558732064
608.243558732064
608.243558732064
608.243558732064
608.243558732064
608.305400732882
608.243558732064
608.411777857844
608.305400732882
608.243558732064
608.327045571027
608.243558732064
620.243558732064
608.243558732064
632.411777857844
632.243558732064
644.243558732064
649.781927972517
608.243558732064
649.781927972517
632.243558732064
632.243558732064
608.243558732064
620.243558732064
642.767310109696
620.243558732064
661.950147098297
642.101311326273
608.243558732064
608.243558732064
608.243558732064
608.243558732064
608.243558732064
649.781927972517
608.243558732064
649.781927972517
608.243558732064