实验环境：
VeiNum = 2
Q_ant = 70
AntNum = 25 
iter_max = 100

cus：
40	50
40	50
40	50
53	30
28	52
58	75
22	85
42	66

task：
3	4	3	0	1
4	2	4	1	0
2	5	1	0	1
5	3	2	3	0
3	6	3	0	1
6	2	4	5	0
3	7	3	0	1
7	2	4	7	0
3	8	3	0	1
8	2	4	9	0

抽取的客户节点编号为

Cus_select =

    72    22    98    14     3

各任务对应的的客户节点编号为

Task_Cus =

    72    22    98    14     3


Task_size: 10

vNum:2

Tasktime:
0
0.166666666666667
1.26300968876049
0.970804793181578
0.166666666666667
0.166666666666667
1.43681275670413
0.166666666666667
1.65060009937439
0.166666666666667
1.06977955408159

Linktime:
0	1.09634302209383	0.596343022093828	0	0.304138126514911	1.27014609003747	0.770146090037468	1.48393343270772	0.983933432707722	0.903112887414928	0.403112887414927
0.596343022093828	1.85935271085432	0	0.763009688760495	0.832541290267336	2.03315577879796	1.13192314226718	2.24694312146822	1.57836941176646	1.66612257617542	0.941076511235936
0	1.09634302209383	0.763009688760495	0	0.470804793181578	1.27014609003747	0.936812756704135	1.48393343270772	1.15060009937439	0.903112887414928	0.569779554081594
0.304138126514911	1.56714781527541	0.832541290267336	0.470804793181578	0	1.74095088321905	0.945052908571790	1.95473822588930	0.838525491562421	1.37391768059651	0.494974746830583
0.804138126514911	0.832541290267336	1.56714781527541	0.804138126514911	1.27494291969649	0.945052908571790	1.74095088321905	0.838525491562421	1.95473822588930	0.494974746830583	1.37391768059651
0.770146090037468	2.03315577879796	1.13192314226718	0.936812756704135	0.945052908571790	2.20695884674160	0	2.42074618941186	0.934077084613470	1.83992564411906	0.458938993767146
0	1.09634302209383	0.763009688760495	0	0.470804793181578	1.27014609003747	0.936812756704135	1.48393343270772	1.15060009937439	0.903112887414928	0.569779554081594
0.983933432707722	2.24694312146822	1.57836941176646	1.15060009937439	0.838525491562421	2.42074618941186	0.934077084613470	2.63453353208211	0	2.05371298678932	0.689655711206686
0	1.09634302209383	0.763009688760495	0	0.470804793181578	1.27014609003747	0.936812756704135	1.48393343270772	1.15060009937439	0.903112887414928	0.569779554081594
0.403112887414927	1.66612257617542	0.941076511235936	0.569779554081594	0.494974746830583	1.83992564411906	0.458938993767146	2.05371298678932	0.689655711206686	1.47289244149652	0
0	1.09634302209383	0.763009688760495	0	0.470804793181578	1.27014609003747	0.936812756704135	1.48393343270772	1.15060009937439	0.903112887414928	0.569779554081594



linktime（task1）
0	0.596343022093828	0	0.770146090037468	0.983933432707722	0.403112887414927
0	0.763009688760495	0	0.936812756704135	1.15060009937439	0.569779554081594
0.304138126514911	0.832541290267336	0.470804793181578	0.945052908571790	0.838525491562421	0.494974746830583
0	0.763009688760495	0	0.936812756704135	1.15060009937439	0.569779554081594
0	0.763009688760495	0	0.936812756704135	1.15060009937439	0.569779554081594
0	0.763009688760495	0	0.936812756704135	1.15060009937439	0.569779554081594


linktime（task2）
0	1.09634302209383	0.304138126514911	1.27014609003747	1.48393343270772	0.903112887414928
0.596343022093828	1.85935271085432	0.832541290267336	2.03315577879796	2.24694312146822	1.66612257617542
0.804138126514911	0.832541290267336	1.27494291969649	0.945052908571790	0.838525491562421	0.494974746830583
0.770146090037468	2.03315577879796	0.945052908571790	2.20695884674160	2.42074618941186	1.83992564411906
0.983933432707722	2.24694312146822	0.838525491562421	2.42074618941186	2.63453353208211	2.05371298678932
0.403112887414927	1.66612257617542	0.494974746830583	1.83992564411906	2.05371298678932	1.47289244149652

tasktime（1）
0
1.26300968876049
0.970804793181578
1.43681275670413
1.65060009937439
1.06977955408159


tasktime（2）
0
0.166666666666667
0.166666666666667
0.166666666666667
0.166666666666667
0.166666666666667