最优解为:1048.2326
最优解路径:

Best_route =

    15    16     5     6     1     2     3     4     8     0     0     0     0     0     0     0     0
    11    12    13    14     9    10     7     0     0     0     0     0     0     0     0     0     0

本次运算用时:8.001秒
算法在第8代时收敛

best
1089.47207914612
1089.47207914612
1089.47207914612
1089.47207914612
1049.18181596860
1049.18181596860
1049.18181596860
1048.23264891416
1048.23264891416
1048.23264891416
1048.23264891416
1048.23264891416
1048.23264891416
1048.23264891416
1048.23264891416
1048.23264891416
1048.23264891416
1048.23264891416
1048.23264891416
1048.23264891416
1048.23264891416
1048.23264891416
1048.23264891416
1048.23264891416
1048.23264891416
1048.23264891416
1048.23264891416
1048.23264891416
1048.23264891416
1048.23264891416
1048.23264891416
1048.23264891416
1048.23264891416
1048.23264891416
1048.23264891416
1048.23264891416
1048.23264891416
1048.23264891416
1048.23264891416
1048.23264891416
1048.23264891416
1048.23264891416
1048.23264891416
1048.23264891416
1048.23264891416
1048.23264891416
1048.23264891416
1048.23264891416
1048.23264891416
1048.23264891416
1048.23264891416
1048.23264891416
1048.23264891416
1048.23264891416
1048.23264891416
1048.23264891416
1048.23264891416
1048.23264891416
1048.23264891416
1048.23264891416
1048.23264891416
1048.23264891416
1048.23264891416
1048.23264891416
1048.23264891416
1048.23264891416
1048.23264891416
1048.23264891416
1048.23264891416
1048.23264891416
1048.23264891416
1048.23264891416
1048.23264891416
1048.23264891416
1048.23264891416
1048.23264891416
1048.23264891416
1048.23264891416
1048.23264891416
1048.23264891416
1048.23264891416
1048.23264891416
1048.23264891416
1048.23264891416
1048.23264891416
1048.23264891416
1048.23264891416
1048.23264891416
1048.23264891416
1048.23264891416
1048.23264891416
1048.23264891416
1048.23264891416
1048.23264891416
1048.23264891416
1048.23264891416
1048.23264891416
1048.23264891416
1048.23264891416
1048.23264891416
1048.23264891416
1048.23264891416
1048.23264891416
1048.23264891416
1048.23264891416
1048.23264891416
1048.23264891416
1048.23264891416
1048.23264891416
1048.23264891416
1048.23264891416
1048.23264891416
1048.23264891416
1048.23264891416
1048.23264891416
1048.23264891416
1048.23264891416
1048.23264891416
1048.23264891416
1048.23264891416
1048.23264891416
1048.23264891416
1048.23264891416
1048.23264891416
1048.23264891416
1048.23264891416
1048.23264891416
1048.23264891416
1048.23264891416
1048.23264891416
1048.23264891416
1048.23264891416
1048.23264891416
1048.23264891416
1048.23264891416
1048.23264891416
1048.23264891416
1048.23264891416
1048.23264891416
1048.23264891416
1048.23264891416
1048.23264891416
1048.23264891416
1048.23264891416
1048.23264891416
1048.23264891416
1048.23264891416
1048.23264891416
1048.23264891416
1048.23264891416
1048.23264891416
1048.23264891416
1048.23264891416
1048.23264891416
1048.23264891416
1048.23264891416
1048.23264891416
1048.23264891416
1048.23264891416
1048.23264891416
1048.23264891416
1048.23264891416
1048.23264891416
1048.23264891416
1048.23264891416
1048.23264891416
1048.23264891416
1048.23264891416
1048.23264891416
1048.23264891416
1048.23264891416
1048.23264891416
1048.23264891416
1048.23264891416
1048.23264891416
1048.23264891416
1048.23264891416
1048.23264891416
1048.23264891416
1048.23264891416
1048.23264891416
1048.23264891416
1048.23264891416
1048.23264891416
1048.23264891416
1048.23264891416
1048.23264891416
1048.23264891416
1048.23264891416
1048.23264891416
1048.23264891416
1048.23264891416
1048.23264891416
1048.23264891416
1048.23264891416
1048.23264891416
1048.23264891416
1048.23264891416
1048.23264891416
1048.23264891416

ave
1284.19008410710
1231.42833401462
1146.50282500147
1138.48917673704
1124.69188803373
1162.17563187679
1093.80384201263
1102.58732918970
1135.34096116845
1148.43659595709
1121.62941097370
1112.07100421355
1125.67400997631
1093.06832630598
1203.26843130336
1128.97466615160
1107.15239303157
1127.22253432240
1147.82985786641
1132.76433573444
1187.83287267338
1104.98168783930
1114.49687691048
1151.95099054026
1166.43782382005
1157.57234726033
1092.58605889142
1123.11622932646
1170.29800735396
1125.94673296681
1174.22837786407
1187.49303747425
1138.63724750185
1149.39842325693
1155.68342184608
1151.08197907921
1107.13647309805
1160.50563946913
1194.66726389051
1143.97956068434
1127.28098608257
1149.65044947299
1168.41343112085
1106.25803429495
1127.04558287707
1198.53079274121
1159.26377900919
1153.30004292435
1138.74242546522
1121.72755185266
1141.59710814833
1162.34315308497
1146.78678355046
1152.54621292872
1185.53890859288
1181.62761930308
1192.77484892646
1103.16208832712
1160.47195266721
1147.98435781038
1226.28742421762
1150.66036890786
1142.92094085787
1129.34353575116
1181.29436102865
1177.56806719672
1133.30332616502
1174.00824766436
1206.80328891369
1172.98059084487
1125.64029642199
1134.81120464244
1114.60965105003
1176.22093406731
1118.33073160800
1126.01909426779
1224.20477633155
1138.15714097474
1114.34781134785
1217.22040222565
1155.06468228533
1145.31963447333
1136.85514220751
1147.83056814748
1133.04157613181
1122.08885039941
1126.18237754150
1137.22375748526
1148.28986474255
1103.72791967520
1147.73302426109
1127.26775947574
1159.69727944450
1143.05769163375
1151.56185347852
1116.56343423466
1126.34926491295
1150.27387470407
1100.18059956995
1139.94494433210
1153.34457463154
1159.70970842796
1136.77750291887
1170.42204027541
1178.66152254565
1139.97603458445
1145.95476605524
1137.78296025723
1227.04853289051
1159.06937077593
1237.53629240289
1117.88143891191
1209.11232344032
1251.61286957943
1227.37553174710
1237.49294742208
1226.52270569964
1235.48927588573
1222.50133305611
1091.96458752244
1148.00574317238
1115.22853267346
1118.63069913651
1160.58925107277
1129.86464799671
1091.97099277018
1129.57923650290
1148.25583152092
1140.06263336147
1122.87516556208
1114.73640137583
1173.85420006308
1134.45826566452
1139.96248521961
1150.81093224667
1177.43609322831
1127.64670477585
1123.11547308618
1103.89222364112
1138.59364795527
1120.06999674802
1131.99132392398
1141.32952429169
1129.81878764365
1126.50530385336
1133.92535533580
1142.65708958531
1165.66318327974
1128.99440377997
1174.66699070417
1125.47854669671
1136.96159634190
1136.92751731092
1137.73013535024
1127.72501344274
1126.83672105026
1127.62468209666
1130.16881408489
1121.54298585893
1178.01807146593
1114.33850560827
1127.20490300870
1103.35631257394
1138.85945803607
1108.66942214627
1137.42567140330
1106.09061088882
1091.97099277018
1127.12489236711
1092.56594688304
1128.21010965455
1135.12004971252
1091.55121368222
1157.83650729793
1104.89026316397
1112.41011303195
1131.71880178529
1115.27665456890
1092.24341407578
1118.37969028084
1115.06644823809
1117.60570509391
1173.67361183090
1118.73429158219
1092.86342393947
1104.41627409208
1120.30363760895
1115.38164762336
1136.40517377130
1092.27905143003
1104.71421513978
1106.79873466861
1118.67166840211
1092.43823021087
1114.91760482786
1099.95826710448
1093.79390757125
1104.73210549099
1120.16179054085
1115.23945361126