最优解为:903.5245
最优解路径:

Best_route =

    17    18     7     8     2    11    12    16     0     0     0     0     0     0     0     0     0     0     0     0     0
     9    10     1    13    15     5    14    19     6     3    20     4     0     0     0     0     0     0     0     0     0

本次运算用时:19.776秒
算法在第1代时收敛

best
903.524537535711
903.524537535711
903.524537535711
903.524537535711
903.524537535711
903.524537535711
903.524537535711
903.524537535711
903.524537535711
903.524537535711
903.524537535711
903.524537535711
903.524537535711
903.524537535711
903.524537535711
903.524537535711
903.524537535711
903.524537535711
903.524537535711
903.524537535711
903.524537535711
903.524537535711
903.524537535711
903.524537535711
903.524537535711
903.524537535711
903.524537535711
903.524537535711
903.524537535711
903.524537535711
903.524537535711
903.524537535711
903.524537535711
903.524537535711
903.524537535711
903.524537535711
903.524537535711
903.524537535711
903.524537535711
903.524537535711
903.524537535711
903.524537535711
903.524537535711
903.524537535711
903.524537535711
903.524537535711
903.524537535711
903.524537535711
903.524537535711
903.524537535711
903.524537535711
903.524537535711
903.524537535711
903.524537535711
903.524537535711
903.524537535711
903.524537535711
903.524537535711
903.524537535711
903.524537535711
903.524537535711
903.524537535711
903.524537535711
903.524537535711
903.524537535711
903.524537535711
903.524537535711
903.524537535711
903.524537535711
903.524537535711
903.524537535711
903.524537535711
903.524537535711
903.524537535711
903.524537535711
903.524537535711
903.524537535711
903.524537535711
903.524537535711
903.524537535711
903.524537535711
903.524537535711
903.524537535711
903.524537535711
903.524537535711
903.524537535711
903.524537535711
903.524537535711
903.524537535711
903.524537535711
903.524537535711
903.524537535711
903.524537535711
903.524537535711
903.524537535711
903.524537535711
903.524537535711
903.524537535711
903.524537535711
903.524537535711
903.524537535711
903.524537535711
903.524537535711
903.524537535711
903.524537535711
903.524537535711
903.524537535711
903.524537535711
903.524537535711
903.524537535711
903.524537535711
903.524537535711
903.524537535711
903.524537535711
903.524537535711
903.524537535711
903.524537535711
903.524537535711
903.524537535711
903.524537535711
903.524537535711
903.524537535711
903.524537535711
903.524537535711
903.524537535711
903.524537535711
903.524537535711
903.524537535711
903.524537535711
903.524537535711
903.524537535711
903.524537535711
903.524537535711
903.524537535711
903.524537535711
903.524537535711
903.524537535711
903.524537535711
903.524537535711
903.524537535711
903.524537535711
903.524537535711
903.524537535711
903.524537535711
903.524537535711
903.524537535711
903.524537535711
903.524537535711
903.524537535711
903.524537535711
903.524537535711
903.524537535711
903.524537535711
903.524537535711
903.524537535711
903.524537535711
903.524537535711
903.524537535711
903.524537535711
903.524537535711
903.524537535711
903.524537535711
903.524537535711
903.524537535711
903.524537535711
903.524537535711
903.524537535711
903.524537535711
903.524537535711
903.524537535711
903.524537535711
903.524537535711
903.524537535711
903.524537535711
903.524537535711
903.524537535711
903.524537535711
903.524537535711
903.524537535711
903.524537535711
903.524537535711
903.524537535711
903.524537535711
903.524537535711
903.524537535711
903.524537535711
903.524537535711
903.524537535711
903.524537535711
903.524537535711
903.524537535711
903.524537535711
903.524537535711
903.524537535711
903.524537535711
903.524537535711
903.524537535711
903.524537535711
903.524537535711
903.524537535711

ave
1090.91626400476
1114.30650255378
1099.97123292802
1091.97399429046
1106.90336921714
1098.91636984420
1090.67662059513
1080.11623186860
1087.72816123967
1086.44693730385
1092.21696502321
1091.83910090865
1103.64762343203
1088.02668913823
1086.91753961722
1102.27368552214
1126.97147920888
1112.25531950601
1093.38748711066
1083.71037807882
1092.07882650530
1085.63489953025
1087.74960768693
1070.52321652800
1076.63110791227
1085.23006305992
1066.98197764534
1072.25011144410
1063.40230598155
1073.25696837796
1089.00217570405
1077.75730535963
1066.86552169135
1075.63662392805
1074.73883467767
1072.15543231528
1060.59159864691
1070.55218735018
1073.48910518050
1071.90085046687
1071.64770026614
1062.87758972473
1072.80088624926
1052.88012431640
1054.65936140755
1064.31433993155
1064.45868839089
1056.43464966640
1053.93566581071
1049.01137058964
1048.36343809860
1051.65009401424
1052.35775442430
1049.44125913207
1058.14978059035
1054.86309285577
1051.50618198481
1053.03165830322
1059.66081651269
1046.07543910998
1063.37687938068
1066.39385343943
1046.93394797159
1052.79516637452
1048.30058760639
1063.40957505227
1047.89680241553
1049.18276600679
1060.90440584608
1060.07157429486
1061.62824919451
1066.86316491539
1065.24932215057
1074.99121832143
1052.12471363862
1075.95783147696
1059.17552209871
1066.83881050940
1059.94696003580
1062.11009559228
1067.81213976825
1064.81330218012
1069.62650162487
1057.71565301791
1060.83984911509
1082.83947409219
1068.87298853884
1062.95881181529
1067.01196021634
1056.33134420371
1068.22943328060
1051.38798521157
1055.78942487367
1042.77733398026
1061.76003099206
1053.18368062916
1059.79143779672
1059.17505649877
1071.84881197128
1055.90467743314
1060.08970378704
1064.08643383825
1055.14559353258
1061.68012904447
1053.95776550500
1065.10489753240
1053.48875515598
1075.90156854597
1055.99895468864
1057.23137083679
1060.66651514096
1065.98052830118
1055.90820435760
1054.05372640286
1073.45829739878
1053.72028141751
1061.59060735449
1057.74590572913
1054.24137294264
1066.60287876288
1065.72118687080
1070.87510163134
1057.87047740364
1069.08055136055
1043.60061513747
1049.21214421475
1057.03403948589
1055.18264565321
1065.33064934131
1059.71295759960
1061.55608095872
1053.23138162608
1060.54622568723
1054.98403505087
1052.96902890023
1064.67667783782
1056.11099430143
1055.02368711393
1057.99574568395
1064.62252728961
1056.94678663920
1050.38218494014
1057.91752757937
1068.50606714041
1059.89353931427
1064.38702810165
1073.44054838910
1052.58830963676
1076.64057040713
1066.20088464307
1062.59836858675
1054.34097806153
1062.07266541711
1057.78581555441
1049.21642244364
1061.07810842791
1059.10769170228
1073.50887566819
1062.90450411990
1049.78358433974
1077.12488038255
1051.74632995880
1059.57538401241
1049.57080397724
1058.69260127771
1055.11405746726
1062.28306477658
1059.81228833519
1058.27056250382
1059.24807589846
1093.45747330350
1087.63384615683
1092.97317344315
1061.73223821393
1106.54921720351
1092.98970857134
1084.97875620477
1095.01933200659
1100.40271701515
1083.29357039040
1104.65045456129
1110.45828269973
1090.23299466875
1078.75902518620
1088.21819089713
1093.62870248691
1094.99982543509
1092.37782829419
1095.31936262674
1104.61907689076
1085.98014565162
1079.61635243545
1100.98190118097
1094.95145783255
1066.42856372831
1045.09756484801
1049.93751512327
1047.88043720408
1045.87102155653
1042.64818298755