最优解为:960.3799
最优解路径:

Best_route =

    13    17    18     3    19    15    20     9    10    16     0     0     0     0     0     0     0     0     0     0     0
     1    11    12     2     5     6     4     7     8    14     0     0     0     0     0     0     0     0     0     0     0

本次运算用时:13.889秒
算法在第1代时收敛

best
960.379893981996
960.379893981996
960.379893981996
960.379893981996
960.379893981996
960.379893981996
960.379893981996
960.379893981996
960.379893981996
960.379893981996
960.379893981996
960.379893981996
960.379893981996
960.379893981996
960.379893981996
960.379893981996
960.379893981996
960.379893981996
960.379893981996
960.379893981996
960.379893981996
960.379893981996
960.379893981996
960.379893981996
960.379893981996
960.379893981996
960.379893981996
960.379893981996
960.379893981996
960.379893981996
960.379893981996
960.379893981996
960.379893981996
960.379893981996
960.379893981996
960.379893981996
960.379893981996
960.379893981996
960.379893981996
960.379893981996
960.379893981996
960.379893981996
960.379893981996
960.379893981996
960.379893981996
960.379893981996
960.379893981996
960.379893981996
960.379893981996
960.379893981996
960.379893981996
960.379893981996
960.379893981996
960.379893981996
960.379893981996
960.379893981996
960.379893981996
960.379893981996
960.379893981996
960.379893981996
960.379893981996
960.379893981996
960.379893981996
960.379893981996
960.379893981996
960.379893981996
960.379893981996
960.379893981996
960.379893981996
960.379893981996
960.379893981996
960.379893981996
960.379893981996
960.379893981996
960.379893981996
960.379893981996
960.379893981996
960.379893981996
960.379893981996
960.379893981996
960.379893981996
960.379893981996
960.379893981996
960.379893981996
960.379893981996
960.379893981996
960.379893981996
960.379893981996
960.379893981996
960.379893981996
960.379893981996
960.379893981996
960.379893981996
960.379893981996
960.379893981996
960.379893981996
960.379893981996
960.379893981996
960.379893981996
960.379893981996
960.379893981996
960.379893981996
960.379893981996
960.379893981996
960.379893981996
960.379893981996
960.379893981996
960.379893981996
960.379893981996
960.379893981996
960.379893981996
960.379893981996
960.379893981996
960.379893981996
960.379893981996
960.379893981996
960.379893981996
960.379893981996
960.379893981996
960.379893981996
960.379893981996
960.379893981996
960.379893981996
960.379893981996
960.379893981996
960.379893981996
960.379893981996
960.379893981996
960.379893981996
960.379893981996
960.379893981996
960.379893981996
960.379893981996
960.379893981996
960.379893981996
960.379893981996
960.379893981996
960.379893981996
960.379893981996
960.379893981996
960.379893981996
960.379893981996
960.379893981996
960.379893981996
960.379893981996
960.379893981996
960.379893981996
960.379893981996
960.379893981996
960.379893981996
960.379893981996
960.379893981996
960.379893981996
960.379893981996
960.379893981996
960.379893981996
960.379893981996
960.379893981996
960.379893981996
960.379893981996
960.379893981996
960.379893981996
960.379893981996
960.379893981996
960.379893981996
960.379893981996
960.379893981996
960.379893981996
960.379893981996
960.379893981996
960.379893981996
960.379893981996
960.379893981996
960.379893981996
960.379893981996
960.379893981996
960.379893981996
960.379893981996
960.379893981996
960.379893981996
960.379893981996
960.379893981996
960.379893981996
960.379893981996
960.379893981996
960.379893981996
960.379893981996
960.379893981996
960.379893981996
960.379893981996
960.379893981996
960.379893981996
960.379893981996
960.379893981996
960.379893981996
960.379893981996
960.379893981996
960.379893981996
960.379893981996
960.379893981996

ave
1095.86257305929
1099.89454485584
1133.09206055652
1098.22397431607
1094.45232360004
1123.92135932595
1131.69803390356
1124.72073302187
1125.55141524449
1127.80766117758
1114.87492082182
1139.97960938066
1121.09648852848
1119.40570609510
1151.45261611685
1117.78918617263
1099.14937047683
1144.19674802308
1183.80736701509
1129.45323843769
1091.60367700250
1103.52972107886
1094.51281522547
1094.27802331117
1080.39957493526
1112.25421932849
1082.62865707559
1081.62788999268
1108.53889635469
1080.80793647261
1074.60534398161
1068.54678288361
1072.96253027882
1100.19426629499
1054.16391229189
1066.16747763904
1071.16100405568
1097.65958770937
1041.47364740929
1048.94537623886
1047.91195980559
1075.28536652739
1066.06515499380
1046.10535766290
1050.08333330712
1041.41479878025
1067.66614364734
1048.20936907148
1052.91551919546
1042.42480867378
1051.96242879496
1054.96368669703
1041.23077850477
1040.30394100016
1048.51393621810
1040.98594423933
1040.27633578614
1047.90268873629
1056.86207830233
1040.97433959906
1048.39271774542
1045.26703607163
1045.79499066873
1039.36501651455
1040.22863633653
1041.66406361269
1039.34818891160
1039.51449478658
1045.76523355893
1040.21977506071
1051.27121745840
1039.17162419682
1047.81781760257
1045.16591895073
1047.98835252342
1045.24309861700
1053.84485272502
1043.48433855953
1039.72222232469
1044.60594757863
1054.21943601567
1057.75454847949
1044.69068032994
1046.87402709506
1053.14386233387
1063.08203065007
1068.85015775681
1054.91094599766
1063.28497813112
1062.98921372500
1062.24324512081
1080.82130980451
1050.18800889687
1053.67922010207
1073.60286224632
1067.48701697082
1081.88346986922
1078.81875466318
1079.31785661090
1062.57652578933
1052.67979327144
1058.33389804381
1078.84075605726
1088.29464121606
1085.15433492054
1086.09624648872
1084.32128326748
1067.32698006295
1059.20865743299
1057.38034683449
1075.13270352869
1058.30307060352
1058.97950197325
1063.79791616603
1067.05945460022
1054.17116635586
1059.31417588710
1084.59924735190
1059.83534480425
1063.09341908994
1074.38705244771
1064.02591631269
1072.22779257118
1095.85245161310
1082.13852843325
1093.89507051226
1070.50644102973
1068.98912477113
1067.20379687444
1058.66583462340
1060.46371304782
1054.10835797270
1060.18579580330
1074.30462234160
1068.64922134312
1062.85762800810
1080.36272775329
1077.34359413659
1086.60910416801
1068.46054028416
1053.37361073503
1058.14436047773
1055.94073355215
1072.20307263900
1096.25512746486
1054.97551084793
1067.45554676193
1071.49415334972
1053.38040698252
1062.20997590169
1074.31610051884
1057.22932887417
1075.08011801901
1057.34615449344
1066.45030863041
1066.40519578774
1069.96499996506
1063.85002277358
1061.28458239898
1108.29351220079
1071.38068336933
1051.61932207357
1073.14611507069
1081.54592523583
1075.27043034520
1081.47533258803
1053.24676065746
1057.86055536469
1045.72400161776
1057.18602660219
1058.09317729655
1066.54806580361
1043.02785552030
1069.16520340966
1073.31890209431
1095.00088925918
1059.04342404720
1082.82317395931
1074.89970220682
1077.70111517990
1073.67084840336
1068.00488919593
1063.59229439370
1083.91665423280
1063.60324579894
1072.17721293808
1093.80684677816
1048.20902726095
1066.17678778852
1055.18149404817
1098.17502617827
1049.03118985219
1051.98778225857
1080.48608195633
1103.78470889839
1052.10990762620
1045.59248880717
1054.48824539593
1042.18392557022
1042.16007122644