最优解为:946.0665
最优解路径:

Best_route =

    11    12    13    14    19    20     1     8    18     2     0     0     0     0     0     0     0     0     0     0     0
     7    15     3     9    10    17    16     5     6     4     0     0     0     0     0     0     0     0     0     0     0

本次运算用时:19.298秒
算法在第3代时收敛

best
1017.97846802647
1007.21003677232
946.066450309553
946.066450309553
946.066450309553
946.066450309553
946.066450309553
946.066450309553
946.066450309553
946.066450309553
946.066450309553
946.066450309553
946.066450309553
946.066450309553
946.066450309553
946.066450309553
946.066450309553
946.066450309553
946.066450309553
946.066450309553
946.066450309553
946.066450309553
946.066450309553
946.066450309553
946.066450309553
946.066450309553
946.066450309553
946.066450309553
946.066450309553
946.066450309553
946.066450309553
946.066450309553
946.066450309553
946.066450309553
946.066450309553
946.066450309553
946.066450309553
946.066450309553
946.066450309553
946.066450309553
946.066450309553
946.066450309553
946.066450309553
946.066450309553
946.066450309553
946.066450309553
946.066450309553
946.066450309553
946.066450309553
946.066450309553
946.066450309553
946.066450309553
946.066450309553
946.066450309553
946.066450309553
946.066450309553
946.066450309553
946.066450309553
946.066450309553
946.066450309553
946.066450309553
946.066450309553
946.066450309553
946.066450309553
946.066450309553
946.066450309553
946.066450309553
946.066450309553
946.066450309553
946.066450309553
946.066450309553
946.066450309553
946.066450309553
946.066450309553
946.066450309553
946.066450309553
946.066450309553
946.066450309553
946.066450309553
946.066450309553
946.066450309553
946.066450309553
946.066450309553
946.066450309553
946.066450309553
946.066450309553
946.066450309553
946.066450309553
946.066450309553
946.066450309553
946.066450309553
946.066450309553
946.066450309553
946.066450309553
946.066450309553
946.066450309553
946.066450309553
946.066450309553
946.066450309553
946.066450309553
946.066450309553
946.066450309553
946.066450309553
946.066450309553
946.066450309553
946.066450309553
946.066450309553
946.066450309553
946.066450309553
946.066450309553
946.066450309553
946.066450309553
946.066450309553
946.066450309553
946.066450309553
946.066450309553
946.066450309553
946.066450309553
946.066450309553
946.066450309553
946.066450309553
946.066450309553
946.066450309553
946.066450309553
946.066450309553
946.066450309553
946.066450309553
946.066450309553
946.066450309553
946.066450309553
946.066450309553
946.066450309553
946.066450309553
946.066450309553
946.066450309553
946.066450309553
946.066450309553
946.066450309553
946.066450309553
946.066450309553
946.066450309553
946.066450309553
946.066450309553
946.066450309553
946.066450309553
946.066450309553
946.066450309553
946.066450309553
946.066450309553
946.066450309553
946.066450309553
946.066450309553
946.066450309553
946.066450309553
946.066450309553
946.066450309553
946.066450309553
946.066450309553
946.066450309553
946.066450309553
946.066450309553
946.066450309553
946.066450309553
946.066450309553
946.066450309553
946.066450309553
946.066450309553
946.066450309553
946.066450309553
946.066450309553
946.066450309553
946.066450309553
946.066450309553
946.066450309553
946.066450309553
946.066450309553
946.066450309553
946.066450309553
946.066450309553
946.066450309553
946.066450309553
946.066450309553
946.066450309553
946.066450309553
946.066450309553
946.066450309553
946.066450309553
946.066450309553
946.066450309553
946.066450309553
946.066450309553
946.066450309553
946.066450309553
946.066450309553
946.066450309553
946.066450309553
946.066450309553
946.066450309553
946.066450309553
946.066450309553

ave
1081.88334965090
1096.12386927918
1113.53157647626
1065.48939151254
1078.75666376036
1071.10973970694
1077.88136179098
1066.80926813054
1103.95702154216
1083.89233144565
1080.96403762883
1087.53262668398
1101.25971207636
1089.29824460301
1078.30764197486
1103.15903326759
1086.40381228246
1064.24567487050
1075.44659288700
1082.72567212734
1076.87513499323
1064.32948595288
1064.32420384846
1071.27492316385
1068.85382426794
1059.55091008652
1089.02833405319
1062.55983712387
1075.97735342872
1065.75940085758
1055.32863085759
1055.62122943532
1055.04003414160
1057.86830381151
1056.25060632309
1058.22005937041
1061.12178616724
1055.03430721271
1074.31649189669
1052.30450575365
1052.94933819227
1062.87334221312
1054.02862827658
1051.30274899879
1052.80894366546
1053.70155819334
1049.12092071246
1046.34084821984
1043.92695799987
1047.14429591595
1058.54542728223
1046.89668254986
1048.94914491369
1045.64765190092
1046.68347038285
1051.28258940231
1047.68898893304
1048.12833617879
1053.89217738274
1050.12773476330
1048.15050038444
1049.05230886136
1049.80127726994
1054.98930938848
1050.67659465769
1051.93964611630
1052.82399535825
1049.85248183347
1073.10507300135
1061.38535806976
1051.83581543488
1047.36140746332
1048.60932781314
1056.13482525038
1049.63503173087
1048.75550734952
1052.69799825998
1046.81519686855
1045.14087926336
1054.02058516941
1051.36617041869
1044.30133680413
1050.91441153498
1046.84511421004
1052.55093983888
1044.55082501833
1048.64355024379
1053.18869465739
1047.92410562117
1058.74774699713
1045.46095411484
1052.08864083395
1045.70129965526
1047.54057875230
1050.44805278600
1059.68825686123
1065.84029529036
1068.81070635376
1070.48765571751
1062.63099609994
1065.13305498575
1068.02293802190
1058.17423136151
1068.49830774238
1076.23787009749
1071.64750427262
1072.99663433531
1081.29166408523
1075.29228671091
1089.14127968428
1066.67403222655
1073.53502504474
1072.34486302037
1073.45443137589
1070.24032543410
1072.11681401142
1073.47713747509
1064.54741697991
1071.34558594259
1080.01192302811
1064.86124974041
1058.78545544457
1067.23005272813
1054.31193779785
1072.04530615805
1074.10279771232
1064.65700581284
1070.35591043828
1064.54237807203
1072.15224063487
1064.06964877717
1053.73379567275
1056.90278821260
1057.48512511787
1069.07952568002
1060.98562582830
1068.87232673624
1087.00024955917
1056.43167562148
1065.97431576946
1061.19901612890
1065.73417538957
1063.34177303250
1058.79888971443
1065.29129203902
1063.71575694930
1054.44543833887
1048.14160524819
1051.86204422783
1052.05145133965
1050.78179332148
1045.40758538128
1051.86348031540
1073.88028403572
1055.65333486815
1047.29509549647
1052.87808464558
1046.42030537510
1052.13777442136
1053.81559420152
1050.18915054054
1052.07215843332
1049.21677592572
1050.67289096131
1053.89577870662
1048.86342733383
1049.80546192558
1052.26038500661
1064.64983415568
1041.91528238011
1058.01078211599
1047.44389589331
1053.45358074091
1053.78514942827
1047.61567126555
1055.52715666623
1055.52364771337
1056.31255393913
1057.40510251881
1052.35164340760
1057.21630653263
1051.53390665268
1055.95282485365
1060.54083661513
1057.04585149805
1055.35782710175
1064.12151744433
1056.44839428589
1075.65076084803
1062.17303413636
1052.53554345983
1054.08698765069
1056.34573719101
1056.88521522345
1064.16824942039
1051.04767365345
1051.11113047428
1057.08652855976
1055.04171833723
1049.74039268433