最优解为:946.2187
最优解路径:

Best_route =

    11    12     2     5     4    17    16     6    18     0     0     0     0     0     0     0     0     0     0     0     0
     3    15     1     9    10     7     8    13    14    19    20     0     0     0     0     0     0     0     0     0     0

本次运算用时:16.234秒
算法在第12代时收敛

best
998.800969142499
998.800969142499
985.955719038004
985.955719038004
985.955719038004
985.955719038004
985.955719038004
985.955719038004
955.459959982567
955.459959982567
955.459959982567
946.218658071261
946.218658071261
946.218658071261
946.218658071261
946.218658071261
946.218658071261
946.218658071261
946.218658071261
946.218658071261
946.218658071261
946.218658071261
946.218658071261
946.218658071261
946.218658071261
946.218658071261
946.218658071261
946.218658071261
946.218658071261
946.218658071261
946.218658071261
946.218658071261
946.218658071261
946.218658071261
946.218658071261
946.218658071261
946.218658071261
946.218658071261
946.218658071261
946.218658071261
946.218658071261
946.218658071261
946.218658071261
946.218658071261
946.218658071261
946.218658071261
946.218658071261
946.218658071261
946.218658071261
946.218658071261
946.218658071261
946.218658071261
946.218658071261
946.218658071261
946.218658071261
946.218658071261
946.218658071261
946.218658071261
946.218658071261
946.218658071261
946.218658071261
946.218658071261
946.218658071261
946.218658071261
946.218658071261
946.218658071261
946.218658071261
946.218658071261
946.218658071261
946.218658071261
946.218658071261
946.218658071261
946.218658071261
946.218658071261
946.218658071261
946.218658071261
946.218658071261
946.218658071261
946.218658071261
946.218658071261
946.218658071261
946.218658071261
946.218658071261
946.218658071261
946.218658071261
946.218658071261
946.218658071261
946.218658071261
946.218658071261
946.218658071261
946.218658071261
946.218658071261
946.218658071261
946.218658071261
946.218658071261
946.218658071261
946.218658071261
946.218658071261
946.218658071261
946.218658071261
946.218658071261
946.218658071261
946.218658071261
946.218658071261
946.218658071261
946.218658071261
946.218658071261
946.218658071261
946.218658071261
946.218658071261
946.218658071261
946.218658071261
946.218658071261
946.218658071261
946.218658071261
946.218658071261
946.218658071261
946.218658071261
946.218658071261
946.218658071261
946.218658071261
946.218658071261
946.218658071261
946.218658071261
946.218658071261
946.218658071261
946.218658071261
946.218658071261
946.218658071261
946.218658071261
946.218658071261
946.218658071261
946.218658071261
946.218658071261
946.218658071261
946.218658071261
946.218658071261
946.218658071261
946.218658071261
946.218658071261
946.218658071261
946.218658071261
946.218658071261
946.218658071261
946.218658071261
946.218658071261
946.218658071261
946.218658071261
946.218658071261
946.218658071261
946.218658071261
946.218658071261
946.218658071261
946.218658071261
946.218658071261
946.218658071261
946.218658071261
946.218658071261
946.218658071261
946.218658071261
946.218658071261
946.218658071261
946.218658071261
946.218658071261
946.218658071261
946.218658071261
946.218658071261
946.218658071261
946.218658071261
946.218658071261
946.218658071261
946.218658071261
946.218658071261
946.218658071261
946.218658071261
946.218658071261
946.218658071261
946.218658071261
946.218658071261
946.218658071261
946.218658071261
946.218658071261
946.218658071261
946.218658071261
946.218658071261
946.218658071261
946.218658071261
946.218658071261
946.218658071261
946.218658071261
946.218658071261
946.218658071261
946.218658071261
946.218658071261
946.218658071261
946.218658071261
946.218658071261
946.218658071261
946.218658071261
946.218658071261

ave
1076.20762450001
1088.67506334955
1081.10519657497
1096.51179304532
1109.36535719080
1072.28916213689
1090.81341957236
1092.52412382002
1101.26913910256
1104.65262822251
1112.20886559688
1068.45291638648
1075.58668796824
1109.27148205644
1098.62710015422
1075.21267080721
1091.97009625874
1085.07075423723
1078.74554915284
1085.69676868987
1102.60718974777
1087.76645215000
1066.54483897361
1115.61185868062
1071.42359548966
1080.66143892922
1081.93124837368
1079.38879832175
1081.63674424415
1087.93025567023
1048.99317995624
1082.57936989116
1081.48488122974
1062.90791178626
1067.84091893701
1060.65384937600
1046.63125215537
1056.68038297934
1057.84908082778
1046.56742068942
1065.66578148239
1052.01999525901
1057.66348378406
1056.46509376336
1056.99281041106
1065.31689058312
1065.46927844308
1049.41708389952
1045.64483421674
1050.33367608831
1052.96091120312
1050.23842902395
1050.72766106519
1045.94797241683
1056.06920431323
1055.31030575122
1069.16680281806
1058.05728460512
1051.95024716729
1055.57372736673
1052.10651346251
1071.28604579145
1052.74580450696
1065.44708960456
1054.99566390793
1050.33271289469
1050.35988974911
1058.43614323918
1045.60673284706
1049.79307093030
1053.54607049563
1051.94673051253
1046.11222500310
1064.28380736069
1045.72632969489
1055.21700584633
1065.43962590357
1054.57887773251
1062.27263033144
1061.68887182376
1048.29780234953
1061.24592742319
1055.11793798842
1050.77146462435
1059.03790768080
1058.26794585154
1048.60597285854
1052.19382420633
1044.84654452973
1045.37008372589
1050.68652692459
1054.02364395858
1050.77249982035
1069.66239840149
1063.08865485960
1049.09795077874
1054.75986742717
1048.51880165292
1047.66455630475
1048.64184621117
1053.77705879555
1052.37635948216
1054.62996934964
1050.84315806131
1058.54979412581
1057.55832140010
1056.16773506126
1049.87230158023
1056.19439525853
1074.42110404603
1051.19933568027
1058.46924560244
1056.94873980017
1056.76858503030
1054.51665427020
1061.30786396212
1058.02621866940
1057.16770307868
1058.28225995564
1055.02713068974
1057.18158899729
1064.76567657211
1053.14821152781
1053.47008282533
1057.13950028234
1061.74484718633
1053.02626334337
1057.01636641899
1046.81644466090
1058.73923118216
1056.16060291803
1065.58372672181
1055.13444677373
1046.41073980463
1054.51448435969
1058.86554005210
1054.81789944632
1052.19167017837
1055.84565781722
1059.65458752249
1052.74159273061
1056.27477791179
1050.44001216385
1061.76671002962
1051.36476005644
1055.28097351616
1045.19618359578
1069.53427366405
1065.55980273329
1063.80597459062
1049.77836221601
1051.78592427109
1052.89903964327
1048.87061649391
1063.46879967078
1060.53495579590
1055.62601496738
1048.74227420124
1048.37528646486
1060.67812276589
1067.85627838998
1048.60465191414
1047.00036040156
1057.35020830264
1070.07396092095
1047.32900920155
1063.49392529563
1051.89714725154
1056.92156317207
1050.30127885726
1053.61031798659
1043.55517834228
1051.44235879991
1050.06657514759
1043.22666368684
1046.36914734249
1045.71644066735
1052.13536641416
1055.03568062889
1054.67247389618
1061.74417238666
1056.05306506958
1045.76693993565
1053.62963730215
1046.61056041097
1046.75155915630
1055.53635499611
1049.17027070128
1047.94842181608
1051.88091968265
1054.49119833424
1050.64604282014
1051.39545433553
1048.67828105557
1044.41473807934
1047.34121976862
1050.51934398984
1047.42959460494
1060.92395850880
1055.80722489974