最优解为:957.4155
最优解路径:

Best_route =

    17    18    11    12     9    10     7     8    13    20    14     0     0     0     0     0     0     0     0     0     0
    15     1     3    19     2     5     6     4    16     0     0     0     0     0     0     0     0     0     0     0     0

本次运算用时:18.562秒
算法在第8代时收敛

best
997.869468649183
997.869468649183
997.869468649183
994.554608360399
983.832909902862
983.832909902862
983.832909902862
957.415484408537
957.415484408537
957.415484408537
957.415484408537
957.415484408537
957.415484408537
957.415484408537
957.415484408537
957.415484408537
957.415484408537
957.415484408537
957.415484408537
957.415484408537
957.415484408537
957.415484408537
957.415484408537
957.415484408537
957.415484408537
957.415484408537
957.415484408537
957.415484408537
957.415484408537
957.415484408537
957.415484408537
957.415484408537
957.415484408537
957.415484408537
957.415484408537
957.415484408537
957.415484408537
957.415484408537
957.415484408537
957.415484408537
957.415484408537
957.415484408537
957.415484408537
957.415484408537
957.415484408537
957.415484408537
957.415484408537
957.415484408537
957.415484408537
957.415484408537
957.415484408537
957.415484408537
957.415484408537
957.415484408537
957.415484408537
957.415484408537
957.415484408537
957.415484408537
957.415484408537
957.415484408537
957.415484408537
957.415484408537
957.415484408537
957.415484408537
957.415484408537
957.415484408537
957.415484408537
957.415484408537
957.415484408537
957.415484408537
957.415484408537
957.415484408537
957.415484408537
957.415484408537
957.415484408537
957.415484408537
957.415484408537
957.415484408537
957.415484408537
957.415484408537
957.415484408537
957.415484408537
957.415484408537
957.415484408537
957.415484408537
957.415484408537
957.415484408537
957.415484408537
957.415484408537
957.415484408537
957.415484408537
957.415484408537
957.415484408537
957.415484408537
957.415484408537
957.415484408537
957.415484408537
957.415484408537
957.415484408537
957.415484408537
957.415484408537
957.415484408537
957.415484408537
957.415484408537
957.415484408537
957.415484408537
957.415484408537
957.415484408537
957.415484408537
957.415484408537
957.415484408537
957.415484408537
957.415484408537
957.415484408537
957.415484408537
957.415484408537
957.415484408537
957.415484408537
957.415484408537
957.415484408537
957.415484408537
957.415484408537
957.415484408537
957.415484408537
957.415484408537
957.415484408537
957.415484408537
957.415484408537
957.415484408537
957.415484408537
957.415484408537
957.415484408537
957.415484408537
957.415484408537
957.415484408537
957.415484408537
957.415484408537
957.415484408537
957.415484408537
957.415484408537
957.415484408537
957.415484408537
957.415484408537
957.415484408537
957.415484408537
957.415484408537
957.415484408537
957.415484408537
957.415484408537
957.415484408537
957.415484408537
957.415484408537
957.415484408537
957.415484408537
957.415484408537
957.415484408537
957.415484408537
957.415484408537
957.415484408537
957.415484408537
957.415484408537
957.415484408537
957.415484408537
957.415484408537
957.415484408537
957.415484408537
957.415484408537
957.415484408537
957.415484408537
957.415484408537
957.415484408537
957.415484408537
957.415484408537
957.415484408537
957.415484408537
957.415484408537
957.415484408537
957.415484408537
957.415484408537
957.415484408537
957.415484408537
957.415484408537
957.415484408537
957.415484408537
957.415484408537
957.415484408537
957.415484408537
957.415484408537
957.415484408537
957.415484408537
957.415484408537
957.415484408537
957.415484408537
957.415484408537
957.415484408537
957.415484408537
957.415484408537
957.415484408537
957.415484408537
957.415484408537

ave
1102.60062279470
1099.70299637836
1097.05550273497
1113.91086030475
1095.64143451583
1091.66572739850
1099.38407601896
1087.15203146522
1084.18748757371
1103.31350914565
1093.96654755541
1109.66420525588
1097.13725991973
1095.00853237003
1088.75690080742
1081.44785365544
1092.94191341864
1090.91455126807
1093.75956742163
1095.36421660079
1092.95323043248
1106.39964581333
1086.77225415799
1102.19890448302
1071.89806725168
1080.66202483725
1089.52998745474
1068.77086992249
1066.05203520818
1082.22580815223
1087.77972673652
1064.19662343228
1073.20905570138
1109.94020108922
1070.02612179665
1071.15643613058
1060.00841105750
1058.11484808592
1073.22340817883
1081.93475305878
1051.20120510344
1053.25870178878
1051.65754811017
1052.46861009749
1058.71274861756
1064.17247421506
1054.21535699614
1053.25902065707
1056.45741971204
1070.06686730950
1047.78263762683
1056.06140416718
1056.81053595411
1047.19141678541
1053.96742567478
1052.59415797204
1060.92581862270
1051.82307046179
1064.08806123794
1058.21348213378
1054.18116894111
1048.82314637584
1045.77470429217
1042.62491551774
1049.34733282384
1047.09981326248
1054.78196015239
1045.19005634318
1047.11135057876
1049.18137087551
1054.35808522758
1046.73019209045
1043.00608310294
1056.41389526401
1046.12537998172
1042.41083615485
1059.19663564522
1042.44674967926
1040.90462788995
1058.45294617249
1050.37381858987
1042.41083615485
1045.11427312885
1045.09372797484
1050.80081624516
1045.49149131875
1050.49732243620
1052.06507743602
1045.35553704314
1054.11959436185
1044.26245842455
1059.82625496919
1042.44674967926
1042.12610140056
1052.47723599279
1065.59144068991
1045.57585300881
1052.49941713040
1043.90702542694
1045.91285946266
1044.51554465697
1055.78760944523
1041.41866848639
1057.33592713834
1048.95575528614
1048.98154596190
1041.41866848639
1048.66733027907
1045.73469362419
1042.04157482841
1052.90763501405
1051.92838110265
1050.17194197557
1046.93853509524
1041.73963180266
1047.36338646399
1045.55641302856
1052.77513001762
1051.91675782583
1046.39423999546
1044.41794722610
1050.09182296008
1069.41684705048
1044.27060482690
1046.08989360524
1048.91725376503
1047.98929249885
1049.18137087551
1047.26597867427
1048.21324011721
1052.50676577057
1049.40959875162
1045.44523877589
1045.91772623063
1058.57338757195
1048.53783311001
1049.97001081032
1044.73324290180
1057.41123172826
1051.25736862008
1045.98446005448
1042.87535488865
1051.66100255781
1042.10232728232
1057.51026972719
1059.85362997618
1051.54776451303
1043.92557348182
1041.41866848639
1044.34079371830
1042.01391543448
1050.72980222663
1043.13040847519
1047.45558046582
1051.08237204278
1055.65001588630
1045.00758771321
1044.70714076891
1058.12646410473
1044.25172683132
1046.47513177988
1049.72765314564
1046.32857875022
1041.41866848639
1050.75696717630
1051.73131430751
1044.25474487971
1057.30772466893
1052.41292538841
1048.20665017778
1045.06181241237
1044.79833703213
1041.71788480177
1042.82364521800
1050.94673823153
1064.39551062036
1042.85436061246
1055.71148524096
1045.93972531265
1042.96079027570
1041.93270908283
1051.16053608263
1053.02475638870
1056.21943077212
1050.82477613883
1056.31728017623
1047.11566275180
1046.44148025919
1052.18512340366
1050.73282663823
1051.33976469690
1044.96585002339
1043.37267358574
1045.57493382458
1053.02944919346
1041.45978191157
1046.19401122216
1049.32946816434
1048.24040613037
1043.25046719724