最优解为:3499.6215
最优解路径:

Best_route =

  1 至 24 列

     0     0     0     0     0     0     0     0     0     0     0     0     0     0     0     0     0     0     0     0     0     0     0     0
     0     0     0     0     0     0     0     0     0     0     0     0     0     0     0     0     0     0     0     0     0     0     0     0
     0     0     0     0     0     0     0     0     0     0     0     0     0     0     0     0     0     0     0     0     0     0     0     0
    53    54    37    38    27    28    43    44    39    40     0     0     0     0     0     0     0     0     0     0     0     0     0     0
    15    16    51    52    55    56    11    12    47    48     0     0     0     0     0     0     0     0     0     0     0     0     0     0
    31    32    25    26     7     8    41    42    33    34     0     0     0     0     0     0     0     0     0     0     0     0     0     0
     3     4    59    60    19    20     1     0     0     0     0     0     0     0     0     0     0     0     0     0     0     0     0     0
    29    30    35    36     5     6    17    18     9    10    13    14     0     0     0     0     0     0     0     0     0     0     0     0
    45    46    21    22    23    24    57    58    49    50     2     0     0     0     0     0     0     0     0     0     0     0     0     0

  25 至 48 列

     0     0     0     0     0     0     0     0     0     0     0     0     0     0     0     0     0     0     0     0     0     0     0     0
     0     0     0     0     0     0     0     0     0     0     0     0     0     0     0     0     0     0     0     0     0     0     0     0
     0     0     0     0     0     0     0     0     0     0     0     0     0     0     0     0     0     0     0     0     0     0     0     0
     0     0     0     0     0     0     0     0     0     0     0     0     0     0     0     0     0     0     0     0     0     0     0     0
     0     0     0     0     0     0     0     0     0     0     0     0     0     0     0     0     0     0     0     0     0     0     0     0
     0     0     0     0     0     0     0     0     0     0     0     0     0     0     0     0     0     0     0     0     0     0     0     0
     0     0     0     0     0     0     0     0     0     0     0     0     0     0     0     0     0     0     0     0     0     0     0     0
     0     0     0     0     0     0     0     0     0     0     0     0     0     0     0     0     0     0     0     0     0     0     0     0
     0     0     0     0     0     0     0     0     0     0     0     0     0     0     0     0     0     0     0     0     0     0     0     0

  49 至 61 列

     0     0     0     0     0     0     0     0     0     0     0     0     0
     0     0     0     0     0     0     0     0     0     0     0     0     0
     0     0     0     0     0     0     0     0     0     0     0     0     0
     0     0     0     0     0     0     0     0     0     0     0     0     0
     0     0     0     0     0     0     0     0     0     0     0     0     0
     0     0     0     0     0     0     0     0     0     0     0     0     0
     0     0     0     0     0     0     0     0     0     0     0     0     0
     0     0     0     0     0     0     0     0     0     0     0     0     0
     0     0     0     0     0     0     0     0     0     0     0     0     0

本次运算用时:290.084秒
算法在第449代时收敛

best
4111.08901179826
4071.28214553068
3635.32377019496
3635.32377019496
3635.32377019496
3635.32377019496
3635.32377019496
3635.32377019496
3589.35912718783
3589.35912718783
3589.35912718783
3570.55295173651
3570.55295173651
3570.55295173651
3570.55295173651
3570.55295173651
3565.03263917908
3565.03263917908
3565.03263917908
3565.03263917908
3565.03263917908
3551.20664009219
3551.20664009219
3551.20664009219
3551.20664009219
3551.20664009219
3551.20664009219
3551.20664009219
3551.20664009219
3551.20664009219
3551.20664009219
3551.20664009219
3551.20664009219
3551.20664009219
3551.20664009219
3551.20664009219
3551.20664009219
3551.20664009219
3551.20664009219
3551.20664009219
3551.20664009219
3551.20664009219
3551.20664009219
3551.20664009219
3551.20664009219
3551.20664009219
3551.20664009219
3551.20664009219
3551.20664009219
3551.20664009219
3551.20664009219
3551.20664009219
3551.20664009219
3551.20664009219
3551.20664009219
3551.20664009219
3551.20664009219
3551.20664009219
3551.20664009219
3551.20664009219
3551.20664009219
3551.20664009219
3551.20664009219
3551.20664009219
3551.20664009219
3551.20664009219
3551.20664009219
3551.20664009219
3551.20664009219
3551.20664009219
3551.20664009219
3551.20664009219
3551.20664009219
3551.20664009219
3550.80673949795
3550.80673949795
3550.80673949795
3550.80673949795
3550.80673949795
3550.80673949795
3550.80673949795
3550.80673949795
3550.80673949795
3550.80673949795
3550.80673949795
3550.80673949795
3550.80673949795
3550.80673949795
3550.80673949795
3550.80673949795
3550.80673949795
3550.80673949795
3550.80673949795
3550.80673949795
3550.80673949795
3550.80673949795
3550.80673949795
3550.80673949795
3550.80673949795
3550.80673949795
3550.80673949795
3550.80673949795
3550.80673949795
3550.80673949795
3550.80673949795
3550.80673949795
3550.80673949795
3550.80673949795
3550.80673949795
3550.80673949795
3550.80673949795
3550.80673949795
3550.80673949795
3550.80673949795
3550.80673949795
3550.80673949795
3550.80673949795
3550.80673949795
3550.80673949795
3550.80673949795
3550.80673949795
3550.80673949795
3550.80673949795
3517.78741854368
3517.78741854368
3517.78741854368
3517.78741854368
3517.78741854368
3517.78741854368
3517.78741854368
3517.78741854368
3517.78741854368
3517.78741854368
3517.78741854368
3517.78741854368
3517.78741854368
3517.78741854368
3517.78741854368
3517.78741854368
3517.78741854368
3517.78741854368
3517.78741854368
3517.78741854368
3517.78741854368
3517.78741854368
3517.78741854368
3517.78741854368
3517.78741854368
3517.78741854368
3517.78741854368
3517.78741854368
3517.78741854368
3517.78741854368
3517.78741854368
3517.78741854368
3517.78741854368
3517.78741854368
3517.78741854368
3517.78741854368
3517.78741854368
3517.78741854368
3517.78741854368
3517.78741854368
3517.78741854368
3517.78741854368
3517.78741854368
3517.78741854368
3517.78741854368
3517.78741854368
3517.78741854368
3517.78741854368
3517.78741854368
3517.78741854368
3517.78741854368
3517.78741854368
3517.78741854368
3517.78741854368
3517.78741854368
3517.78741854368
3517.78741854368
3517.78741854368
3517.78741854368
3517.78741854368
3517.78741854368
3517.78741854368
3517.78741854368
3517.78741854368
3517.78741854368
3517.78741854368
3517.78741854368
3517.78741854368
3517.78741854368
3517.78741854368
3517.78741854368
3517.78741854368
3517.78741854368
3517.78741854368
3517.78741854368
3517.78741854368
3517.78741854368
3517.78741854368
3517.78741854368
3517.78741854368
3517.78741854368
3517.78741854368
3517.78741854368
3517.78741854368
3517.78741854368
3517.78741854368
3517.78741854368
3517.78741854368
3517.78741854368
3517.78741854368
3517.78741854368
3517.78741854368
3517.78741854368
3517.78741854368
3517.78741854368
3517.78741854368
3517.78741854368
3517.78741854368
3517.78741854368
3517.78741854368
3517.78741854368
3517.78741854368
3517.78741854368
3517.78741854368
3517.78741854368
3517.78741854368
3517.78741854368
3517.78741854368
3517.78741854368
3517.78741854368
3517.78741854368
3517.78741854368
3517.78741854368
3517.78741854368
3517.78741854368
3517.78741854368
3517.78741854368
3517.78741854368
3517.78741854368
3517.78741854368
3517.78741854368
3517.78741854368
3517.78741854368
3517.78741854368
3517.78741854368
3517.78741854368
3517.78741854368
3517.78741854368
3517.78741854368
3517.78741854368
3517.78741854368
3517.78741854368
3517.78741854368
3517.78741854368
3517.78741854368
3517.78741854368
3517.78741854368
3517.78741854368
3517.78741854368
3517.78741854368
3517.78741854368
3517.78741854368
3517.78741854368
3517.78741854368
3517.78741854368
