最优解为:361.5534
最优解路径:

Best_route =

     0     0     0     0     0     0     0     0     0     0     0
     7     1     3     5     2     9     8     6     4    10     0

本次运算用时:2.531秒
算法在第6代时收敛

best
403.403946079307
403.403946079307
399.421947852086
399.421947852086
399.421947852086
361.553360132553
361.553360132553
361.553360132553
361.553360132553
361.553360132553
361.553360132553
361.553360132553
361.553360132553
361.553360132553
361.553360132553
361.553360132553
361.553360132553
361.553360132553
361.553360132553
361.553360132553
361.553360132553
361.553360132553
361.553360132553
361.553360132553
361.553360132553
361.553360132553
361.553360132553
361.553360132553
361.553360132553
361.553360132553
361.553360132553
361.553360132553
361.553360132553
361.553360132553
361.553360132553
361.553360132553
361.553360132553
361.553360132553
361.553360132553
361.553360132553
361.553360132553
361.553360132553
361.553360132553
361.553360132553
361.553360132553
361.553360132553
361.553360132553
361.553360132553
361.553360132553
361.553360132553
361.553360132553
361.553360132553
361.553360132553
361.553360132553
361.553360132553
361.553360132553
361.553360132553
361.553360132553
361.553360132553
361.553360132553
361.553360132553
361.553360132553
361.553360132553
361.553360132553
361.553360132553
361.553360132553
361.553360132553
361.553360132553
361.553360132553
361.553360132553
361.553360132553
361.553360132553
361.553360132553
361.553360132553
361.553360132553
361.553360132553
361.553360132553
361.553360132553
361.553360132553
361.553360132553
361.553360132553
361.553360132553
361.553360132553
361.553360132553
361.553360132553
361.553360132553
361.553360132553
361.553360132553
361.553360132553
361.553360132553
361.553360132553
361.553360132553
361.553360132553
361.553360132553
361.553360132553
361.553360132553
361.553360132553
361.553360132553
361.553360132553
361.553360132553

ave
512.637725193825
477.880968414676
481.232939091470
526.008785490795
464.550528392359
476.441569541445
520.282868411934
465.727862654958
485.039350343374
505.094256826282
505.174759815469
479.136408160441
500.727433784192
505.974073242447
456.731170713310
477.415399471298
463.078668524864
473.431249764177
450.881676056738
523.673235710822
455.946266091475
474.157181522369
453.153087451543
472.125428266921
466.272459758675
474.413841928358
454.076878210509
468.771497118119
470.523923938596
459.785498863445
452.854178607266
450.969566357405
463.557908935056
444.121235574510
488.237895731418
465.596013772163
446.856950495865
439.175167927798
467.339366871803
486.468351340814
452.036144457867
412.206216063591
410.469674150427
413.671530545751
421.343892564391
422.120316854909
411.300286561169
406.456639672620
407.258937116473
428.590034212233
397.524641214582
413.112992174074
409.924201914719
397.524641214582
415.764307696267
410.209342089753
425.362181614440
403.641889672619
405.274018896658
397.524641214582
400.624531389617
403.641889672619
410.125654152635
398.220765924167
400.795963365969
406.884352262811
418.728918312551
397.524641214582
397.524641214582
397.727570408973
400.719396721492
403.199909238230
446.332330527952
415.456440116077
397.524641214582
401.366243716037
400.918175721465
400.624531389617
401.193655694598
397.524641214582
400.795963365969
397.524641214582
397.524641214582
397.524641214582
399.083843493172
443.077098698966
397.524641214582
403.319985629202
404.197946774347
426.643437402537
397.524641214582
401.433572440290
403.319985629202
415.449147259670
397.524641214582
397.524641214582
400.624531389617
397.524641214582
400.795963365969
398.220765924167