最优解为:3160.977
最优解路径:

Best_route =

  1 至 24 列

    53    54    38    45    46    40     4    17    18     0     0     0     0     0     0     0     0     0     0     0     0     0     0     0
     0     0     0     0     0     0     0     0     0     0     0     0     0     0     0     0     0     0     0     0     0     0     0     0
     0     0     0     0     0     0     0     0     0     0     0     0     0     0     0     0     0     0     0     0     0     0     0     0
    19     1     3    35    36    31    32    57    58     0     0     0     0     0     0     0     0     0     0     0     0     0     0     0
    33    34     2    21    22     8    41    42    26    50     0     0     0     0     0     0     0     0     0     0     0     0     0     0
    49     7    55    56    39    25    13    14    43    44     0     0     0     0     0     0     0     0     0     0     0     0     0     0
     9    37    29    30    11    12    23    24    15    16    47    48     0     0     0     0     0     0     0     0     0     0     0     0
    51    52    10    59    60    20    27    28     5     6     0     0     0     0     0     0     0     0     0     0     0     0     0     0

  25 至 48 列

     0     0     0     0     0     0     0     0     0     0     0     0     0     0     0     0     0     0     0     0     0     0     0     0
     0     0     0     0     0     0     0     0     0     0     0     0     0     0     0     0     0     0     0     0     0     0     0     0
     0     0     0     0     0     0     0     0     0     0     0     0     0     0     0     0     0     0     0     0     0     0     0     0
     0     0     0     0     0     0     0     0     0     0     0     0     0     0     0     0     0     0     0     0     0     0     0     0
     0     0     0     0     0     0     0     0     0     0     0     0     0     0     0     0     0     0     0     0     0     0     0     0
     0     0     0     0     0     0     0     0     0     0     0     0     0     0     0     0     0     0     0     0     0     0     0     0
     0     0     0     0     0     0     0     0     0     0     0     0     0     0     0     0     0     0     0     0     0     0     0     0
     0     0     0     0     0     0     0     0     0     0     0     0     0     0     0     0     0     0     0     0     0     0     0     0

  49 至 61 列

     0     0     0     0     0     0     0     0     0     0     0     0     0
     0     0     0     0     0     0     0     0     0     0     0     0     0
     0     0     0     0     0     0     0     0     0     0     0     0     0
     0     0     0     0     0     0     0     0     0     0     0     0     0
     0     0     0     0     0     0     0     0     0     0     0     0     0
     0     0     0     0     0     0     0     0     0     0     0     0     0
     0     0     0     0     0     0     0     0     0     0     0     0     0
     0     0     0     0     0     0     0     0     0     0     0     0     0

本次运算用时:398.669秒
算法在第7代时收敛

best
3284.18374794201
3284.18374794201
3284.18374794201
3284.18374794201
3284.18374794201
3284.18374794201
3160.97698710243
3160.97698710243
3160.97698710243
3160.97698710243
3160.97698710243
3160.97698710243
3160.97698710243
3160.97698710243
3160.97698710243
3160.97698710243
3160.97698710243
3160.97698710243
3160.97698710243
3160.97698710243
3160.97698710243
3160.97698710243
3160.97698710243
3160.97698710243
3160.97698710243
3160.97698710243
3160.97698710243
3160.97698710243
3160.97698710243
3160.97698710243
3160.97698710243
3160.97698710243
3160.97698710243
3160.97698710243
3160.97698710243
3160.97698710243
3160.97698710243
3160.97698710243
3160.97698710243
3160.97698710243
3160.97698710243
3160.97698710243
3160.97698710243
3160.97698710243
3160.97698710243
3160.97698710243
3160.97698710243
3160.97698710243
3160.97698710243
3160.97698710243
3160.97698710243
3160.97698710243
3160.97698710243
3160.97698710243
3160.97698710243
3160.97698710243
3160.97698710243
3160.97698710243
3160.97698710243
3160.97698710243
3160.97698710243
3160.97698710243
3160.97698710243
3160.97698710243
3160.97698710243
3160.97698710243
3160.97698710243
3160.97698710243
3160.97698710243
3160.97698710243
3160.97698710243
3160.97698710243
3160.97698710243
3160.97698710243
3160.97698710243
3160.97698710243
3160.97698710243
3160.97698710243
3160.97698710243
3160.97698710243
3160.97698710243
3160.97698710243
3160.97698710243
3160.97698710243
3160.97698710243
3160.97698710243
3160.97698710243
3160.97698710243
3160.97698710243
3160.97698710243
3160.97698710243
3160.97698710243
3160.97698710243
3160.97698710243
3160.97698710243
3160.97698710243
3160.97698710243
3160.97698710243
3160.97698710243
3160.97698710243
3160.97698710243
3160.97698710243
3160.97698710243
3160.97698710243
3160.97698710243
3160.97698710243
3160.97698710243
3160.97698710243
3160.97698710243
3160.97698710243
3160.97698710243
3160.97698710243
3160.97698710243
3160.97698710243
3160.97698710243
3160.97698710243
3160.97698710243
3160.97698710243
3160.97698710243
3160.97698710243
3160.97698710243
3160.97698710243
3160.97698710243
3160.97698710243
3160.97698710243
3160.97698710243
3160.97698710243
3160.97698710243
3160.97698710243
3160.97698710243
3160.97698710243
3160.97698710243
3160.97698710243
3160.97698710243
3160.97698710243
3160.97698710243
3160.97698710243
3160.97698710243
3160.97698710243
3160.97698710243
3160.97698710243
3160.97698710243
3160.97698710243
3160.97698710243
3160.97698710243
3160.97698710243
3160.97698710243
3160.97698710243
3160.97698710243
3160.97698710243
3160.97698710243
3160.97698710243
3160.97698710243
3160.97698710243
3160.97698710243
3160.97698710243
3160.97698710243
3160.97698710243
3160.97698710243
3160.97698710243
3160.97698710243
3160.97698710243
3160.97698710243
3160.97698710243
3160.97698710243
3160.97698710243
3160.97698710243
3160.97698710243
3160.97698710243
3160.97698710243
3160.97698710243
3160.97698710243
3160.97698710243
3160.97698710243
3160.97698710243
3160.97698710243
3160.97698710243
3160.97698710243
3160.97698710243
3160.97698710243
3160.97698710243
3160.97698710243
3160.97698710243
3160.97698710243
3160.97698710243
3160.97698710243
3160.97698710243
3160.97698710243
3160.97698710243
3160.97698710243
3160.97698710243
3160.97698710243
3160.97698710243
3160.97698710243
3160.97698710243
3160.97698710243
3160.97698710243
3160.97698710243
3160.97698710243
3160.97698710243
3160.97698710243
3160.97698710243
3160.97698710243
3160.97698710243
3160.97698710243
3160.97698710243
3160.97698710243
3160.97698710243
3160.97698710243
3160.97698710243
3160.97698710243
3160.97698710243
3160.97698710243
3160.97698710243
3160.97698710243
3160.97698710243
3160.97698710243
3160.97698710243
3160.97698710243
3160.97698710243
3160.97698710243
3160.97698710243
3160.97698710243
3160.97698710243
3160.97698710243
3160.97698710243
3160.97698710243
3160.97698710243
3160.97698710243
3160.97698710243
3160.97698710243
3160.97698710243
3160.97698710243
3160.97698710243
3160.97698710243
3160.97698710243
3160.97698710243
3160.97698710243
3160.97698710243
3160.97698710243
3160.97698710243
3160.97698710243
3160.97698710243
3160.97698710243
3160.97698710243
3160.97698710243
3160.97698710243
3160.97698710243
3160.97698710243
3160.97698710243
3160.97698710243
3160.97698710243
3160.97698710243
3160.97698710243
3160.97698710243
3160.97698710243
3160.97698710243
3160.97698710243
3160.97698710243
3160.97698710243
3160.97698710243
3160.97698710243
3160.97698710243
3160.97698710243
3160.97698710243
3160.97698710243
3160.97698710243
3160.97698710243
3160.97698710243
3160.97698710243
3160.97698710243
3160.97698710243
3160.97698710243
3160.97698710243
3160.97698710243
3160.97698710243
3160.97698710243
3160.97698710243
3160.97698710243
3160.97698710243
3160.97698710243
3160.97698710243
3160.97698710243
3160.97698710243
3160.97698710243
3160.97698710243
3160.97698710243
3160.97698710243
3160.97698710243
3160.97698710243
