实验环境：
VeiNum = 2
Q_ant = 60
AntNum = 20 
iter_max = 100
抽取的客户节点编号为

Cus_select =

    17    71    18    55    67

各任务对应的的客户节点编号为

Task_Cus =

    17    71    18    55    67

cus
40	50
40	50
40	50
0	45
65	55
44	5
30	60
64	42

task
3	4	3	0	1
4	2	4	1	0
2	5	1	0	1
5	3	2	3	0
2	6	1	0	1
6	3	2	5	0
3	7	3	0	1
7	2	4	7	0
2	8	1	0	1
8	3	2	9	0

linktime
0	1.50778221853732	1.00778221853732	0	0.637377439199098	0	1.12943569980765	0.853553390593274	0.353553390593274	0	0.632455532033676
1.00778221853732	2.68223110374130	0	1.17444888520399	1.64411830474574	1.17444888520399	1.48660687473185	2.02800227579726	0.838525491562421	1.17444888520399	1.60175684796413
0	1.50778221853732	1.17444888520399	0	0.804044105865765	0	1.29610236647432	0.853553390593274	0.520220057259941	0	0.799122198700343
0.637377439199098	2.31182632440308	1.64411830474574	0.804044105865765	0	0.804044105865765	54.2309874518250	1.65759749645904	0.883883476483184	0.804044105865765	13.0384048104053
1.13737743919910	1.64411830474574	2.31182632440308	1.13737743919910	1.94142154506486	1.13737743919910	2.43347980567342	0.883883476483184	1.65759749645904	1.13737743919910	1.93649963789944
1.12943569980765	2.80388458501164	1.48660687473185	1.29610236647432	54.2309874518250	1.29610236647432	0	2.14965575706759	1.41884636236627	1.29610236647432	42.0594816896262
1.62943569980765	1.48660687473185	2.80388458501164	1.62943569980765	2.43347980567342	1.62943569980765	2.92553806628197	1.41884636236627	2.14965575706759	1.62943569980765	2.42855789850799
0.353553390593274	2.02800227579726	0.838525491562421	0.520220057259941	0.883883476483184	0.520220057259941	1.41884636236627	1.37377344785321	0	0.520220057259941	0.961769203083567
0	1.50778221853732	1.17444888520399	0	0.804044105865765	0	1.29610236647432	0.853553390593274	0.520220057259941	0	0.799122198700343
0.632455532033676	2.30690441723766	1.60175684796413	0.799122198700343	13.0384048104053	0.799122198700343	42.0594816896262	1.65267558929362	0.961769203083567	0.799122198700343	0
1.13245553203368	1.60175684796413	2.30690441723766	1.13245553203368	1.93649963789944	1.13245553203368	2.42855789850799	0.961769203083567	1.65267558929362	1.13245553203368	1.93157773073402


tasktime
0
0.166666666666667
1.67444888520399
1.30404410586577
0.166666666666667
1.79610236647432
0.166666666666667
0.166666666666667
1.02022005725994
1.29912219870034
0.166666666666667


1
4	2	4	0	0
2	5	1	0	1
2	6	1	0	1
7	2	4	0	0
2	8	1	0	1


2
3	4	3	0	1
5	3	2	0	0
6	3	2	0	0
3	7	3	0	1
8	3	2	0	0


linktime1
0	1.00778221853732	0	0	0.353553390593274	0
0	1.17444888520399	0	0	0.520220057259941	0
0.637377439199098	1.64411830474574	0.804044105865765	0.804044105865765	0.883883476483184	0.804044105865765
1.12943569980765	1.48660687473185	1.29610236647432	1.29610236647432	1.41884636236627	1.29610236647432
0	1.17444888520399	0	0	0.520220057259941	0
0.632455532033676	1.60175684796413	0.799122198700343	0.799122198700343	0.961769203083567	0.799122198700343

tasktime1
0
1.67444888520399
1.30404410586577
1.79610236647432
1.02022005725994
1.29912219870034

linktime2
0	1.50778221853732	0.637377439199098	1.12943569980765	0.853553390593274	0.632455532033676
1.00778221853732	2.68223110374130	1.64411830474574	1.48660687473185	2.02800227579726	1.60175684796413
1.13737743919910	1.64411830474574	1.94142154506486	2.43347980567342	0.883883476483184	1.93649963789944
1.62943569980765	1.48660687473185	2.43347980567342	2.92553806628197	1.41884636236627	2.42855789850799
0.353553390593274	2.02800227579726	0.883883476483184	1.41884636236627	1.37377344785321	0.961769203083567
1.13245553203368	1.60175684796413	1.93649963789944	2.42855789850799	0.961769203083567	1.93157773073402

tasktime2
0
0.166666666666667
0.166666666666667
0.166666666666667
0.166666666666667
0.166666666666667