最优解为:314.6111
最优解路径:

Best_route =

     0     0     0     0     0     0
     4     2     1     3     5     0

本次运算用时:1.343秒
算法在第18代时收敛

best
316.108218853890
316.108218853890
316.108218853890
316.108218853890
316.108218853890
316.108218853890
316.108218853890
316.108218853890
316.108218853890
316.108218853890
316.108218853890
316.108218853890
316.108218853890
316.108218853890
316.108218853890
316.108218853890
316.108218853890
314.611091172062
314.611091172062
314.611091172062
314.611091172062
314.611091172062
314.611091172062
314.611091172062
314.611091172062
314.611091172062
314.611091172062
314.611091172062
314.611091172062
314.611091172062
314.611091172062
314.611091172062
314.611091172062
314.611091172062
314.611091172062
314.611091172062
314.611091172062
314.611091172062
314.611091172062
314.611091172062
314.611091172062
314.611091172062
314.611091172062
314.611091172062
314.611091172062
314.611091172062
314.611091172062
314.611091172062
314.611091172062
314.611091172062
314.611091172062
314.611091172062
314.611091172062
314.611091172062
314.611091172062
314.611091172062
314.611091172062
314.611091172062
314.611091172062
314.611091172062
314.611091172062
314.611091172062
314.611091172062
314.611091172062
314.611091172062
314.611091172062
314.611091172062
314.611091172062
314.611091172062
314.611091172062
314.611091172062
314.611091172062
314.611091172062
314.611091172062
314.611091172062
314.611091172062
314.611091172062
314.611091172062
314.611091172062
314.611091172062
314.611091172062
314.611091172062
314.611091172062
314.611091172062
314.611091172062
314.611091172062
314.611091172062
314.611091172062
314.611091172062
314.611091172062
314.611091172062
314.611091172062
314.611091172062
314.611091172062
314.611091172062
314.611091172062
314.611091172062
314.611091172062
314.611091172062
314.611091172062

ave
320.669914418226
319.928625472034
321.165887099850
336.616843944261
320.022704017558
318.659042000102
349.549387443877
334.233850607596
348.429956131247
334.292850178161
332.754703941321
349.503356236891
318.604641819767
317.333184923528
317.225427607580
347.210353183863
316.705347659221
317.809003941321
332.327180586359
316.162518853890
317.937639085011
332.754703941321
346.684791275130
316.162518853890
346.150160566457
316.606298911671
316.890325995440
317.534929514245
316.108218853890
316.108218853890
316.162518853890
316.108218853890
316.162518853890
316.551998911671
317.498929409592
331.108218853890
331.108218853890
330.979062469799
316.108218853890
331.162518853890
316.108218853890
316.108218853890
331.279316950549
331.108218853890
316.108218853890
316.108218853890
316.108218853890
316.333616950549
316.108218853890
316.108218853890
316.108218853890
316.108218853890
316.108218853890
316.108218853890
316.108218853890
316.108218853890
316.108218853890
316.108218853890
330.979062469799
316.108218853890
316.108218853890
316.108218853890
316.108218853890
316.108218853890
316.108218853890
316.108218853890
316.108218853890
316.108218853890
316.108218853890
316.108218853890
316.108218853890
316.108218853890
316.108218853890
316.551998911671
316.108218853890
316.108218853890
316.108218853890
316.108218853890
316.108218853890
316.108218853890
316.108218853890
316.108218853890
331.108218853890
316.108218853890
316.108218853890
316.108218853890
331.279316950549
316.108218853890
316.108218853890
316.108218853890
316.108218853890
316.108218853890
316.108218853890
316.108218853890
316.108218853890
316.108218853890
331.108218853890
316.108218853890
316.108218853890
316.108218853890