实验环境：
VeiNum = 2
Q_ant = 150
AntNum = 20 
iter_max = 200
抽取的客户节点编号为

Cus_select =

    77    80     5    99   100    60    19    76

各任务对应的的客户节点编号为

Task_Cus =

    77    80     5    99   100    60    19    76

cus
40	50
40	50
40	50
23	3
47	47
20	85
26	35
31	67
15	60
42	10
60	12

task
2	4	1	0	1
4	3	2	1	0
3	5	3	0	1
5	2	4	3	0
2	6	1	0	1
6	3	2	5	0
2	7	1	0	1
7	3	2	7	0
2	8	1	0	1
8	3	2	9	0
2	9	1	0	1
9	3	2	11	0
3	10	3	0	1
10	2	4	13	0
3	11	3	0	1
11	2	4	15	0

linktime
0	0	1.24949989995998	0.690394327646598	0.190394327646598	0	1.00778221853732	0	0.512957113217080	0	0.480884601541784	0	0.673145600891813	1.50124921972504	1.00124921972504	1.57354552767919	1.07354552767919
1.24949989995998	1.41616656662665	0	2.10656089427324	1.25299640861417	1.41616656662665	82.0548596976438	1.41616656662665	32.1403173599764	1.41616656662665	64.4980619863884	1.41616656662665	57.5586657246326	2.91741578635169	0.506211418282915	2.98971209430584	0.951971638232989
1.74949989995998	1.74949989995998	3.16566646658663	1.25299640861417	2.10656089427324	1.74949989995998	2.92394878516397	1.74949989995998	2.42912367984373	1.74949989995998	2.39705116816843	1.74949989995998	2.58931216751846	0.506211418282915	2.91741578635169	0.951971638232989	2.98971209430584
0.190394327646598	0.357060994313264	1.25299640861417	1.04745532195986	0	0.357060994313264	1.16538620208067	0.357060994313264	0.604669331122391	0.357060994313264	0.640312423743285	0.357060994313264	0.863495801958527	1.85831021403830	0.933407735129724	1.93060652199246	0.933407735129724
0	0	1.41616656662665	0.690394327646598	0.357060994313264	0	1.17444888520399	0	0.679623779883746	0	0.647551268208450	0	0.839812267558480	1.50124921972504	1.16791588639171	1.57354552767919	1.24021219434586
1.00778221853732	1.17444888520399	82.0548596976438	1.86484321285058	1.16538620208067	1.17444888520399	0	1.17444888520399	50.3587132480567	1.17444888520399	21.0950231097290	1.17444888520399	25.4950975679639	2.67569810492902	1.95400230296691	2.74799441288318	2.08101537716568
1.50778221853732	1.50778221853732	2.92394878516397	1.16538620208067	1.86484321285058	1.50778221853732	2.68223110374130	1.50778221853732	2.18740599842107	1.50778221853732	2.15533348674577	1.50778221853732	2.34759448609580	1.95400230296691	2.67569810492902	2.08101537716568	2.74799441288318
0.512957113217080	0.679623779883746	32.1403173599764	1.37001810753034	0.604669331122391	0.679623779883746	50.3587132480567	0.679623779883746	0	0.679623779883746	32.3882694814033	0.679623779883746	27.3130005674953	2.18087299960879	0.742041103982792	2.25316930756294	1.02621878758869
1.01295711321708	1.01295711321708	2.42912367984373	0.604669331122391	1.37001810753034	1.01295711321708	2.18740599842107	1.01295711321708	1.69258089310083	1.01295711321708	1.66050838142553	1.01295711321708	1.85276938077556	0.742041103982792	2.18087299960879	1.02621878758869	2.25316930756294
0.480884601541784	0.647551268208450	64.4980619863884	1.33794559585505	0.640312423743285	0.647551268208450	21.0950231097290	0.647551268208450	32.3882694814033	0.647551268208450	0	0.647551268208450	17.4642491965730	2.14880048793349	1.45129252737000	2.22109679588765	1.55442915567098
0.980884601541784	0.980884601541784	2.39705116816843	0.640312423743285	1.33794559585505	0.980884601541784	2.15533348674577	0.980884601541784	1.66050838142553	0.980884601541784	1.62843586975023	0.980884601541784	1.82069686910026	1.45129252737000	2.14880048793349	1.55442915567098	2.22109679588765
0.673145600891813	0.839812267558480	57.5586657246326	1.53020659520508	0.863495801958527	0.839812267558480	25.4950975679639	0.839812267558480	27.3130005674953	0.839812267558480	17.4642491965730	0.839812267558480	0	2.34106148728352	1.42060726451754	2.41335779523767	1.64487841495960
1.17314560089181	1.17314560089181	2.58931216751846	0.863495801958527	1.53020659520508	1.17314560089181	2.34759448609580	1.17314560089181	1.85276938077556	1.17314560089181	1.82069686910026	1.17314560089181	2.01295786845029	1.42060726451754	2.34106148728352	1.64487841495960	2.41335779523767
1.00124921972504	1.16791588639171	0.506211418282915	1.85831021403830	0.933407735129724	1.16791588639171	1.95400230296691	1.16791588639171	0.742041103982792	1.16791588639171	1.45129252737000	1.16791588639171	1.42060726451754	2.66916510611675	0	2.74146141407090	0.452769256906871
0	0	1.41616656662665	0.690394327646598	0.357060994313264	0	1.17444888520399	0	0.679623779883746	0	0.647551268208450	0	0.839812267558480	1.50124921972504	1.16791588639171	1.57354552767919	1.24021219434586
1.07354552767919	1.24021219434586	0.951971638232989	1.93060652199246	0.933407735129724	1.24021219434586	2.08101537716568	1.24021219434586	1.02621878758869	1.24021219434586	1.55442915567098	1.24021219434586	1.64487841495960	2.74146141407090	0.452769256906871	2.81375772202506	0
0	0	1.41616656662665	0.690394327646598	0.357060994313264	0	1.17444888520399	0	0.679623779883746	0	0.647551268208450	0	0.839812267558480	1.50124921972504	1.16791588639171	1.57354552767919	1.24021219434586

tasktime
0
1.91616656662665
0.166666666666667
0.166666666666667
0.857060994313264
1.67444888520399
0.166666666666667
1.17962377988375
0.166666666666667
1.14755126820845
0.166666666666667
1.33981226755848
0.166666666666667
0.166666666666667
1.66791588639171
0.166666666666667
1.74021219434586


1
2	4	1	0	1
5	2	4	0	0
2	6	1	0	1
2	7	1	0	1
2	8	1	0	1
2	9	1	0	1
10	2	4	0	0
11	2	4	0	0

2
4	3	2	0	0
3	5	3	0	1
6	3	2	0	0
7	3	2	0	0
8	3	2	0	0
9	3	2	0	0
3	10	3	0	1
3	11	3	0	1

linktime1
0	0	0.190394327646598	0	0	0	0	1.00124921972504	1.07354552767919
1.24949989995998	1.41616656662665	1.25299640861417	1.41616656662665	1.41616656662665	1.41616656662665	1.41616656662665	0.506211418282915	0.951971638232989
0	0	0.357060994313264	0	0	0	0	1.16791588639171	1.24021219434586
1.00778221853732	1.17444888520399	1.16538620208067	1.17444888520399	1.17444888520399	1.17444888520399	1.17444888520399	1.95400230296691	2.08101537716568
0.512957113217080	0.679623779883746	0.604669331122391	0.679623779883746	0.679623779883746	0.679623779883746	0.679623779883746	0.742041103982792	1.02621878758869
0.480884601541784	0.647551268208450	0.640312423743285	0.647551268208450	0.647551268208450	0.647551268208450	0.647551268208450	1.45129252737000	1.55442915567098
0.673145600891813	0.839812267558480	0.863495801958527	0.839812267558480	0.839812267558480	0.839812267558480	0.839812267558480	1.42060726451754	1.64487841495960
0	0	0.357060994313264	0	0	0	0	1.16791588639171	1.24021219434586
0	0	0.357060994313264	0	0	0	0	1.16791588639171	1.24021219434586

tasktime1
0
1.91616656662665
0.857060994313264
1.67444888520399
1.17962377988375
1.14755126820845
1.33981226755848
1.66791588639171
1.74021219434586

linktime2
0	1.24949989995998	0.690394327646598	1.00778221853732	0.512957113217080	0.480884601541784	0.673145600891813	1.50124921972504	1.57354552767919
1.74949989995998	3.16566646658663	1.25299640861417	2.92394878516397	2.42912367984373	2.39705116816843	2.58931216751846	0.506211418282915	0.951971638232989
0.190394327646598	1.25299640861417	1.04745532195986	1.16538620208067	0.604669331122391	0.640312423743285	0.863495801958527	1.85831021403830	1.93060652199246
1.50778221853732	2.92394878516397	1.16538620208067	2.68223110374130	2.18740599842107	2.15533348674577	2.34759448609580	1.95400230296691	2.08101537716568
1.01295711321708	2.42912367984373	0.604669331122391	2.18740599842107	1.69258089310083	1.66050838142553	1.85276938077556	0.742041103982792	1.02621878758869
0.980884601541784	2.39705116816843	0.640312423743285	2.15533348674577	1.66050838142553	1.62843586975023	1.82069686910026	1.45129252737000	1.55442915567098
1.17314560089181	2.58931216751846	0.863495801958527	2.34759448609580	1.85276938077556	1.82069686910026	2.01295786845029	1.42060726451754	1.64487841495960
1.00124921972504	0.506211418282915	1.85831021403830	1.95400230296691	0.742041103982792	1.45129252737000	1.42060726451754	2.66916510611675	2.74146141407090
