实验环境：
VeiNum = 2
Q_ant =75（trad100）
AntNum = 20 
iter_max = 200
抽取的客户节点编号为

Cus_select =

    48    23   100    29    43    42

各任务对应的的客户节点编号为

Task_Cus =

    48    23   100    29    43    42

cus：
35	35
35	35
35	35
13	52
55	5
18	18
64	42
23	3
24	12


task：
3	4	3	0	1
4	2	4	1	0
3	5	3	0	1
5	2	4	3	0
3	6	3	0	1
6	2	4	5	0
2	7	1	0	1
7	3	2	7	0
2	8	1	0	1
8	3	2	9	0
2	9	1	0	1
9	3	2	11	0


linktime
0	1.19507193872289	0.695071938722892	1.40138781886600	0.901387818865997	1.10104076400857	0.601040764008565	0	0.745821694508815	0	0.854400374531753	0	0.637377439199098
0.695071938722892	2.05681054411245	0	2.26312642425556	1.57579345093194	1.96277936939812	0.859142013871979	0.861738605389559	1.29927864601863	0.861738605389559	1.25024997500500	0.861738605389559	1.03712342563458
0	1.19507193872289	0.861738605389559	1.40138781886600	1.06805448553266	1.10104076400857	0.767707430675232	0	0.912488361175482	0	1.02106704119842	0	0.804044105865765
0.901387818865997	2.26312642425556	1.57579345093194	2.46944230439866	0	2.16909524954123	0.980433577556379	1.06805448553266	0.951971638232989	1.06805448553266	0.801560977094070	1.06805448553266	0.794512429103535
0	1.19507193872289	0.861738605389559	1.40138781886600	1.06805448553266	1.10104076400857	0.767707430675232	0	0.912488361175482	0	1.02106704119842	0	0.804044105865765
0.601040764008565	1.96277936939812	0.859142013871979	2.16909524954123	0.980433577556379	1.86874819468380	0	0.767707430675232	1.29711217710728	0.767707430675232	0.395284707521047	0.767707430675232	0.212132034355964
0	1.19507193872289	0.861738605389559	1.40138781886600	1.06805448553266	1.10104076400857	0.767707430675232	0	0.912488361175482	0	1.02106704119842	0	0.804044105865765
0.745821694508815	2.10756029989837	1.29927864601863	2.31387618004148	0.951971638232989	2.01352912518405	1.29711217710728	0.912488361175482	0	0.912488361175482	56.5862174031804	0.912488361175482	50
1.24582169450882	1.29927864601863	2.10756029989837	0.951971638232989	2.31387618004148	1.29711217710728	2.01352912518405	1.24582169450882	2.15831005568430	1.24582169450882	2.26688873570724	1.24582169450882	2.04986580037458
0.854400374531753	2.21613897992131	1.25024997500500	2.42245486006442	0.801560977094070	2.12210780520699	0.395284707521047	1.02106704119842	56.5862174031804	1.02106704119842	0	1.02106704119842	9.05538513813742
1.35440037453175	1.25024997500500	2.21613897992131	0.801560977094070	2.42245486006442	0.395284707521047	2.12210780520699	1.35440037453175	2.26688873570724	1.35440037453175	2.37546741573017	1.35440037453175	2.15844448039752
0.637377439199098	1.99911604458866	1.03712342563458	2.20543192473176	0.794512429103535	1.90508486987433	0.212132034355964	0.804044105865765	50	0.804044105865765	9.05538513813742	0.804044105865765	0
1.13737743919910	1.03712342563458	1.99911604458866	0.794512429103535	2.20543192473176	0.212132034355964	1.90508486987433	1.13737743919910	2.04986580037458	1.13737743919910	2.15844448039752	1.13737743919910	1.94142154506486


tasktime
0
0.166666666666667
1.36173860538956
0.166666666666667
1.56805448553266
0.166666666666667
1.26770743067523
1.41248836117548
0.166666666666667
1.52106704119842
0.166666666666667
1.30404410586577
0.166666666666667

1
4	2	4	0	0
5	2	4	0	0
6	2	4	0	0
2	7	1	0	1
2	8	1	0	1
2	9	1	0	1


2
3	4	3	0	1
3	5	3	0	1
3	6	3	0	1
7	3	2	0	0
8	3	2	0	0
9	3	2	0	0



linktime1
0	0.695071938722892	0.901387818865997	0.601040764008565	0	0	0
0	0.861738605389559	1.06805448553266	0.767707430675232	0	0	0
0	0.861738605389559	1.06805448553266	0.767707430675232	0	0	0
0	0.861738605389559	1.06805448553266	0.767707430675232	0	0	0
0.745821694508815	1.29927864601863	0.951971638232989	1.29711217710728	0.912488361175482	0.912488361175482	0.912488361175482
0.854400374531753	1.25024997500500	0.801560977094070	0.395284707521047	1.02106704119842	1.02106704119842	1.02106704119842
0.637377439199098	1.03712342563458	0.794512429103535	0.212132034355964	0.804044105865765	0.804044105865765	0.804044105865765

tasktime1
0
1.36173860538956
1.56805448553266
1.26770743067523
1.41248836117548
1.52106704119842
1.30404410586577


linktime2
0	1.19507193872289	1.40138781886600	1.10104076400857	0.745821694508815	0.854400374531753	0.637377439199098
0.695071938722892	2.05681054411245	2.26312642425556	1.96277936939812	1.29927864601863	1.25024997500500	1.03712342563458
0.901387818865997	2.26312642425556	2.46944230439866	2.16909524954123	0.951971638232989	0.801560977094070	0.794512429103535
0.601040764008565	1.96277936939812	2.16909524954123	1.86874819468380	1.29711217710728	0.395284707521047	0.212132034355964
1.24582169450882	1.29927864601863	0.951971638232989	1.29711217710728	2.15831005568430	2.26688873570724	2.04986580037458
1.35440037453175	1.25024997500500	0.801560977094070	0.395284707521047	2.26688873570724	2.37546741573017	2.15844448039752
1.13737743919910	1.03712342563458	0.794512429103535	0.212132034355964	2.04986580037458	2.15844448039752	1.94142154506486


tasktime2
0
0.166666666666667
0.166666666666667
0.166666666666667
0.166666666666667
0.166666666666667
0.166666666666667