最优解为:888.1951
最优解路径:

Best_route =

     1     5     6     2     0     0     0     0     0     0     0     0     0
     7     3     4     9    10     8    11    12     0     0     0     0     0

本次运算用时:6.032秒
算法在第91代时收敛

best
929.798249241827
929.798249241827
929.798249241827
929.798249241827
929.798249241827
929.798249241827
929.798249241827
929.798249241827
929.798249241827
929.798249241827
929.798249241827
929.798249241827
929.798249241827
929.798249241827
929.798249241827
929.798249241827
929.798249241827
929.798249241827
929.798249241827
929.798249241827
929.798249241827
929.798249241827
929.798249241827
929.798249241827
929.798249241827
929.798249241827
929.798249241827
929.798249241827
929.798249241827
929.798249241827
929.798249241827
929.798249241827
929.798249241827
929.798249241827
929.798249241827
929.798249241827
929.798249241827
929.798249241827
929.798249241827
929.798249241827
929.798249241827
929.798249241827
929.798249241827
929.798249241827
929.798249241827
929.798249241827
929.798249241827
929.798249241827
929.798249241827
929.798249241827
929.798249241827
929.798249241827
929.798249241827
929.798249241827
929.798249241827
929.798249241827
929.798249241827
929.798249241827
929.798249241827
929.798249241827
929.798249241827
929.798249241827
929.798249241827
929.798249241827
929.798249241827
929.798249241827
929.798249241827
929.798249241827
929.798249241827
928.178048778344
928.178048778344
928.178048778344
928.178048778344
928.178048778344
928.178048778344
928.178048778344
928.178048778344
928.178048778344
928.178048778344
928.178048778344
928.178048778344
928.178048778344
928.178048778344
928.178048778344
928.178048778344
928.178048778344
928.178048778344
928.178048778344
928.178048778344
928.178048778344
888.195144085078
888.195144085078
888.195144085078
888.195144085078
888.195144085078
888.195144085078
888.195144085078
888.195144085078
888.195144085078
888.195144085078
888.195144085078
888.195144085078
888.195144085078
888.195144085078
888.195144085078
888.195144085078
888.195144085078
888.195144085078
888.195144085078
888.195144085078
888.195144085078
888.195144085078
888.195144085078
888.195144085078
888.195144085078
888.195144085078
888.195144085078
888.195144085078
888.195144085078
888.195144085078
888.195144085078
888.195144085078
888.195144085078
888.195144085078
888.195144085078
888.195144085078
888.195144085078
888.195144085078
888.195144085078
888.195144085078
888.195144085078
888.195144085078
888.195144085078
888.195144085078
888.195144085078
888.195144085078
888.195144085078
888.195144085078
888.195144085078
888.195144085078
888.195144085078
888.195144085078
888.195144085078
888.195144085078
888.195144085078
888.195144085078
888.195144085078
888.195144085078
888.195144085078
888.195144085078
888.195144085078
888.195144085078
888.195144085078
888.195144085078
888.195144085078
888.195144085078
888.195144085078
888.195144085078
888.195144085078
888.195144085078
888.195144085078
888.195144085078
888.195144085078
888.195144085078
888.195144085078
888.195144085078
888.195144085078
888.195144085078
888.195144085078
888.195144085078
888.195144085078
888.195144085078
888.195144085078
888.195144085078
888.195144085078
888.195144085078
888.195144085078
888.195144085078
888.195144085078
888.195144085078
888.195144085078
888.195144085078
888.195144085078
888.195144085078
888.195144085078
888.195144085078
888.195144085078
888.195144085078
888.195144085078
888.195144085078
888.195144085078
888.195144085078
888.195144085078
888.195144085078
888.195144085078
888.195144085078
888.195144085078
888.195144085078
888.195144085078
888.195144085078

ave
1202.06806491342
1266.83811349702
1302.69181119245
1342.15452611536
1245.43122145299
1140.54993383612
1086.52270359362
1254.01614693776
1141.46327382407
1183.93208464294
1091.71891133890
1028.75102829605
1023.99776278464
1060.53035595254
1109.15678071166
1039.15015898704
1006.77720529358
1141.57912547509
1124.95979245647
970.548725864930
1103.89993106090
1016.59907828026
1019.50448241051
1005.10326004891
1005.92862481105
1013.78030811554
969.654535731050
997.892951140756
969.341716065057
938.160028112549
966.636190806524
943.640125432668
1000.02618632870
1054.36022896383
972.531987708167
938.160028112549
933.669705564604
968.493312698531
991.202852534827
1001.66247920222
942.898525672832
1070.19995940792
939.164627786803
943.243622108965
969.684393819797
939.636106784463
969.160443509960
1071.61009437058
963.600890969348
975.533693409065
938.730700672832
933.967428934013
939.028424042241
964.506297080979
963.420269230530
933.419355261918
1000.49627555019
967.173269230529
963.303167599939
933.371982195195
933.371982195195
933.371982195195
933.371982195195
933.669705564604
992.553030660493
933.371982195195
963.005444230529
963.122545861120
933.669705564604
1021.11950152213
967.558770472728
966.240189441704
934.910861744211
978.550786537053
995.575928107630
939.933830153872
933.669705564604
933.669705564604
996.461886865914
997.135038489354
933.371982195195
934.359898436870
962.745747559687
1031.37047132204
1000.95434597480
963.750080843877
987.421047303051
933.669705564604
993.038446443079
964.293973476860
990.826977604297
933.669705564604
996.017182970904
967.126148199989
963.005444230530
963.052817297253
968.424014867578
933.419355261918
961.284059960664
963.103875512234
963.005444230529
933.371982195195
961.832170066446
964.888389110931
933.404904874424
967.833453988138
933.452277941148
933.764451698051
933.371982195195
933.669705564604
970.705737811113
966.240189441704
996.842706040271
933.371982195195
933.371982195195
933.371982195195
992.043459527045
933.470608647476
967.833453988138
1023.77322115165
933.371982195195
933.371982195195
933.371982195195
933.669705564604
933.371982195195
992.090832593769
933.371982195195
933.371982195195
962.707720861120
969.334306838587
967.356953494277
1054.08246790656
938.432977303423
933.371982195195
937.837530564604
933.371982195195
992.043459527045
962.707720861120
962.707720861120
992.873109527045
962.689050512234
933.371982195195
962.707720861120
933.669705564604
933.757231401210
967.833453988138
933.371982195195
933.371982195195
933.371982195195
1051.12976185890
938.730700672832
933.669705564604
962.707720861120
962.707720861120
937.837530564604
933.371982195195
963.005444230530
964.968495147703
933.669705564604
933.371982195195
933.371982195195
963.005444230530
964.506297080979
937.837530564604
933.371982195195
962.707720861120
933.669705564604
938.135253934013
933.371982195195
996.509007896455
963.303167599939
933.371982195195
992.458284527046
941.434683004321
933.669705564604
992.418887781076
962.707720861120
962.707720861120
933.669705564604
962.707720861120
962.707720861120
967.813819100167
962.707720861120
963.122545861120
963.005444230530
962.707720861120
972.526087181474
962.966047484559
969.316941886521
933.371982195195
997.789329327488
992.341182896455
1054.62283369351
933.757231401210
933.371982195195
933.669705564604
996.923832896455
964.689981344727
933.669705564604
962.707720861120