最优解为:1829.48
最优解路径:

Best_route =

  1 至 24 列

     1    29     5    27    19    20     4    13    14     0     0     0     0     0     0     0     0     0     0     0     0     0     0     0
     9    10     6     0     0     0     0     0     0     0     0     0     0     0     0     0     0     0     0     0     0     0     0     0
     2     7     8    30    17    18    23    24    15    16     0     0     0     0     0     0     0     0     0     0     0     0     0     0
     0     0     0     0     0     0     0     0     0     0     0     0     0     0     0     0     0     0     0     0     0     0     0     0
    25    26    11    12    21     3    22    28     0     0     0     0     0     0     0     0     0     0     0     0     0     0     0     0

  25 至 31 列

     0     0     0     0     0     0     0
     0     0     0     0     0     0     0
     0     0     0     0     0     0     0
     0     0     0     0     0     0     0
     0     0     0     0     0     0     0

本次运算用时:298.14秒
算法在第261代时收敛

best
1858.25712733069
1847.42322784227
1846.78875360130
1846.78875360130
1846.78875360130
1846.78875360130
1846.78875360130
1846.78875360130
1846.78875360130
1846.78875360130
1846.78875360130
1846.78875360130
1846.78875360130
1846.78875360130
1846.78875360130
1846.78875360130
1846.78875360130
1846.78875360130
1846.78875360130
1846.78875360130
1846.78875360130
1846.78875360130
1846.78875360130
1846.78875360130
1846.78875360130
1846.78875360130
1846.78875360130
1846.78875360130
1846.78875360130
1846.78875360130
1846.78875360130
1846.78875360130
1846.78875360130
1846.78875360130
1846.78875360130
1846.78875360130
1846.78875360130
1846.78875360130
1846.78875360130
1846.78875360130
1846.78875360130
1846.78875360130
1846.78875360130
1846.78875360130
1846.78875360130
1846.78875360130
1846.78875360130
1846.78875360130
1846.78875360130
1846.78875360130
1846.78875360130
1846.78875360130
1846.78875360130
1846.78875360130
1846.78875360130
1846.78875360130
1846.78875360130
1846.78875360130
1846.78875360130
1846.78875360130
1846.78875360130
1846.78875360130
1846.78875360130
1846.78875360130
1846.78875360130
1846.78875360130
1846.78875360130
1846.78875360130
1846.78875360130
1846.78875360130
1846.78875360130
1846.78875360130
1846.78875360130
1846.78875360130
1846.78875360130
1846.78875360130
1846.78875360130
1846.78875360130
1846.78875360130
1846.78875360130
1846.78875360130
1846.78875360130
1846.78875360130
1846.78875360130
1846.78875360130
1846.78875360130
1846.78875360130
1846.78875360130
1846.78875360130
1846.78875360130
1846.78875360130
1846.78875360130
1846.78875360130
1846.78875360130
1846.78875360130
1846.78875360130
1846.78875360130
1846.78875360130
1846.78875360130
1846.78875360130
1846.78875360130
1846.78875360130
1846.78875360130
1846.78875360130
1846.78875360130
1846.78875360130
1846.78875360130
1846.78875360130
1846.78875360130
1846.78875360130
1846.78875360130
1846.78875360130
1846.78875360130
1846.78875360130
1846.78875360130
1846.78875360130
1846.78875360130
1846.78875360130
1846.78875360130
1846.78875360130
1846.78875360130
1846.78875360130
1846.78875360130
1846.78875360130
1846.78875360130
1846.78875360130
1846.78875360130
1846.78875360130
1846.78875360130
1846.78875360130
1846.78875360130
1846.78875360130
1846.78875360130
1846.78875360130
1846.78875360130
1846.78875360130
1846.78875360130
1846.78875360130
1846.78875360130
1846.78875360130
1846.78875360130
1846.78875360130
1846.78875360130
1846.78875360130
1846.78875360130
1846.78875360130
1846.78875360130
1846.78875360130
1846.78875360130
1846.78875360130
1846.78875360130
1846.78875360130
1846.78875360130
1846.78875360130
1846.78875360130
1846.78875360130
1846.78875360130
1846.78875360130
1846.78875360130
1846.78875360130
1846.78875360130
1846.78875360130
1846.78875360130
1846.78875360130
1846.78875360130
1846.78875360130
1846.78875360130
1846.78875360130
1846.78875360130
1846.78875360130
1846.78875360130
1846.78875360130
1846.78875360130
1846.78875360130
1846.78875360130
1846.78875360130
1846.78875360130
1846.78875360130
1846.78875360130
1846.78875360130
1846.78875360130
1846.78875360130
1846.78875360130
1846.78875360130
1846.78875360130
1846.78875360130
1846.78875360130
1846.78875360130
1846.78875360130
1846.78875360130
1846.78875360130
1846.78875360130
1846.78875360130
1846.78875360130
1846.78875360130
1846.78875360130
1846.78875360130
1846.78875360130
1846.78875360130
1846.78875360130
1846.78875360130
1846.78875360130
1846.78875360130
1846.78875360130
1846.78875360130
1846.78875360130
1846.78875360130
1846.78875360130
1846.78875360130
1846.78875360130
1846.78875360130
1846.78875360130
1846.78875360130
1846.78875360130
1846.78875360130
1846.78875360130
1846.78875360130
1846.78875360130
1846.78875360130
1846.78875360130
1846.78875360130
1846.78875360130
1846.78875360130
1846.78875360130
1846.78875360130
1846.78875360130
1846.78875360130
1846.78875360130
1846.78875360130
1846.78875360130
1846.78875360130
1846.78875360130
1846.78875360130
1846.78875360130
1846.78875360130
1846.78875360130
1846.78875360130
1846.78875360130
1846.78875360130
1846.78875360130
1846.78875360130
1846.78875360130
1846.78875360130
1846.78875360130
1846.78875360130
1846.78875360130
1846.78875360130
1846.78875360130
1846.78875360130
1846.78875360130
1846.78875360130
1846.78875360130
1846.78875360130
1830.03307579162
1830.03307579162
1830.03307579162
1830.03307579162
1830.03307579162
1830.03307579162
1830.03307579162
1829.48000773592
1829.48000773592
1829.48000773592
1829.48000773592
1829.48000773592
1829.48000773592
1829.48000773592
1829.48000773592
1829.48000773592
1829.48000773592
1829.48000773592
1829.48000773592
1829.48000773592
1829.48000773592
1829.48000773592
1829.48000773592
1829.48000773592
1829.48000773592
1829.48000773592
1829.48000773592
1829.48000773592
1829.48000773592
1829.48000773592
1829.48000773592
1829.48000773592
1829.48000773592
1829.48000773592
1829.48000773592
1829.48000773592
1829.48000773592
1829.48000773592
1829.48000773592
1829.48000773592
1829.48000773592
1829.48000773592
1829.48000773592
1829.48000773592
1829.48000773592
1829.48000773592
1829.48000773592
1829.48000773592
1829.48000773592
1829.48000773592
1829.48000773592
1829.48000773592
1829.48000773592
1829.48000773592
1829.48000773592
1829.48000773592
1829.48000773592
1829.48000773592
1829.48000773592
1829.48000773592
1829.48000773592
1829.48000773592
1829.48000773592
1829.48000773592
1829.48000773592
1829.48000773592
1829.48000773592
1829.48000773592
1829.48000773592
1829.48000773592
1829.48000773592
1829.48000773592
1829.48000773592
1829.48000773592
1829.48000773592
1829.48000773592
1829.48000773592
1829.48000773592
1829.48000773592
1829.48000773592
1829.48000773592
1829.48000773592
1829.48000773592
1829.48000773592
1829.48000773592
1829.48000773592
1829.48000773592
1829.48000773592
1829.48000773592
1829.48000773592
1829.48000773592
1829.48000773592
1829.48000773592
1829.48000773592
1829.48000773592
1829.48000773592
1829.48000773592
1829.48000773592
1829.48000773592
1829.48000773592
1829.48000773592
1829.48000773592
1829.48000773592
1829.48000773592
1829.48000773592
1829.48000773592
1829.48000773592
1829.48000773592
1829.48000773592
1829.48000773592
1829.48000773592
1829.48000773592
1829.48000773592
1829.48000773592
1829.48000773592
1829.48000773592
1829.48000773592
1829.48000773592
1829.48000773592
1829.48000773592
1829.48000773592
1829.48000773592
1829.48000773592
1829.48000773592
1829.48000773592
1829.48000773592
1829.48000773592
1829.48000773592
1829.48000773592
1829.48000773592
1829.48000773592
1829.48000773592
1829.48000773592
1829.48000773592
1829.48000773592
1829.48000773592
1829.48000773592
1829.48000773592
1829.48000773592
1829.48000773592
1829.48000773592
1829.48000773592
1829.48000773592
1829.48000773592
1829.48000773592
1829.48000773592
1829.48000773592
1829.48000773592
1829.48000773592
1829.48000773592
1829.48000773592
1829.48000773592
1829.48000773592
1829.48000773592
1829.48000773592
1829.48000773592
