最优解为:1831.1577
最优解路径:

Best_route =

  1 至 24 列

    19    20     6    25    26    28    13    14     0     0     0     0     0     0     0     0     0     0     0     0     0     0     0     0
     7     8     4    15    16     1     0     0     0     0     0     0     0     0     0     0     0     0     0     0     0     0     0     0
    29     5     3    23    11    12    30    17    18    24     0     0     0     0     0     0     0     0     0     0     0     0     0     0
     0     0     0     0     0     0     0     0     0     0     0     0     0     0     0     0     0     0     0     0     0     0     0     0
     9    10    27    21    22     2     0     0     0     0     0     0     0     0     0     0     0     0     0     0     0     0     0     0

  25 至 31 列

     0     0     0     0     0     0     0
     0     0     0     0     0     0     0
     0     0     0     0     0     0     0
     0     0     0     0     0     0     0
     0     0     0     0     0     0     0

本次运算用时:92.453秒
算法在第291代时收敛

best
1894.21077878680
1882.64218355634
1882.64218355634
1882.64218355634
1882.64218355634
1882.64218355634
1859.45568172617
1859.45568172617
1859.45568172617
1859.45568172617
1859.45568172617
1859.45568172617
1859.45568172617
1859.45568172617
1859.45568172617
1859.45568172617
1859.45568172617
1859.45568172617
1859.45568172617
1859.45568172617
1859.45568172617
1859.45568172617
1859.45568172617
1859.45568172617
1859.45568172617
1859.45568172617
1859.45568172617
1859.45568172617
1859.45568172617
1859.45568172617
1859.45568172617
1859.45568172617
1859.45568172617
1859.45568172617
1859.45568172617
1859.45568172617
1859.45568172617
1859.45568172617
1859.45568172617
1859.45568172617
1859.45568172617
1859.45568172617
1859.45568172617
1859.45568172617
1859.45568172617
1859.45568172617
1859.45568172617
1859.45568172617
1859.45568172617
1859.45568172617
1859.45568172617
1859.45568172617
1859.45568172617
1859.45568172617
1859.45568172617
1859.45568172617
1859.45568172617
1859.45568172617
1859.45568172617
1859.45568172617
1859.45568172617
1859.45568172617
1859.45568172617
1859.45568172617
1859.45568172617
1859.45568172617
1859.45568172617
1859.45568172617
1859.45568172617
1859.45568172617
1859.45568172617
1859.45568172617
1859.45568172617
1859.45568172617
1859.45568172617
1859.45568172617
1859.45568172617
1859.45568172617
1859.45568172617
1859.45568172617
1859.45568172617
1859.45568172617
1859.45568172617
1859.45568172617
1859.45568172617
1859.45568172617
1859.45568172617
1859.45568172617
1859.45568172617
1859.45568172617
1859.45568172617
1859.45568172617
1859.45568172617
1859.45568172617
1859.45568172617
1859.45568172617
1859.45568172617
1859.45568172617
1859.45568172617
1859.45568172617
1859.45568172617
1859.45568172617
1859.45568172617
1859.45568172617
1859.45568172617
1859.45568172617
1859.45568172617
1859.45568172617
1859.45568172617
1859.45568172617
1859.45568172617
1859.45568172617
1859.45568172617
1859.45568172617
1859.45568172617
1859.45568172617
1859.45568172617
1859.45568172617
1859.45568172617
1859.45568172617
1859.45568172617
1859.45568172617
1859.45568172617
1859.45568172617
1859.45568172617
1859.45568172617
1859.45568172617
1859.45568172617
1859.45568172617
1859.45568172617
1859.45568172617
1859.45568172617
1859.45568172617
1859.45568172617
1859.45568172617
1859.45568172617
1859.45568172617
1859.45568172617
1859.45568172617
1859.45568172617
1859.45568172617
1859.45568172617
1859.45568172617
1859.45568172617
1859.45568172617
1859.45568172617
1859.45568172617
1859.45568172617
1859.45568172617
1859.45568172617
1859.45568172617
1859.45568172617
1859.45568172617
1859.45568172617
1859.45568172617
1859.45568172617
1859.45568172617
1859.45568172617
1859.45568172617
1859.45568172617
1859.45568172617
1859.45568172617
1859.45568172617
1859.45568172617
1859.45568172617
1859.45568172617
1859.45568172617
1859.45568172617
1859.45568172617
1859.45568172617
1859.45568172617
1859.45568172617
1859.45568172617
1859.45568172617
1859.45568172617
1859.45568172617
1859.45568172617
1859.45568172617
1859.45568172617
1859.45568172617
1859.45568172617
1859.45568172617
1859.45568172617
1859.45568172617
1859.45568172617
1859.45568172617
1859.45568172617
1859.45568172617
1859.45568172617
1859.45568172617
1859.45568172617
1859.45568172617
1833.62674268648
1833.62674268648
1833.62674268648
1833.62674268648
1833.62674268648
1833.62674268648
1833.62674268648
1833.62674268648
1833.62674268648
1833.62674268648
1833.62674268648
1833.62674268648
1833.62674268648
1833.62674268648
1833.62674268648
1833.62674268648
1833.62674268648
1833.62674268648
1833.62674268648
1833.62674268648
1833.62674268648
1833.62674268648
1833.62674268648
1833.62674268648
1833.62674268648
1833.62674268648
1833.62674268648
1833.62674268648
1833.62674268648
1833.62674268648
1833.62674268648
1833.62674268648
1833.62674268648
1833.62674268648
1833.62674268648
1833.62674268648
1833.62674268648
1833.62674268648
1833.62674268648
1833.62674268648
1833.62674268648
1833.62674268648
1833.62674268648
1833.62674268648
1833.62674268648
1833.62674268648
1833.62674268648
1833.62674268648
1833.62674268648
1833.62674268648
1833.62674268648
1833.62674268648
1833.62674268648
1833.62674268648
1833.62674268648
1833.62674268648
1833.62674268648
1833.62674268648
1833.62674268648
1833.62674268648
1833.62674268648
1833.62674268648
1833.62674268648
1833.62674268648
1833.62674268648
1833.62674268648
1833.62674268648
1833.62674268648
1833.62674268648
1833.62674268648
1833.62674268648
1833.62674268648
1833.62674268648
1833.62674268648
1833.62674268648
1833.62674268648
1833.62674268648
1833.62674268648
1833.62674268648
1833.62674268648
1833.62674268648
1833.62674268648
1833.62674268648
1833.62674268648
1833.62674268648
1833.62674268648
1833.62674268648
1833.62674268648
1833.62674268648
1833.62674268648
1833.62674268648
1833.62674268648
1833.62674268648
1833.62674268648
1833.62674268648
1833.62674268648
1833.62674268648
1833.62674268648
1831.15774062245
1831.15774062245
1831.15774062245
1831.15774062245
1831.15774062245
1831.15774062245
1831.15774062245
1831.15774062245
1831.15774062245
1831.15774062245
1831.15774062245
1831.15774062245
1831.15774062245
1831.15774062245
1831.15774062245
1831.15774062245
1831.15774062245
1831.15774062245
1831.15774062245
1831.15774062245
1831.15774062245
1831.15774062245
1831.15774062245
1831.15774062245
1831.15774062245
1831.15774062245
1831.15774062245
1831.15774062245
1831.15774062245
1831.15774062245
1831.15774062245
1831.15774062245
1831.15774062245
1831.15774062245
1831.15774062245
1831.15774062245
1831.15774062245
1831.15774062245
1831.15774062245
1831.15774062245
1831.15774062245
1831.15774062245
1831.15774062245
1831.15774062245
1831.15774062245
1831.15774062245
1831.15774062245
1831.15774062245
1831.15774062245
1831.15774062245
1831.15774062245
1831.15774062245
1831.15774062245
1831.15774062245
1831.15774062245
1831.15774062245
1831.15774062245
1831.15774062245
1831.15774062245
1831.15774062245
1831.15774062245
1831.15774062245
1831.15774062245
1831.15774062245
1831.15774062245
1831.15774062245
1831.15774062245
1831.15774062245
1831.15774062245
1831.15774062245
1831.15774062245
1831.15774062245
1831.15774062245
1831.15774062245
1831.15774062245
1831.15774062245
1831.15774062245
1831.15774062245
1831.15774062245
1831.15774062245
1831.15774062245
1831.15774062245
1831.15774062245
1831.15774062245
1831.15774062245
1831.15774062245
1831.15774062245
1831.15774062245
1831.15774062245
1831.15774062245
1831.15774062245
1831.15774062245
1831.15774062245
1831.15774062245
1831.15774062245
1831.15774062245
1831.15774062245
1831.15774062245
1831.15774062245
1831.15774062245
1831.15774062245
1831.15774062245
1831.15774062245
1831.15774062245
1831.15774062245
1831.15774062245
1831.15774062245
1831.15774062245
1831.15774062245
1831.15774062245
1831.15774062245
1831.15774062245
1831.15774062245
1831.15774062245
1831.15774062245
1831.15774062245
1831.15774062245
1831.15774062245
1831.15774062245
