最优解为:1821.2576
最优解路径:

Best_route =

  1 至 24 列

     0     0     0     0     0     0     0     0     0     0     0     0     0     0     0     0     0     0     0     0     0     0     0     0
     7     8    29    23    24    15    16     1    14     2     0     0     0     0     0     0     0     0     0     0     0     0     0     0
    27     3     5    13     6    25    26    11    12     0     0     0     0     0     0     0     0     0     0     0     0     0     0     0
    17    18     4    21    22    30     9    10     0     0     0     0     0     0     0     0     0     0     0     0     0     0     0     0
    19    20    28     0     0     0     0     0     0     0     0     0     0     0     0     0     0     0     0     0     0     0     0     0

  25 至 31 列

     0     0     0     0     0     0     0
     0     0     0     0     0     0     0
     0     0     0     0     0     0     0
     0     0     0     0     0     0     0
     0     0     0     0     0     0     0

本次运算用时:273.891秒
算法在第310代时收敛

best
1899.80605875115
1899.80605875115
1873.51342543453
1873.51342543453
1873.51342543453
1873.51342543453
1873.51342543453
1873.51342543453
1873.51342543453
1838.29694009635
1838.29694009635
1838.29694009635
1838.29694009635
1838.29694009635
1838.29694009635
1838.29694009635
1838.29694009635
1838.29694009635
1838.29694009635
1838.29694009635
1838.29694009635
1838.29694009635
1838.29694009635
1838.29694009635
1838.29694009635
1838.29694009635
1838.29694009635
1838.29694009635
1838.29694009635
1838.29694009635
1838.29694009635
1838.29694009635
1838.29694009635
1838.29694009635
1838.29694009635
1838.29694009635
1838.29694009635
1838.29694009635
1838.29694009635
1838.29694009635
1838.29694009635
1838.29694009635
1838.29694009635
1838.29694009635
1838.29694009635
1838.29694009635
1838.29694009635
1838.29694009635
1838.29694009635
1838.29694009635
1838.29694009635
1838.29694009635
1838.29694009635
1838.29694009635
1838.29694009635
1838.29694009635
1838.29694009635
1838.29694009635
1838.29694009635
1838.29694009635
1838.29694009635
1838.29694009635
1838.29694009635
1838.29694009635
1838.29694009635
1838.29694009635
1838.29694009635
1838.29694009635
1838.29694009635
1838.29694009635
1838.29694009635
1838.29694009635
1838.29694009635
1838.29694009635
1838.29694009635
1838.29694009635
1838.29694009635
1838.29694009635
1838.29694009635
1838.29694009635
1838.29694009635
1838.29694009635
1838.29694009635
1838.29694009635
1838.29694009635
1838.29694009635
1838.29694009635
1838.29694009635
1838.29694009635
1838.29694009635
1838.29694009635
1838.29694009635
1838.29694009635
1838.29694009635
1838.29694009635
1838.29694009635
1838.29694009635
1838.29694009635
1838.29694009635
1838.29694009635
1838.29694009635
1838.29694009635
1838.29694009635
1838.29694009635
1838.29694009635
1838.29694009635
1838.29694009635
1838.29694009635
1838.29694009635
1838.29694009635
1838.29694009635
1838.29694009635
1838.29694009635
1838.29694009635
1838.29694009635
1838.29694009635
1838.29694009635
1838.29694009635
1838.29694009635
1838.29694009635
1838.29694009635
1838.29694009635
1838.29694009635
1838.29694009635
1838.29694009635
1838.29694009635
1838.29694009635
1838.29694009635
1838.29694009635
1838.29694009635
1838.29694009635
1838.29694009635
1838.29694009635
1838.29694009635
1838.29694009635
1838.29694009635
1838.29694009635
1838.29694009635
1838.29694009635
1838.29694009635
1838.29694009635
1838.29694009635
1838.29694009635
1838.29694009635
1838.29694009635
1838.29694009635
1838.29694009635
1838.29694009635
1838.29694009635
1838.29694009635
1838.29694009635
1838.29694009635
1838.29694009635
1838.29694009635
1838.29694009635
1838.29694009635
1838.29694009635
1838.29694009635
1838.29694009635
1838.29694009635
1838.29694009635
1838.29694009635
1838.29694009635
1838.29694009635
1838.29694009635
1838.29694009635
1838.29694009635
1838.29694009635
1838.29694009635
1838.29694009635
1838.29694009635
1838.29694009635
1838.29694009635
1838.29694009635
1838.29694009635
1838.29694009635
1838.29694009635
1838.29694009635
1838.29694009635
1838.29694009635
1838.29694009635
1838.29694009635
1838.29694009635
1838.29694009635
1838.29694009635
1838.29694009635
1838.29694009635
1838.29694009635
1838.29694009635
1838.29694009635
1838.29694009635
1838.29694009635
1838.29694009635
1838.29694009635
1838.29694009635
1838.29694009635
1838.29694009635
1838.29694009635
1838.29694009635
1838.29694009635
1838.29694009635
1838.29694009635
1838.29694009635
1838.29694009635
1838.29694009635
1838.29694009635
1838.29694009635
1838.29694009635
1838.29694009635
1838.29694009635
1838.29694009635
1838.29694009635
1838.29694009635
1838.29694009635
1838.29694009635
1838.29694009635
1838.29694009635
1838.29694009635
1838.29694009635
1838.29694009635
1838.29694009635
1838.29694009635
1838.29694009635
1838.29694009635
1838.29694009635
1838.29694009635
1838.29694009635
1838.29694009635
1838.29694009635
1838.29694009635
1838.29694009635
1838.29694009635
1838.29694009635
1838.29694009635
1838.29694009635
1838.29694009635
1838.29694009635
1838.29694009635
1838.29694009635
1838.29694009635
1838.29694009635
1838.29694009635
1838.29694009635
1838.29694009635
1838.29694009635
1838.29694009635
1838.29694009635
1838.29694009635
1838.29694009635
1838.29694009635
1838.29694009635
1838.29694009635
1838.29694009635
1838.29694009635
1838.29694009635
1838.29694009635
1838.29694009635
1829.57289350406
1829.57289350406
1829.57289350406
1829.57289350406
1829.57289350406
1829.57289350406
1829.57289350406
1829.57289350406
1829.57289350406
1829.57289350406
1829.57289350406
1829.57289350406
1829.57289350406
1829.57289350406
1829.57289350406
1829.57289350406
1829.57289350406
1829.57289350406
1829.57289350406
1829.57289350406
1829.57289350406
1829.57289350406
1829.57289350406
1829.57289350406
1829.57289350406
1829.57289350406
1829.57289350406
1829.57289350406
1829.57289350406
1829.57289350406
1829.57289350406
1829.57289350406
1829.57289350406
1829.57289350406
1829.57289350406
1829.57289350406
1829.57289350406
1829.57289350406
1829.57289350406
1829.57289350406
1829.57289350406
1829.57289350406
1829.57289350406
1829.57289350406
1829.57289350406
1829.57289350406
1829.57289350406
1829.57289350406
1829.57289350406
1829.57289350406
1829.57289350406
1829.57289350406
1821.25755060253
1821.25755060253
1821.25755060253
1821.25755060253
1821.25755060253
1821.25755060253
1821.25755060253
1821.25755060253
1821.25755060253
1821.25755060253
1821.25755060253
1821.25755060253
1821.25755060253
1821.25755060253
1821.25755060253
1821.25755060253
1821.25755060253
1821.25755060253
1821.25755060253
1821.25755060253
1821.25755060253
1821.25755060253
1821.25755060253
1821.25755060253
1821.25755060253
1821.25755060253
1821.25755060253
1821.25755060253
1821.25755060253
1821.25755060253
1821.25755060253
1821.25755060253
1821.25755060253
1821.25755060253
1821.25755060253
1821.25755060253
1821.25755060253
1821.25755060253
1821.25755060253
1821.25755060253
1821.25755060253
1821.25755060253
1821.25755060253
1821.25755060253
1821.25755060253
1821.25755060253
1821.25755060253
1821.25755060253
1821.25755060253
1821.25755060253
1821.25755060253
1821.25755060253
1821.25755060253
1821.25755060253
1821.25755060253
1821.25755060253
1821.25755060253
1821.25755060253
1821.25755060253
1821.25755060253
1821.25755060253
1821.25755060253
1821.25755060253
1821.25755060253
1821.25755060253
1821.25755060253
1821.25755060253
1821.25755060253
1821.25755060253
1821.25755060253
1821.25755060253
1821.25755060253
1821.25755060253
1821.25755060253
1821.25755060253
1821.25755060253
1821.25755060253
1821.25755060253
1821.25755060253
1821.25755060253
1821.25755060253
1821.25755060253
1821.25755060253
1821.25755060253
1821.25755060253
1821.25755060253
1821.25755060253
1821.25755060253
1821.25755060253
1821.25755060253
1821.25755060253
1821.25755060253
1821.25755060253
1821.25755060253
1821.25755060253
1821.25755060253
1821.25755060253
1821.25755060253
1821.25755060253
1821.25755060253
