实验环境：
VeiNum = 5
Q_ant =200
AntNum = 25
iter_max = 500

cus：
40	50
40	50
40	50
22	85
42	15
5	45
60	85
65	82
35	66
8	40
30	32
62	80
95	30
47	40
30	52
10	40
40	5
42	66

task：
2	4	1	0	1
4	3	2	1	0
2	5	1	0	1
5	3	2	3	0
2	6	1	0	1
6	3	2	5	0
3	7	3	0	1
7	2	4	7	0
3	8	3	0	1
8	2	4	9	0
2	9	1	0	1
9	3	2	11	0
3	10	3	0	1
10	2	4	13	0
3	11	3	0	1
11	2	4	15	0
3	12	3	0	1
12	2	4	17	0
3	13	3	0	1
13	2	4	19	0
3	14	3	0	1
14	2	4	21	0
2	15	1	0	1
15	3	2	23	0
3	16	3	0	1
16	2	4	25	0
2	17	1	0	1
17	3	2	27	0
2	18	1	0	1
18	3	2	29	0


抽取的客户节点编号为

Cus_select =

    14    55    36    97    94    10    33    46    95    70    67    21    32    56     3

各任务对应的的客户节点编号为

Task_Cus =

    14    55    36    97    94    10    33    46    95    70    67    21    32    56     3



Task_size: 30



Tasktime:
0
1.65060009937439
0.166666666666667
1.54309407381457
0.166666666666667
1.55055014314985
0.166666666666667
0.166666666666667
1.67444888520399
0.166666666666667
1.68186369187901
1.08574303202267
0.166666666666667
0.166666666666667
1.50481939737868
0.166666666666667
1.18144817371602
0.166666666666667
1.59672042855358
0.166666666666667
2.12975415550662
0.166666666666667
0.971830557060009
0.921617642346306


Linktime:
0	0	0.983933432707722	0	0.876427407147905	0	0.883883476483184	1.50778221853732	1.00778221853732	1.51519702521235	1.01519702521235	0	0.419076365356005	1.33815273071201	0.838152730712011	1.01478150704935	0.514781507049350	1.43005376188691	0.930053761886914	1.96308748883995	1.46308748883995	0.805163890393343	0.305163890393343	0
0.983933432707722	1.15060009937439	0	1.15060009937439	72.8010988928052	1.15060009937439	43.4626276242015	2.65838231791171	0.950000000000000	2.66579712458674	1.07761310311262	1.15060009937439	23.0217288664427	2.48875283008640	1.17818716679482	2.16538160642374	1.34000932832574	2.58065386126130	1.00778221853732	3.11368758821434	2.28500547045297	1.95576398976773	1.28695376762338	1.15060009937439
1.48393343270772	1.48393343270772	2.63453353208211	1.48393343270772	2.52702750652229	1.48393343270772	2.53448357585757	0.950000000000000	2.65838231791171	1.07761310311262	2.66579712458674	1.48393343270772	2.06967646473039	1.17818716679482	2.48875283008640	1.34000932832574	2.16538160642374	1.00778221853732	2.58065386126130	2.28500547045297	3.11368758821434	1.28695376762338	1.95576398976773	1.48393343270772
0.876427407147905	1.04309407381457	72.8010988928052	1.04309407381457	0	1.04309407381457	47.6340214552582	2.55087629235189	1.80693109995927	2.55829109902692	1.77094607484248	1.04309407381457	51.4781507049350	2.38124680452658	1.05504739230046	2.05787558086392	0.520216301167120	2.47314783570149	1.70018381359193	3.00618156265453	1.37704393539204	1.84825796420791	0.637377439199098	1.04309407381457
1.37642740714791	1.37642740714791	2.52702750652229	1.37642740714791	2.41952148096248	1.37642740714791	2.42697755029776	1.80693109995927	2.55087629235189	1.77094607484248	2.55829109902692	1.37642740714791	1.96217043917058	1.05504739230046	2.38124680452658	0.520216301167120	2.05787558086392	1.70018381359193	2.47314783570149	1.37704393539204	3.00618156265453	0.637377439199098	1.84825796420791	1.37642740714791
0.883883476483184	1.05055014314985	43.4626276242015	1.05055014314985	47.6340214552582	1.05055014314985	0	2.55833236168717	1.70018381359193	2.56574716836220	1.76227835485771	1.05055014314985	36.6196668472011	2.38870287386186	0.145773797371133	2.06533165019920	0.704450140180269	2.48060390503677	1.67219915081906	3.01363763198980	2.28103594886183	1.85571403354319	1.05741429912783	1.05055014314985
1.38388347648318	1.38388347648318	2.53448357585757	1.38388347648318	2.42697755029776	1.38388347648318	2.43443361963304	1.70018381359193	2.55833236168717	1.76227835485771	2.56574716836220	1.38388347648318	1.96962650850586	0.145773797371133	2.38870287386186	0.704450140180269	2.06533165019920	1.67219915081906	2.48060390503677	2.28103594886183	3.01363763198980	1.05741429912783	1.85571403354319	1.38388347648318
1.00778221853732	1.17444888520399	0.950000000000000	1.17444888520399	1.80693109995927	1.17444888520399	1.70018381359193	2.68223110374130	0	2.68964591041633	0.145773797371133	1.17444888520399	0.785015923405379	2.51260161591600	1.71919312469542	2.18923039225334	1.52253899785851	2.60450264709090	0.134629120178363	3.13753637404394	1.62980060130066	1.97961277559733	1.17100384286304	1.17444888520399
0	0	1.15060009937439	0	1.04309407381457	0	1.05055014314985	1.50778221853732	1.17444888520399	1.51519702521235	1.18186369187901	0	0.585743032022672	1.33815273071201	1.00481939737868	1.01478150704935	0.681448173716017	1.43005376188691	1.09672042855358	1.96308748883995	1.62975415550662	0.805163890393343	0.471830557060009	0
1.01519702521235	1.18186369187901	1.07761310311262	1.18186369187901	1.77094607484248	1.18186369187901	1.76227835485771	2.68964591041633	0.145773797371133	2.69706071709136	0	1.18186369187901	0.850000000000000	2.52001642259103	1.77006355818089	2.19664519892836	1.52581945196671	2.61191745376593	0.0901387818865997	3.14495118071897	1.50083310198036	1.98702758227236	1.14236596587959	1.18186369187901
0	0	1.15060009937439	0	1.04309407381457	0	1.05055014314985	1.50778221853732	1.17444888520399	1.51519702521235	1.18186369187901	0	0.585743032022672	1.33815273071201	1.00481939737868	1.01478150704935	0.681448173716017	1.43005376188691	1.09672042855358	1.96308748883995	1.62975415550662	0.805163890393343	0.471830557060009	0
0.419076365356005	0.585743032022672	23.0217288664427	0.585743032022672	51.4781507049350	0.585743032022672	36.6196668472011	2.09352525055999	0.785015923405379	2.10094005723502	0.850000000000000	0.585743032022672	0	1.92389576273468	0.937083240699566	1.60052453907202	0.859142013871979	2.01579679390959	0.760345316287278	2.54883052086263	1.74928556845359	1.39090692241601	0.715891053163818	0.585743032022672
0.919076365356005	0.919076365356005	2.06967646473039	0.919076365356005	1.96217043917058	0.919076365356005	1.96962650850586	0.785015923405379	2.09352525055999	0.850000000000000	2.10094005723502	0.919076365356005	1.50481939737868	0.937083240699566	1.92389576273468	0.859142013871979	1.60052453907202	0.760345316287278	2.01579679390959	1.74928556845359	2.54883052086263	0.715891053163818	1.39090692241601	0.919076365356005
0.838152730712011	1.00481939737868	1.17818716679482	1.00481939737868	1.05504739230046	1.00481939737868	0.145773797371133	2.51260161591600	1.71919312469542	2.52001642259103	1.77006355818089	1.00481939737868	0.937083240699566	2.34297212809069	0	2.01960090442803	0.585234995535981	2.43487315926559	1.68002976164114	2.96790688621863	2.18932067089314	1.80998328777202	0.975000000000000	1.00481939737868
0	0	1.15060009937439	0	1.04309407381457	0	1.05055014314985	1.50778221853732	1.17444888520399	1.51519702521235	1.18186369187901	0	0.585743032022672	1.33815273071201	1.00481939737868	1.01478150704935	0.681448173716017	1.43005376188691	1.09672042855358	1.96308748883995	1.62975415550662	0.805163890393343	0.471830557060009	0
0.514781507049350	0.681448173716017	1.34000932832574	0.681448173716017	0.520216301167120	0.681448173716017	0.704450140180269	2.18923039225334	1.52253899785851	2.19664519892836	1.52581945196671	0.681448173716017	0.859142013871979	2.01960090442803	0.585234995535981	1.69622968076537	0	2.11150193560293	1.44222051018560	2.64453566255597	1.62576904878891	1.48661206410936	0.469707355701398	0.681448173716017
0	0	1.15060009937439	0	1.04309407381457	0	1.05055014314985	1.50778221853732	1.17444888520399	1.51519702521235	1.18186369187901	0	0.585743032022672	1.33815273071201	1.00481939737868	1.01478150704935	0.681448173716017	1.43005376188691	1.09672042855358	1.96308748883995	1.62975415550662	0.805163890393343	0.471830557060009	0
0.930053761886914	1.09672042855358	1.00778221853732	1.09672042855358	1.70018381359193	1.09672042855358	1.67219915081906	2.60450264709090	0.134629120178363	2.61191745376593	0.0901387818865997	1.09672042855358	0.760345316287278	2.43487315926559	1.68002976164114	2.11150193560293	1.44222051018560	2.52677419044049	0	3.05980791739353	1.49770658007502	1.90188431894692	1.06800046816469	1.09672042855358
0	0	1.15060009937439	0	1.04309407381457	0	1.05055014314985	1.50778221853732	1.17444888520399	1.51519702521235	1.18186369187901	0	0.585743032022672	1.33815273071201	1.00481939737868	1.01478150704935	0.681448173716017	1.43005376188691	1.09672042855358	1.96308748883995	1.62975415550662	0.805163890393343	0.471830557060009	0
1.46308748883995	1.62975415550662	2.28500547045297	1.62975415550662	1.37704393539204	1.62975415550662	2.28103594886183	3.13753637404394	1.62980060130066	3.14495118071897	1.50083310198036	1.62975415550662	1.74928556845359	2.96790688621863	2.18932067089314	2.64453566255597	1.62576904878891	3.05980791739353	1.49770658007502	3.59284164434657	0	2.43491804589996	1.22576506721313	1.62975415550662
0	0	1.15060009937439	0	1.04309407381457	0	1.05055014314985	1.50778221853732	1.17444888520399	1.51519702521235	1.18186369187901	0	0.585743032022672	1.33815273071201	1.00481939737868	1.01478150704935	0.681448173716017	1.43005376188691	1.09672042855358	1.96308748883995	1.62975415550662	0.805163890393343	0.471830557060009	0
0.305163890393343	0.471830557060009	1.28695376762338	0.471830557060009	0.637377439199098	0.471830557060009	1.05741429912783	1.97961277559733	1.17100384286304	1.98702758227236	1.14236596587959	0.471830557060009	0.715891053163818	1.80998328777202	0.975000000000000	1.48661206410936	0.469707355701398	1.90188431894692	1.06800046816469	2.43491804589996	1.22576506721313	1.27699444745335	0	0.471830557060009
0	0	1.15060009937439	0	1.04309407381457	0	1.05055014314985	1.50778221853732	1.17444888520399	1.51519702521235	1.18186369187901	0	0.585743032022672	1.33815273071201	1.00481939737868	1.01478150704935	0.681448173716017	1.43005376188691	1.09672042855358	1.96308748883995	1.62975415550662	0.805163890393343	0.471830557060009	0
0.254950975679639	0.421617642346306	33.9558536926993	0.421617642346306	38.8973006775534	0.421617642346306	25.9615099714943	1.92939986088362	1.11495515604889	1.93681466755865	1.15244305716161	0.421617642346306	14.8660687473185	1.75977037305832	0.626498204307084	1.43639914939566	0.500000000000000	1.85167140423322	1.06301458127347	2.38470513118626	1.71555384642978	1.22678153273965	0.520216301167120	0.421617642346306


2	4	1	0	1
2	5	1	0	1
2	6	1	0	1
7	2	4	0	0
8	2	4	0	0
2	9	1	0	1
10	2	4	0	0
11	2	4	0	0
12	2	4	0	0
13	2	4	0	0
14	2	4	0	0
2	15	1	0	1
16	2	4	0	0
2	17	1	0	1
2	18	1	0	1



4	3	2	0	0
5	3	2	0	0
6	3	2	0	0
3	7	3	0	1
3	8	3	0	1
9	3	2	0	0
3	10	3	0	1
3	11	3	0	1
3	12	3	0	1
3	13	3	0	1
3	14	3	0	1
15	3	2	0	0
3	16	3	0	1
17	3	2	0	0
18	3	2	0	0






linktime（task1）
0	0	0	0	1.00778221853732	1.01519702521235	0	0.838152730712011	0.514781507049350	0.930053761886914	1.46308748883995	0.305163890393343	0	0.790569415042095	0	0
0.983933432707722	1.15060009937439	1.15060009937439	1.15060009937439	0.950000000000000	1.07761310311262	1.15060009937439	1.17818716679482	1.34000932832574	1.00778221853732	2.28500547045297	1.28695376762338	1.15060009937439	1.16431310221950	1.15060009937439	1.15060009937439
0.876427407147905	1.04309407381457	1.04309407381457	1.04309407381457	1.80693109995927	1.77094607484248	1.04309407381457	1.05504739230046	0.520216301167120	1.70018381359193	1.37704393539204	0.637377439199098	1.04309407381457	1.01519702521235	1.04309407381457	1.04309407381457
0.883883476483184	1.05055014314985	1.05055014314985	1.05055014314985	1.70018381359193	1.76227835485771	1.05055014314985	0.145773797371133	0.704450140180269	1.67219915081906	2.28103594886183	1.05741429912783	1.05055014314985	0.176776695296637	1.05055014314985	1.05055014314985
0	0	0	0	1.17444888520399	1.18186369187901	0	1.00481939737868	0.681448173716017	1.09672042855358	1.62975415550662	0.471830557060009	0	0.957236081708762	0	0
0	0	0	0	1.17444888520399	1.18186369187901	0	1.00481939737868	0.681448173716017	1.09672042855358	1.62975415550662	0.471830557060009	0	0.957236081708762	0	0
0.419076365356005	0.585743032022672	0.585743032022672	0.585743032022672	0.785015923405379	0.850000000000000	0.585743032022672	0.937083240699566	0.859142013871979	0.760345316287278	1.74928556845359	0.715891053163818	0.585743032022672	0.901734439843572	0.585743032022672	0.585743032022672
0	0	0	0	1.17444888520399	1.18186369187901	0	1.00481939737868	0.681448173716017	1.09672042855358	1.62975415550662	0.471830557060009	0	0.957236081708762	0	0
0	0	0	0	1.17444888520399	1.18186369187901	0	1.00481939737868	0.681448173716017	1.09672042855358	1.62975415550662	0.471830557060009	0	0.957236081708762	0	0
0	0	0	0	1.17444888520399	1.18186369187901	0	1.00481939737868	0.681448173716017	1.09672042855358	1.62975415550662	0.471830557060009	0	0.957236081708762	0	0
0	0	0	0	1.17444888520399	1.18186369187901	0	1.00481939737868	0.681448173716017	1.09672042855358	1.62975415550662	0.471830557060009	0	0.957236081708762	0	0
0	0	0	0	1.17444888520399	1.18186369187901	0	1.00481939737868	0.681448173716017	1.09672042855358	1.62975415550662	0.471830557060009	0	0.957236081708762	0	0
0.254950975679639	0.421617642346306	0.421617642346306	0.421617642346306	1.11495515604889	1.15244305716161	0.421617642346306	0.626498204307084	0.500000000000000	1.06301458127347	1.71555384642978	0.520216301167120	0.421617642346306	0.583095189484530	0.421617642346306	0.421617642346306
0	0	0	0	1.17444888520399	1.18186369187901	0	1.00481939737868	0.681448173716017	1.09672042855358	1.62975415550662	0.471830557060009	0	0.957236081708762	0	0
1.12500000000000	1.29166666666667	1.29166666666667	1.29166666666667	2.06155281280883	2.02391946480091	1.29166666666667	1.18559057013794	0.719809002444399	1.95400230296691	1.51038074669932	0.892328414878738	1.29166666666667	1.15244305716161	1.29166666666667	1.29166666666667
0.403112887414927	0.569779554081594	0.569779554081594	0.569779554081594	0.654312616415120	0.700446286306095	0.569779554081594	1.07004672795163	0.901387818865997	0.610327780786685	1.60175684796413	0.661910114743686	0.569779554081594	1.03077640640442	0.569779554081594	0.569779554081594

linktime（task2）
0	0.983933432707722	0.876427407147905	0.883883476483184	1.50778221853732	1.51519702521235	0.419076365356005	1.33815273071201	1.01478150704935	1.43005376188691	1.96308748883995	0.805163890393343	0.254950975679639	1.29056941504210	1.12500000000000	0.403112887414927
1.48393343270772	2.63453353208211	2.52702750652229	2.53448357585757	0.950000000000000	1.07761310311262	2.06967646473039	1.17818716679482	1.34000932832574	1.00778221853732	2.28500547045297	1.28695376762338	1.90555107505403	1.16431310221950	2.77560009937439	2.05371298678932
1.37642740714791	2.52702750652229	2.41952148096248	2.42697755029776	1.80693109995927	1.77094607484248	1.96217043917058	1.05504739230046	0.520216301167120	1.70018381359193	1.37704393539204	0.637377439199098	1.79804504949421	1.01519702521235	2.66809407381457	1.94620696122950
1.38388347648318	2.53448357585757	2.42697755029776	2.43443361963304	1.70018381359193	1.76227835485771	1.96962650850586	0.145773797371133	0.704450140180269	1.67219915081906	2.28103594886183	1.05741429912783	1.80550111882949	0.176776695296637	2.67555014314985	1.95366303056478
1.00778221853732	0.950000000000000	1.80693109995927	1.70018381359193	2.68223110374130	2.68964591041633	0.785015923405379	2.51260161591600	2.18923039225334	2.60450264709090	3.13753637404394	1.97961277559733	1.11495515604889	2.46501830024608	2.06155281280883	0.654312616415120
1.01519702521235	1.07761310311262	1.77094607484248	1.76227835485771	2.68964591041633	2.69706071709136	0.850000000000000	2.52001642259103	2.19664519892836	2.61191745376593	3.14495118071897	1.98702758227236	1.15244305716161	2.47243310692111	2.02391946480091	0.700446286306095
0.919076365356005	2.06967646473039	1.96217043917058	1.96962650850586	0.785015923405379	0.850000000000000	1.50481939737868	0.937083240699566	0.859142013871979	0.760345316287278	1.74928556845359	0.715891053163818	1.34069400770231	0.901734439843572	2.21074303202267	1.48885591943760
0.838152730712011	1.17818716679482	1.05504739230046	0.145773797371133	2.51260161591600	2.52001642259103	0.937083240699566	2.34297212809069	2.01960090442803	2.43487315926559	2.96790688621863	1.80998328777202	0.626498204307084	2.29538881242077	1.18559057013794	1.07004672795163
0.514781507049350	1.34000932832574	0.520216301167120	0.704450140180269	2.18923039225334	2.19664519892836	0.859142013871979	2.01960090442803	1.69622968076537	2.11150193560293	2.64453566255597	1.48661206410936	0.500000000000000	1.97201758875811	0.719809002444399	0.901387818865997
0.930053761886914	1.00778221853732	1.70018381359193	1.67219915081906	2.60450264709090	2.61191745376593	0.760345316287278	2.43487315926559	2.11150193560293	2.52677419044049	3.05980791739353	1.90188431894692	1.06301458127347	2.38728984359568	1.95400230296691	0.610327780786685
1.46308748883995	2.28500547045297	1.37704393539204	2.28103594886183	3.13753637404394	3.14495118071897	1.74928556845359	2.96790688621863	2.64453566255597	3.05980791739353	3.59284164434657	2.43491804589996	1.71555384642978	2.92032357054872	1.51038074669932	1.60175684796413
0.305163890393343	1.28695376762338	0.637377439199098	1.05741429912783	1.97961277559733	1.98702758227236	0.715891053163818	1.80998328777202	1.48661206410936	1.90188431894692	2.43491804589996	1.27699444745335	0.520216301167120	1.76239997210210	0.892328414878738	0.661910114743686
0.754950975679639	1.90555107505403	1.79804504949421	1.80550111882949	1.11495515604889	1.15244305716161	1.34069400770231	0.626498204307084	0.500000000000000	1.06301458127347	1.71555384642978	0.520216301167120	1.17656861802595	0.583095189484530	2.04661764234631	1.32473052976123
0.790569415042095	1.16431310221950	1.01519702521235	0.176776695296637	2.46501830024608	2.47243310692111	0.901734439843572	2.29538881242077	1.97201758875811	2.38728984359568	2.92032357054871	1.76239997210210	0.583095189484530	2.24780549675086	1.15244305716161	1.03077640640442
1.62500000000000	2.77560009937439	2.66809407381457	2.67555014314985	2.06155281280883	2.02391946480091	2.21074303202267	1.18559057013794	0.719809002444399	1.95400230296691	1.51038074669932	0.892328414878738	2.04661764234631	1.15244305716161	2.91666666666667	2.19477955408159
0.903112887414928	2.05371298678932	1.94620696122950	1.95366303056478	0.654312616415120	0.700446286306095	1.48885591943760	1.07004672795163	0.901387818865997	0.610327780786685	1.60175684796413	0.661910114743686	1.32473052976123	1.03077640640442	2.19477955408159	1.47289244149652

tasktime（1）
0
1.65060009937439
1.54309407381457
1.55055014314985
1.67444888520399
1.68186369187901
1.08574303202267
1.50481939737868
1.18144817371602
1.59672042855358
2.12975415550662
0.971830557060009
0.921617642346306
1.45723608170876
1.79166666666667
1.06977955408159

tasktime（2）
0
0.166666666666667
0.166666666666667
0.166666666666667
0.166666666666667
0.166666666666667
0.166666666666667
0.166666666666667
0.166666666666667
0.166666666666667
0.166666666666667
0.166666666666667
0.166666666666667
0.166666666666667
0.166666666666667
0.166666666666667