最优解为:307.9717
最优解路径:

Best_route =

     1     2     0
     0     0     0

本次运算用时:0.594秒
算法在第1代时收敛

best
307.971724007792
307.971724007792
307.971724007792
307.971724007792
307.971724007792
307.971724007792
307.971724007792
307.971724007792
307.971724007792
307.971724007792
307.971724007792
307.971724007792
307.971724007792
307.971724007792
307.971724007792
307.971724007792
307.971724007792
307.971724007792
307.971724007792
307.971724007792
307.971724007792
307.971724007792
307.971724007792
307.971724007792
307.971724007792
307.971724007792
307.971724007792
307.971724007792
307.971724007792
307.971724007792
307.971724007792
307.971724007792
307.971724007792
307.971724007792
307.971724007792
307.971724007792
307.971724007792
307.971724007792
307.971724007792
307.971724007792
307.971724007792
307.971724007792
307.971724007792
307.971724007792
307.971724007792
307.971724007792
307.971724007792
307.971724007792
307.971724007792
307.971724007792
307.971724007792
307.971724007792
307.971724007792
307.971724007792
307.971724007792
307.971724007792
307.971724007792
307.971724007792
307.971724007792
307.971724007792
307.971724007792
307.971724007792
307.971724007792
307.971724007792
307.971724007792
307.971724007792
307.971724007792
307.971724007792
307.971724007792
307.971724007792
307.971724007792
307.971724007792
307.971724007792
307.971724007792
307.971724007792
307.971724007792
307.971724007792
307.971724007792
307.971724007792
307.971724007792
307.971724007792
307.971724007792
307.971724007792
307.971724007792
307.971724007792
307.971724007792
307.971724007792
307.971724007792
307.971724007792
307.971724007792
307.971724007792
307.971724007792
307.971724007792
307.971724007792
307.971724007792
307.971724007792
307.971724007792
307.971724007792
307.971724007792
307.971724007792

ave
309.620895620731
308.442915897204
309.620895620731
309.620895620731
308.678511841909
308.442915897204
309.149703731320
308.207319952498
308.914107786615
307.971724007793
307.971724007793
308.207319952498
308.914107786615
308.207319952498
307.971724007793
307.971724007793
307.971724007793
307.971724007793
308.207319952498
307.971724007793
323.424274522282
307.971724007793
307.971724007793
308.207319952498
307.971724007793
323.188678577577
307.971724007793
307.971724007793
307.971724007793
307.971724007793
307.971724007793
307.971724007793
307.971724007793
307.971724007793
307.971724007793
307.971724007793
307.971724007793
307.971724007793
307.971724007793
307.971724007793
307.971724007793
307.971724007793
323.188678577577
307.971724007793
307.971724007793
307.971724007793
307.971724007793
307.971724007793
307.971724007793
307.971724007793
307.971724007793
307.971724007793
307.971724007793
307.971724007793
307.971724007793
307.971724007793
307.971724007793
307.971724007793
307.971724007793
307.971724007793
307.971724007793
307.971724007793
307.971724007793
307.971724007793
307.971724007793
307.971724007793
307.971724007793
307.971724007793
307.971724007793
307.971724007793
307.971724007793
307.971724007793
307.971724007793
307.971724007793
307.971724007793
307.971724007793
307.971724007793
307.971724007793
307.971724007793
307.971724007793
307.971724007793
307.971724007793
307.971724007793
307.971724007793
307.971724007793
307.971724007793
307.971724007793
307.971724007793
307.971724007793
307.971724007793
307.971724007793
307.971724007793
307.971724007793
307.971724007793
307.971724007793
307.971724007793
307.971724007793
307.971724007793
307.971724007793
307.971724007793