最优解为:327.0308
最优解路径:

Best_route =

     3     5     2     1     4     0
     0     0     0     0     0     0

本次运算用时:1.25秒
算法在第5代时收敛

best
328.383759655911
328.383759655911
328.383759655911
328.383759655911
327.030769031593
327.030769031593
327.030769031593
327.030769031593
327.030769031593
327.030769031593
327.030769031593
327.030769031593
327.030769031593
327.030769031593
327.030769031593
327.030769031593
327.030769031593
327.030769031593
327.030769031593
327.030769031593
327.030769031593
327.030769031593
327.030769031593
327.030769031593
327.030769031593
327.030769031593
327.030769031593
327.030769031593
327.030769031593
327.030769031593
327.030769031593
327.030769031593
327.030769031593
327.030769031593
327.030769031593
327.030769031593
327.030769031593
327.030769031593
327.030769031593
327.030769031593
327.030769031593
327.030769031593
327.030769031593
327.030769031593
327.030769031593
327.030769031593
327.030769031593
327.030769031593
327.030769031593
327.030769031593
327.030769031593
327.030769031593
327.030769031593
327.030769031593
327.030769031593
327.030769031593
327.030769031593
327.030769031593
327.030769031593
327.030769031593
327.030769031593
327.030769031593
327.030769031593
327.030769031593
327.030769031593
327.030769031593
327.030769031593
327.030769031593
327.030769031593
327.030769031593
327.030769031593
327.030769031593
327.030769031593
327.030769031593
327.030769031593
327.030769031593
327.030769031593
327.030769031593
327.030769031593
327.030769031593
327.030769031593
327.030769031593
327.030769031593
327.030769031593
327.030769031593
327.030769031593
327.030769031593
327.030769031593
327.030769031593
327.030769031593
327.030769031593
327.030769031593
327.030769031593
327.030769031593
327.030769031593
327.030769031593
327.030769031593
327.030769031593
327.030769031593
327.030769031593

ave
363.517791903597
348.959278008077
333.312744405227
346.498006958648
345.634158497707
346.176009164433
331.881948230523
332.737347842489
331.453999016035
331.610256490254
345.452607892989
330.058743594590
328.618199845992
376.728281658911
331.661551606695
345.639160663068
343.100068031559
330.871042961071
329.956226773045
327.980080097466
343.640658664323
328.279228674243
344.175220414811
343.153482704698
327.902806561437
344.213217267218
327.946738180545
343.230975493725
342.946863705517
342.442458587543
328.159622545137
342.408537599783
327.030769031593
327.305723594654
341.906058839690
327.030769031593
327.213902173621
341.906058839690
327.030769031593
372.112800743830
327.030769031593
342.627498692647
342.820787663425
327.030769031593
327.030769031593
327.030769031593
327.030769031593
327.030769031593
327.030769031593
327.030769031593
327.030769031593
327.030769031593
327.030769031593
327.030769031593
327.030769031593
327.030769031593
327.030769031593
327.030769031593
327.030769031593
341.906058839690
343.186237422836
327.030769031593
327.030769031593
327.030769031593
327.030769031593
327.030769031593
327.393444621292
327.030769031593
341.906058839690
327.030769031593
327.030769031593
327.348268234223
327.030769031593
327.030769031593
342.134139983663
327.030769031593
327.030769031593
327.030769031593
327.030769031593
327.030769031593
327.030769031593
342.134139983663
327.030769031593
327.030769031593
327.030769031593
328.104446305581
327.030769031593
342.112560148848
327.030769031593
356.987849956945
327.282008411639
327.030769031593
327.030769031593
343.207817257651
327.030769031593
327.030769031593
327.030769031593
327.030769031593
327.030769031593
327.030769031593