最优解为:392.0775
最优解路径:

Best_route =

     0     0     0     0     0     0     0     0     0
     1     7     2     5     6     3     8     4     0

本次运算用时:1.999秒
算法在第7代时收敛

best
444.591296928072
444.591296928072
405.374206452788
405.374206452788
403.707237641659
403.707237641659
392.077492699892
392.077492699892
392.077492699892
392.077492699892
392.077492699892
392.077492699892
392.077492699892
392.077492699892
392.077492699892
392.077492699892
392.077492699892
392.077492699892
392.077492699892
392.077492699892
392.077492699892
392.077492699892
392.077492699892
392.077492699892
392.077492699892
392.077492699892
392.077492699892
392.077492699892
392.077492699892
392.077492699892
392.077492699892
392.077492699892
392.077492699892
392.077492699892
392.077492699892
392.077492699892
392.077492699892
392.077492699892
392.077492699892
392.077492699892
392.077492699892
392.077492699892
392.077492699892
392.077492699892
392.077492699892
392.077492699892
392.077492699892
392.077492699892
392.077492699892
392.077492699892
392.077492699892
392.077492699892
392.077492699892
392.077492699892
392.077492699892
392.077492699892
392.077492699892
392.077492699892
392.077492699892
392.077492699892
392.077492699892
392.077492699892
392.077492699892
392.077492699892
392.077492699892
392.077492699892
392.077492699892
392.077492699892
392.077492699892
392.077492699892
392.077492699892
392.077492699892
392.077492699892
392.077492699892
392.077492699892
392.077492699892
392.077492699892
392.077492699892
392.077492699892
392.077492699892
392.077492699892
392.077492699892
392.077492699892
392.077492699892
392.077492699892
392.077492699892
392.077492699892
392.077492699892
392.077492699892
392.077492699892
392.077492699892
392.077492699892
392.077492699892
392.077492699892
392.077492699892
392.077492699892
392.077492699892
392.077492699892
392.077492699892
392.077492699892
、
ave
452.112263508453
485.655713975076
480.128954843127
479.690626098904
450.259962164422
479.833477477732
478.522639869849
492.506508605344
503.096833250401
452.256515563671
480.997468172563
483.912079198688
483.499802344583
447.971451993422
470.682346998250
482.468991513397
451.967344893346
450.155676810192
445.464545043087
448.469677122829
448.926205527521
450.204714746333
451.952589501365
451.317340598305
446.149726468737
447.493691649068
447.757228769058
445.726533244706
452.382700280647
444.792441884937
448.651139058403
446.710102625299
449.036570539793
444.591296928072
445.546335344837
447.382205783449
446.607606402524
444.591296928072
444.591296928072
444.591296928072
445.546335344837
449.425738439329
447.979035900253
444.591296928072
444.591296928072
446.710102625299
444.591296928072
460.068816136455
444.591296928072
444.591296928072
446.710102625299
444.591296928072
446.710102625299
445.263400086223
445.054430086555
444.591296928072
447.306932742102
444.591296928072
446.710102625299
446.710102625299
444.591296928072
444.591296928072
446.710102625299
444.591296928072
444.591296928072
444.591296928072
444.591296928072
444.591296928072
444.591296928072
465.106509612298
444.591296928072
444.591296928072
444.591296928072
444.591296928072
444.591296928072
444.591296928072
444.591296928072
444.591296928072
444.591296928072
444.591296928072
444.591296928072
444.591296928072
444.591296928072
445.054430086555
444.591296928072
444.591296928072
444.591296928072
444.591296928072
444.591296928072
444.591296928072
444.591296928072
444.591296928072
444.591296928072
444.591296928072
444.591296928072
444.792441884937
444.591296928072
459.243324776685
444.591296928072
444.591296928072