最优解为:870.2725
最优解路径:

Best_route =

     1     9     2     3     4    10     5     6    11    12     0     0     0
     7     8     0     0     0     0     0     0     0     0     0     0     0

本次运算用时:4.233秒
算法在第9代时收敛

best
871.289655586160
871.289655586160
871.289655586160
871.289655586160
871.289655586160
871.289655586160
871.289655586160
871.289655586160
870.272461992420
870.272461992420
870.272461992420
870.272461992420
870.272461992420
870.272461992420
870.272461992420
870.272461992420
870.272461992420
870.272461992420
870.272461992420
870.272461992420
870.272461992420
870.272461992420
870.272461992420
870.272461992420
870.272461992420
870.272461992420
870.272461992420
870.272461992420
870.272461992420
870.272461992420
870.272461992420
870.272461992420
870.272461992420
870.272461992420
870.272461992420
870.272461992420
870.272461992420
870.272461992420
870.272461992420
870.272461992420
870.272461992420
870.272461992420
870.272461992420
870.272461992420
870.272461992420
870.272461992420
870.272461992420
870.272461992420
870.272461992420
870.272461992420
870.272461992420
870.272461992420
870.272461992420
870.272461992420
870.272461992420
870.272461992420
870.272461992420
870.272461992420
870.272461992420
870.272461992420
870.272461992420
870.272461992420
870.272461992420
870.272461992420
870.272461992420
870.272461992420
870.272461992420
870.272461992420
870.272461992420
870.272461992420
870.272461992420
870.272461992420
870.272461992420
870.272461992420
870.272461992420
870.272461992420
870.272461992420
870.272461992420
870.272461992420
870.272461992420
870.272461992420
870.272461992420
870.272461992420
870.272461992420
870.272461992420
870.272461992420
870.272461992420
870.272461992420
870.272461992420
870.272461992420
870.272461992420
870.272461992420
870.272461992420
870.272461992420
870.272461992420
870.272461992420
870.272461992420
870.272461992420
870.272461992420
870.272461992420

ave
1212.69180439179
1180.51359124411
1217.45358992666
1298.80171038625
1011.53303844433
1109.69148455695
1167.61692026435
1127.02759959197
1335.27293900127
1273.03263916045
1409.52961998836
1256.37440775693
1215.61234667002
1214.23949484392
1224.02173725118
1260.42206258377
1263.63241030820
1224.07800110554
1239.95528108267
1307.83983949978
1335.22684269937
1326.02619675449
1298.18484685906
1343.09955156980
1292.89818646068
1272.05323913148
1321.47635767439
1354.75708434172
1272.97483292988
1279.37451389545
1217.84926443890
1276.95808964585
1326.95200598779
1290.19627309186
1331.00346194303
1296.47723861100
1335.51553654130
1293.94578370128
1225.76489327279
1215.88208343244
1185.01715596538
1266.36856582620
1271.01623058019
1225.62930311706
1272.18827341823
949.513302868488
1010.84956424418
1063.09640285799
950.447087815899
946.079077971624
991.330415279028
991.194825123304
922.327509317922
1032.34933289788
993.266517280439
969.423876158153
953.388273309520
924.308129006473
967.172076158153
952.247599661586
986.411906317017
930.521168383576
971.085031478902
950.344373839305
923.901358539300
973.331580159515
921.785148695025
922.056329006473
921.920738850749
954.377248187959
928.133778227852
923.901358539300
926.017568383576
919.817967688570
921.785148695024
921.785148695024
955.531360517990
936.938888237268
921.785148695024
924.050387377122
923.901358539300
978.843570978670
926.017568383576
949.995799661586
949.995799661586
923.901358539300
919.668938850749
970.222061119566
919.817967688570
982.574460472424
923.901358539300
921.785148695024
952.112009505862
921.785148695024
952.112009505862
952.112009505862
926.153158539300
956.344429194414
954.495027535962
928.133778227852