最优解为:870.2725
最优解路径:

Best_route =

     7     8     0     0     0     0     0     0     0     0     0     0     0
     1     9     2    10     5     6     3     4    11    12     0     0     0

本次运算用时:3.406秒
算法在第4代时收敛

best
923.058692743855
923.058692743855
923.058692743855
870.272461992420
870.272461992420
870.272461992420
870.272461992420
870.272461992420
870.272461992420
870.272461992420
870.272461992420
870.272461992420
870.272461992420
870.272461992420
870.272461992420
870.272461992420
870.272461992420
870.272461992420
870.272461992420
870.272461992420
870.272461992420
870.272461992420
870.272461992420
870.272461992420
870.272461992420
870.272461992420
870.272461992420
870.272461992420
870.272461992420
870.272461992420
870.272461992420
870.272461992420
870.272461992420
870.272461992420
870.272461992420
870.272461992420
870.272461992420
870.272461992420
870.272461992420
870.272461992420
870.272461992420
870.272461992420
870.272461992420
870.272461992420
870.272461992420
870.272461992420
870.272461992420
870.272461992420
870.272461992420
870.272461992420
870.272461992420
870.272461992420
870.272461992420
870.272461992420
870.272461992420
870.272461992420
870.272461992420
870.272461992420
870.272461992420
870.272461992420
870.272461992420
870.272461992420
870.272461992420
870.272461992420
870.272461992420
870.272461992420
870.272461992420
870.272461992420
870.272461992420
870.272461992420
870.272461992420
870.272461992420
870.272461992420
870.272461992420
870.272461992420
870.272461992420
870.272461992420
870.272461992420
870.272461992420
870.272461992420
870.272461992420
870.272461992420
870.272461992420
870.272461992420
870.272461992420
870.272461992420
870.272461992420
870.272461992420
870.272461992420
870.272461992420
870.272461992420
870.272461992420
870.272461992420
870.272461992420
870.272461992420
870.272461992420
870.272461992420
870.272461992420
870.272461992420
870.272461992420

ave
1087.66793914164
1143.26230983991
1178.65998358827
1094.18085562007
1129.69553333736
1206.17041528019
1057.47888608750
1105.09314148860
1047.41861739870
1083.14353736005
1107.58538014033
1052.95257913395
1134.55912674059
1060.59123475168
1009.31686347419
1041.56140135784
1016.40764901052
1052.89643227083
1046.06428052183
1040.39220704908
1017.96365879578
975.397255442936
977.760109810105
1012.96012493743
1012.75527072430
984.515708630528
971.431643940209
1110.78499755155
961.777415216129
984.736266541843
979.658780570318
954.879825790780
1095.28454788400
1056.47784536539
1007.50335214301
1060.73955980878
1003.30253119240
967.719274281783
951.063243125874
1001.50328407970
952.496807760680
956.458047137782
952.361217604955
968.490649530108
974.127794444482
985.399608212788
979.387600258870
954.206247137783
979.074681884108
958.167486514886
951.547676670610
947.722027449231
994.019765818956
928.540548695025
937.001015946504
933.315329006473
951.631438421011
960.848029194414
947.377980512341
926.017568383576
928.269368383576
930.175013638999
930.385578227852
936.123236817340
926.017568383576
933.818507075971
919.668938850749
924.185977532846
926.017568383576
926.357839015890
948.749083153796
977.201756486743
919.668938850749
926.017568383576
926.017568383576
928.133778227852
952.247599661586
954.228219350138
954.228219350138
921.785148695025
921.785148695025
923.901358539300
923.901358539300
928.133778227852
926.017568383576
924.372303629582
954.228219350138
921.785148695025
954.228219350138
956.344429194414
936.390160823789
962.362197322226
921.785148695024
952.247599661586
949.995799661586
950.131389817310
923.901358539300
982.438870316700
921.785148695024
930.249988072128