实验环境：
VeiNum = 2
Q_ant = 75（trad100）
AntNum = 20 
iter_max = 200

抽取的客户节点编号为

Cus_select =

    81    32    98    15    13    52

各任务对应的的客户节点编号为

Task_Cus =

    81    32    98    15    13    52

cus：
35	35
35	35
35	35
55	54
35	69
19	21
30	5
30	25
27	43


task：
3	4	3	0	1
4	2	4	1	0
3	5	3	0	1
5	2	4	3	0
2	6	1	0	1
6	3	2	5	0
3	7	3	0	1
7	2	4	7	0
3	8	3	0	1
8	2	4	9	0
2	9	1	0	1
9	3	2	11	0


linktime
0	1.18965571120669	0.689655711206686	1.35000000000000	0.850000000000000	0	0.531507290636733	1.26034531628728	0.760345316287278	0.779508497187474	0.279508497187474	0	0.282842712474619
0.689655711206686	2.04597808908004	0	2.20632237787335	0.625000000000000	0.856322377873353	1.22091154470748	2.11666769416063	1.37522725394751	1.63583087506083	0.957209485953832	0.856322377873353	0.752080447824566
0	1.18965571120669	0.856322377873353	1.35000000000000	1.01666666666667	0	0.698173957303399	1.26034531628728	0.927011982953944	0.779508497187474	0.446175163854140	0	0.449509379141286
0.850000000000000	2.20632237787335	0.625000000000000	2.36666666666667	0	1.01666666666667	1.26491106406735	2.27701198295394	1.60487538457040	1.79617516385414	1.10707949127423	1.01666666666667	0.680073525436772
0	1.18965571120669	0.856322377873353	1.35000000000000	1.01666666666667	0	0.698173957303399	1.26034531628728	0.927011982953944	0.779508497187474	0.446175163854140	0	0.449509379141286
0.531507290636733	1.88782966851009	1.22091154470748	2.04817395730340	1.26491106406735	0.698173957303399	0	1.95851927359068	0.485412195973690	1.47768245449087	0.292617497767991	0.698173957303399	23.4093998214393
1.03150729063673	1.22091154470748	1.88782966851009	1.26491106406735	2.04817395730340	1.03150729063673	1.72968124794013	0.485412195973690	1.95851927359068	0.292617497767991	1.47768245449087	1.03150729063673	1.48101666977802
0.760345316287278	2.11666769416063	1.37522725394751	2.27701198295394	1.60487538457040	0.927011982953944	0.485412195973690	2.18735729924122	0	1.70652048014142	0.500000000000000	0.927011982953944	0.952955927627296
0	1.18965571120669	0.856322377873353	1.35000000000000	1.01666666666667	0	0.698173957303399	1.26034531628728	0.927011982953944	0.779508497187474	0.446175163854140	0	0.449509379141286
0.279508497187474	1.63583087506083	0.957209485953832	1.79617516385414	1.10707949127423	0.446175163854140	0.292617497767991	1.70652048014142	0.500000000000000	1.22568366104161	0	0.446175163854140	0.456207189772367
0	1.18965571120669	0.856322377873353	1.35000000000000	1.01666666666667	0	0.698173957303399	1.26034531628728	0.927011982953944	0.779508497187474	0.446175163854140	0	0.449509379141286
0.282842712474619	1.63916509034797	0.752080447824566	1.79950937914129	0.680073525436772	0.449509379141286	23.4093998214393	1.70985469542856	0.952955927627296	1.22901787632876	0.456207189772367	0.449509379141286	0
0.782842712474619	0.752080447824566	1.63916509034797	0.680073525436772	1.79950937914129	0.782842712474619	1.48101666977802	0.952955927627296	1.70985469542856	0.456207189772367	1.22901787632876	0.782842712474619	1.23235209161590

tasktime
0
0.166666666666667
1.35632237787335
0.166666666666667
1.51666666666667
1.19817395730340
0.166666666666667
0.166666666666667
1.42701198295394
0.166666666666667
0.946175163854140
0.949509379141286
0.166666666666667


1
4	2	4	0	0
5	2	4	0	0
2	6	1	0	1
7	2	4	0	0
8	2	4	0	0
2	9	1	0	1



2
3	4	3	0	1
3	5	3	0	1
6	3	2	0	0
3	7	3	0	1
3	8	3	0	1
9	3	2	0	0



linktime1
0	0.689655711206686	0.850000000000000	0	0.760345316287278	0.279508497187474	0
0	0.856322377873353	1.01666666666667	0	0.927011982953944	0.446175163854140	0
0	0.856322377873353	1.01666666666667	0	0.927011982953944	0.446175163854140	0
0.531507290636733	1.22091154470748	1.26491106406735	0.698173957303399	0.485412195973690	0.292617497767991	0.698173957303399
0	0.856322377873353	1.01666666666667	0	0.927011982953944	0.446175163854140	0
0	0.856322377873353	1.01666666666667	0	0.927011982953944	0.446175163854140	0
0.282842712474619	0.752080447824566	0.680073525436772	0.449509379141286	0.952955927627296	0.456207189772367	0.449509379141286

tasktime1
0
1.35632237787335
1.51666666666667
1.19817395730340
1.42701198295394
0.946175163854140
0.949509379141286


linktime2
0	1.18965571120669	1.35000000000000	0.531507290636733	1.26034531628728	0.779508497187474	0.282842712474619
0.689655711206686	2.04597808908004	2.20632237787335	1.22091154470748	2.11666769416063	1.63583087506083	0.752080447824566
0.850000000000000	2.20632237787335	2.36666666666667	1.26491106406735	2.27701198295394	1.79617516385414	0.680073525436772
1.03150729063673	1.22091154470748	1.26491106406735	1.72968124794013	0.485412195973690	0.292617497767991	1.48101666977802
0.760345316287278	2.11666769416063	2.27701198295394	0.485412195973690	2.18735729924122	1.70652048014142	0.952955927627296
0.279508497187474	1.63583087506083	1.79617516385414	0.292617497767991	1.70652048014142	1.22568366104161	0.456207189772367
0.782842712474619	0.752080447824566	0.680073525436772	1.48101666977802	0.952955927627296	0.456207189772367	1.23235209161590


tasktime2
0
0.166666666666667
0.166666666666667
0.166666666666667
0.166666666666667
0.166666666666667
0.166666666666667