最优解为:338.9712
最优解路径:

Best_route =

     0     0     0     0     0     0     0     0     0     0     0
     3     7     2     8     4    10     6     9     1     5     0
     0     0     0     0     0     0     0     0     0     0     0

本次运算用时:4.72秒
算法在第5代时收敛

best
344.624438731258
344.624438731258
342.999256485743
342.999256485743
338.971200196285
338.971200196285
338.971200196285
338.971200196285
338.971200196285
338.971200196285
338.971200196285
338.971200196285
338.971200196285
338.971200196285
338.971200196285
338.971200196285
338.971200196285
338.971200196285
338.971200196285
338.971200196285
338.971200196285
338.971200196285
338.971200196285
338.971200196285
338.971200196285
338.971200196285
338.971200196285
338.971200196285
338.971200196285
338.971200196285
338.971200196285
338.971200196285
338.971200196285
338.971200196285
338.971200196285
338.971200196285
338.971200196285
338.971200196285
338.971200196285
338.971200196285
338.971200196285
338.971200196285
338.971200196285
338.971200196285
338.971200196285
338.971200196285
338.971200196285
338.971200196285
338.971200196285
338.971200196285
338.971200196285
338.971200196285
338.971200196285
338.971200196285
338.971200196285
338.971200196285
338.971200196285
338.971200196285
338.971200196285
338.971200196285
338.971200196285
338.971200196285
338.971200196285
338.971200196285
338.971200196285
338.971200196285
338.971200196285
338.971200196285
338.971200196285
338.971200196285
338.971200196285
338.971200196285
338.971200196285
338.971200196285
338.971200196285
338.971200196285
338.971200196285
338.971200196285
338.971200196285
338.971200196285
338.971200196285
338.971200196285
338.971200196285
338.971200196285
338.971200196285
338.971200196285
338.971200196285
338.971200196285
338.971200196285
338.971200196285
338.971200196285
338.971200196285
338.971200196285
338.971200196285
338.971200196285
338.971200196285
338.971200196285
338.971200196285
338.971200196285
338.971200196285
338.971200196285
338.971200196285
338.971200196285
338.971200196285
338.971200196285
338.971200196285
338.971200196285
338.971200196285
338.971200196285
338.971200196285
338.971200196285
338.971200196285
338.971200196285
338.971200196285
338.971200196285
338.971200196285
338.971200196285
338.971200196285
338.971200196285
338.971200196285
338.971200196285
338.971200196285
338.971200196285
338.971200196285
338.971200196285
338.971200196285
338.971200196285
338.971200196285
338.971200196285
338.971200196285
338.971200196285
338.971200196285
338.971200196285
338.971200196285
338.971200196285
338.971200196285
338.971200196285
338.971200196285
338.971200196285
338.971200196285
338.971200196285
338.971200196285
338.971200196285
338.971200196285
338.971200196285
338.971200196285
338.971200196285
338.971200196285
338.971200196285
338.971200196285
338.971200196285
338.971200196285
338.971200196285
338.971200196285
338.971200196285
338.971200196285
338.971200196285
338.971200196285
338.971200196285
338.971200196285
338.971200196285
338.971200196285
338.971200196285
338.971200196285
338.971200196285
338.971200196285
338.971200196285
338.971200196285
338.971200196285
338.971200196285
338.971200196285
338.971200196285
338.971200196285
338.971200196285
338.971200196285
338.971200196285
338.971200196285
338.971200196285
338.971200196285
338.971200196285
338.971200196285
338.971200196285
338.971200196285
338.971200196285
338.971200196285
338.971200196285
338.971200196285
338.971200196285
338.971200196285
338.971200196285
338.971200196285
338.971200196285
338.971200196285
338.971200196285
338.971200196285
338.971200196285
338.971200196285
338.971200196285
338.971200196285
338.971200196285

ave
377.381574613875
434.786992358070
419.060037338204
447.121752331766
444.177985726507
399.471887556841
410.411736833036
386.434217160927
397.695576721364
379.642639084825
392.294455610631
392.511665136200
391.799069545557
381.144765310550
375.417804184119
344.204476130714
358.832046674614
373.939014119541
358.441770855221
344.628214259402
357.451199028042
343.035214437692
386.308074055028
388.673066310951
341.471283439163
386.280280353158
356.542463665236
341.634049487876
356.074254352662
370.275126391235
355.106069576934
368.880681260175
370.148886798390
340.141814008554
340.746197805791
339.535393176791
385.258938187219
355.596652253979
338.971200196285
339.699134734807
368.750556886492
338.971200196285
339.467830222749
338.971200196285
340.400888771247
354.181584198582
369.015084124498
339.664298163440
338.971200196285
354.491038538793
339.535393176791
338.971200196285
354.181584198582
339.206208302466
339.401966326396
339.600845134851
338.971200196285
338.971200196285
338.971200196285
338.971200196285
339.379209385130
338.971200196285
339.188930005446
338.971200196285
338.971200196285
354.122902342069
339.634284680894
338.971200196285
355.297959751971
338.971200196285
340.158425896265
354.515419511506
338.971200196285
338.971200196285
340.626919813378
338.971200196285
338.971200196285
338.971200196285
338.971200196285
339.119304399648
338.971200196285
354.892255849818
339.120981459214
339.535393176791
339.546782419211
339.763972355798
354.515419511506
338.971200196285
339.188930005446
338.971200196285
341.069356444011
354.211557172252
338.971200196285
338.971200196285
338.971200196285
339.817308850331
338.971200196285
338.971200196285
338.971200196285
338.971200196285
338.971200196285
339.119304399648
338.971200196285
338.971200196285
338.971200196285
338.971200196285
354.122902342069
339.119304399648
338.971200196285
338.971200196285
338.971200196285
338.971200196285
338.971200196285
338.971200196285
338.971200196285
338.971200196285
338.971200196285
338.971200196285
340.081967850732
338.971200196285
338.971200196285
338.971200196285
338.971200196285
338.971200196285
339.937087279522
338.971200196285
338.971200196285
338.971200196285
338.971200196285
338.971200196285
338.971200196285
338.971200196285
338.971200196285
338.971200196285
338.971200196285
338.971200196285
338.971200196285
338.971200196285
338.971200196285
338.971200196285
338.971200196285
338.971200196285
338.971200196285
338.971200196285
338.971200196285
338.971200196285
338.971200196285
338.971200196285
338.971200196285
339.664298163440
338.971200196285
339.644313731367
338.971200196285
338.971200196285
338.971200196285
354.515419511506
338.971200196285
339.379995472202
339.776919494712
339.336094710126
354.122902342069
338.971200196285
339.253862123034
338.971200196285
338.971200196285
338.971200196285
338.971200196285
339.911322359036
338.971200196285
338.971200196285
338.971200196285
338.971200196285
339.685839034459
338.971200196285
339.467830222749
353.995281405712
338.971200196285
338.971200196285
339.119304399648
338.971200196285
340.314200965868
338.971200196285
338.971200196285
338.971200196285
340.050116202027
354.125942438017
353.860878541388
338.971200196285
339.206208302466
338.971200196285
354.125942438017
339.698049353502
354.181584198582
338.971200196285
339.119304399648
338.971200196285
338.971200196285
338.971200196285
338.971200196285
338.971200196285