最优解为:315.2942
最优解路径:

Best_route =

     8     3     7     4    10     1     5     6     9     2     0
     0     0     0     0     0     0     0     0     0     0     0
     0     0     0     0     0     0     0     0     0     0     0

本次运算用时:4.923秒
算法在第103代时收敛

best
316.963319195754
316.963319195754
315.518172083783
315.518172083783
315.518172083783
315.518172083783
315.518172083783
315.518172083783
315.518172083783
315.518172083783
315.518172083783
315.518172083783
315.518172083783
315.518172083783
315.518172083783
315.518172083783
315.518172083783
315.518172083783
315.518172083783
315.518172083783
315.518172083783
315.518172083783
315.518172083783
315.518172083783
315.518172083783
315.518172083783
315.518172083783
315.518172083783
315.518172083783
315.518172083783
315.518172083783
315.518172083783
315.518172083783
315.518172083783
315.518172083783
315.518172083783
315.518172083783
315.518172083783
315.518172083783
315.518172083783
315.518172083783
315.518172083783
315.518172083783
315.518172083783
315.518172083783
315.518172083783
315.518172083783
315.518172083783
315.518172083783
315.518172083783
315.518172083783
315.518172083783
315.518172083783
315.518172083783
315.518172083783
315.518172083783
315.518172083783
315.518172083783
315.518172083783
315.518172083783
315.518172083783
315.518172083783
315.518172083783
315.518172083783
315.518172083783
315.518172083783
315.518172083783
315.518172083783
315.518172083783
315.518172083783
315.518172083783
315.518172083783
315.518172083783
315.518172083783
315.518172083783
315.518172083783
315.518172083783
315.518172083783
315.518172083783
315.518172083783
315.518172083783
315.518172083783
315.518172083783
315.518172083783
315.518172083783
315.518172083783
315.518172083783
315.518172083783
315.518172083783
315.518172083783
315.518172083783
315.518172083783
315.518172083783
315.518172083783
315.518172083783
315.518172083783
315.518172083783
315.518172083783
315.518172083783
315.518172083783
315.518172083783
315.518172083783
315.294214999460
315.294214999460
315.294214999460
315.294214999460
315.294214999460
315.294214999460
315.294214999460
315.294214999460
315.294214999460
315.294214999460
315.294214999460
315.294214999460
315.294214999460
315.294214999460
315.294214999460
315.294214999460
315.294214999460
315.294214999460
315.294214999460
315.294214999460
315.294214999460
315.294214999460
315.294214999460
315.294214999460
315.294214999460
315.294214999460
315.294214999460
315.294214999460
315.294214999460
315.294214999460
315.294214999460
315.294214999460
315.294214999460
315.294214999460
315.294214999460
315.294214999460
315.294214999460
315.294214999460
315.294214999460
315.294214999460
315.294214999460
315.294214999460
315.294214999460
315.294214999460
315.294214999460
315.294214999460
315.294214999460
315.294214999460
315.294214999460
315.294214999460
315.294214999460
315.294214999460
315.294214999460
315.294214999460
315.294214999460
315.294214999460
315.294214999460
315.294214999460
315.294214999460
315.294214999460
315.294214999460
315.294214999460
315.294214999460
315.294214999460
315.294214999460
315.294214999460
315.294214999460
315.294214999460
315.294214999460
315.294214999460
315.294214999460
315.294214999460
315.294214999460
315.294214999460
315.294214999460
315.294214999460
315.294214999460
315.294214999460
315.294214999460
315.294214999460
315.294214999460
315.294214999460
315.294214999460
315.294214999460
315.294214999460
315.294214999460
315.294214999460
315.294214999460
315.294214999460
315.294214999460
315.294214999460
315.294214999460
315.294214999460
315.294214999460
315.294214999460
315.294214999460
315.294214999460
315.294214999460

ave
537.108972424059
595.173024034935
487.870694118636
456.960869862901
441.384300236868
457.091071276471
426.761338914191
425.257403632177
454.800639690018
438.441860277026
438.906125095236
391.024009973568
408.022901029531
391.620431786789
392.132713483808
422.726588608432
424.297654238703
331.266073097278
408.239001331282
346.308537300671
408.158188440541
361.954304890399
361.046448134408
345.648296457466
408.771379408557
345.935438192353
346.749809437024
346.150214675588
315.518172083783
330.701368926720
361.429452380462
315.518172083783
345.516646150813
345.919190309668
331.505074780417
346.620859099261
315.742018632468
330.506974229567
315.518172083783
331.027764035257
315.518172083783
315.518172083783
315.518172083783
330.518172083783
331.116168760983
315.518172083783
315.518172083783
315.518172083783
315.518172083783
315.714480415779
315.518172083783
315.518172083783
315.518172083783
315.518172083783
315.518172083783
315.518172083783
330.776628289262
315.518172083783
315.518172083783
315.518172083783
315.518172083783
330.518172083783
315.518172083783
330.445847796821
330.695343760983
315.518172083783
315.518172083783
315.518172083783
315.518172083783
315.518172083783
315.518172083783
315.518172083783
315.518172083783
315.518172083783
315.518172083783
315.518172083783
315.518172083783
315.742018632468
315.518172083783
315.518172083783
315.742018632468
330.518172083783
315.518172083783
315.518172083783
315.518172083783
315.518172083783
315.518172083783
315.518172083783
315.518172083783
315.518172083783
315.518172083783
315.518172083783
315.518172083783
315.518172083783
315.561274229567
315.518172083783
315.518172083783
315.518172083783
315.518172083783
315.518172083783
315.518172083783
315.518172083783
315.506974229567
315.506974229567
330.484578521135
315.473380666919
315.473380666919
330.327808562109
315.327808562109
315.372599978973
315.350204270541
315.350204270541
315.316610707893
330.294214999460
315.305412853677
315.327808562109
315.294214999460
315.294214999460
315.316610707893
315.294214999460
315.327808562109
330.294214999460
315.294214999460
315.305412853677
315.294214999460
315.305412853677
315.305412853677
315.305412853677
315.294214999460
330.474959402361
315.640018873110
315.294214999460
330.294214999460
330.653531162684
315.294214999460
315.305412853677
330.294214999460
330.552671204939
315.474959402361
330.640018873110
346.082704470963
345.791484164416
315.294214999460
315.305412853677
315.294214999460
315.474959402361
330.652131079561
315.294214999460
360.902665645565
345.294214999460
330.294214999460
315.294214999460
345.552671204939
315.294214999460
315.294214999460
315.294214999460
315.294214999460
330.221890712498
331.423543455644
330.552671204939
315.294214999460
315.294214999460
315.294214999460
315.294214999460
315.294214999460
331.528014235546
330.294214999460
315.294214999460
315.707297236252
330.294214999460
315.294214999460
315.305412853677
315.294214999460
315.294214999460
315.294214999460
330.675534314682
315.294214999460
330.471386676660
330.733415607840
315.294214999460
315.294214999460
315.294214999460
330.675534314682
315.294214999460
315.294214999460
315.294214999460
315.294214999460
315.294214999460
330.474959402361
315.294214999460
330.856278717583
330.474959402361
361.246192699692
330.294214999460
315.820763276011
315.294214999460
315.294214999460
330.652131079561
315.294214999460
330.466131122398