最优解为:1881.8352
最优解路径:

Best_route =

  1 至 24 列

    12    29     5     4    45    16    22    30     0     0     0     0     0     0     0     0     0     0     0     0     0     0     0     0
    15     2     6    28    25    47    23    14    18     0     0     0     0     0     0     0     0     0     0     0     0     0     0     0
     0     0     0     0     0     0     0     0     0     0     0     0     0     0     0     0     0     0     0     0     0     0     0     0
     0     0     0     0     0     0     0     0     0     0     0     0     0     0     0     0     0     0     0     0     0     0     0     0
     3    44    39    34    37    13    19     9    42     0     0     0     0     0     0     0     0     0     0     0     0     0     0     0
    40     7    46    10    33    36    49    11     0     0     0     0     0     0     0     0     0     0     0     0     0     0     0     0
     0     0     0     0     0     0     0     0     0     0     0     0     0     0     0     0     0     0     0     0     0     0     0     0
    17    20    50    32    38    48    27     8     0     0     0     0     0     0     0     0     0     0     0     0     0     0     0     0
    41    43     1    31    35    26    24    21     0     0     0     0     0     0     0     0     0     0     0     0     0     0     0     0

  25 至 48 列

     0     0     0     0     0     0     0     0     0     0     0     0     0     0     0     0     0     0     0     0     0     0     0     0
     0     0     0     0     0     0     0     0     0     0     0     0     0     0     0     0     0     0     0     0     0     0     0     0
     0     0     0     0     0     0     0     0     0     0     0     0     0     0     0     0     0     0     0     0     0     0     0     0
     0     0     0     0     0     0     0     0     0     0     0     0     0     0     0     0     0     0     0     0     0     0     0     0
     0     0     0     0     0     0     0     0     0     0     0     0     0     0     0     0     0     0     0     0     0     0     0     0
     0     0     0     0     0     0     0     0     0     0     0     0     0     0     0     0     0     0     0     0     0     0     0     0
     0     0     0     0     0     0     0     0     0     0     0     0     0     0     0     0     0     0     0     0     0     0     0     0
     0     0     0     0     0     0     0     0     0     0     0     0     0     0     0     0     0     0     0     0     0     0     0     0
     0     0     0     0     0     0     0     0     0     0     0     0     0     0     0     0     0     0     0     0     0     0     0     0

  49 至 51 列

     0     0     0
     0     0     0
     0     0     0
     0     0     0
     0     0     0
     0     0     0
     0     0     0
     0     0     0
     0     0     0

本次运算用时:313.922秒
算法在第338代时收敛

best
2218.44047055406
1921.37126842384
1921.37126842384
1915.91839108763
1915.91839108763
1915.91839108763
1915.91839108763
1915.45568801907
1915.45568801907
1915.45568801907
1903.86675332119
1903.86675332119
1903.86675332119
1903.86675332119
1903.86675332119
1903.86675332119
1902.75448411980
1902.75448411980
1902.75448411980
1902.75448411980
1902.75448411980
1902.75448411980
1902.75448411980
1902.75448411980
1902.75448411980
1902.75448411980
1902.75448411980
1902.75448411980
1902.75448411980
1898.91999143714
1898.91999143714
1898.91999143714
1898.91999143714
1898.28399662000
1891.03054874897
1891.03054874897
1891.03054874897
1891.03054874897
1891.03054874897
1891.03054874897
1891.03054874897
1891.03054874897
1891.03054874897
1888.74289273624
1888.74289273624
1888.74289273624
1888.74289273624
1888.74289273624
1885.15175076238
1885.15175076238
1885.15175076238
1885.15175076238
1885.15175076238
1885.15175076238
1885.15175076238
1885.15175076238
1885.15175076238
1885.15175076238
1885.15175076238
1885.15175076238
1885.15175076238
1885.15175076238
1885.15175076238
1885.15175076238
1885.15175076238
1885.15175076238
1885.15175076238
1885.15175076238
1885.15175076238
1885.15175076238
1885.15175076238
1885.15175076238
1885.15175076238
1885.15175076238
1885.15175076238
1885.15175076238
1885.15175076238
1885.15175076238
1885.15175076238
1885.15175076238
1885.15175076238
1885.15175076238
1885.15175076238
1885.15175076238
1885.15175076238
1885.15175076238
1885.15175076238
1884.31696897629
1884.31696897629
1884.31696897629
1884.31696897629
1884.31696897629
1884.16874414711
1884.16874414711
1884.16874414711
1883.95113327999
1883.95113327999
1883.95113327999
1883.95113327999
1883.95113327999
1883.23096897629
1883.23096897629
1883.23096897629
1883.23096897629
1883.23096897629
1883.23096897629
1883.23096897629
1883.23096897629
1883.23096897629
1883.23096897629
1883.23096897629
1883.23096897629
1882.41646897629
1882.41646897629
1882.41646897629
1882.41646897629
1882.41646897629
1882.41646897629
1882.41646897629
1882.41646897629
1882.41646897629
1882.41646897629
1882.41646897629
1882.41646897629
1882.41646897629
1882.41646897629
1882.41646897629
1882.41646897629
1882.41646897629
1882.41646897629
1882.41646897629
1882.41646897629
1882.41646897629
1882.41646897629
1882.41646897629
1882.41646897629
1882.41646897629
1882.41646897629
1882.41646897629
1882.41646897629
1882.41646897629
1882.41646897629
1882.41646897629
1882.41646897629
1882.41646897629
1882.41646897629
1882.41646897629
1882.41646897629
1882.41646897629
1882.41646897629
1882.41646897629
1882.41646897629
1882.41646897629
1882.41646897629
1882.41646897629
1882.41646897629
1882.41646897629
1882.41646897629
1882.41646897629
1882.41646897629
1882.41646897629
1882.41646897629
1882.41646897629
1882.41646897629
1882.41646897629
1882.41646897629
1882.41646897629
1882.41646897629
1882.41646897629
1882.41646897629
1882.41646897629
1882.41646897629
1882.41646897629
1882.41646897629
1882.41646897629
1882.41646897629
1882.41646897629
1882.41646897629
1882.41646897629
1882.41646897629
1882.41646897629
1882.41646897629
1882.41646897629
1882.41646897629
1882.41646897629
1882.41646897629
1882.41646897629
1882.41646897629
1882.41646897629
1882.41646897629
1882.41646897629
1882.41646897629
1882.41646897629
1882.41646897629
1882.41646897629
1882.41646897629
1882.41646897629
1882.41646897629
1882.41646897629
1882.41646897629
1882.41646897629
1882.41646897629
1882.41646897629
1882.41646897629
1882.41646897629
1882.41646897629
1882.41646897629
1882.41646897629
1882.41646897629
1882.41646897629
1882.41646897629
1882.41646897629
1882.41646897629
1882.41646897629
1882.41646897629
1882.41646897629
1882.41646897629
1882.41646897629
1882.41646897629
1882.41646897629
1882.41646897629
1882.41646897629
1882.41646897629
1882.41646897629
1882.41646897629
1882.41646897629
1882.41646897629
1882.41646897629
1882.41646897629
1882.41646897629
1882.41646897629
1882.41646897629
1882.41646897629
1882.41646897629
1882.41646897629
1882.41646897629
1882.41646897629
1882.41646897629
1882.41646897629
1882.41646897629
1882.41646897629
1882.41646897629
1882.41646897629
1882.41646897629
1882.41646897629
1882.41646897629
1882.41646897629
1882.41646897629
1882.41646897629
1882.41646897629
1882.41646897629
1882.41646897629
1882.41646897629
1882.41646897629
1882.41646897629
1882.41646897629
1882.41646897629
1882.41646897629
1882.41646897629
1882.41646897629
1882.41646897629
1882.41646897629
1882.41646897629
1882.41646897629
1882.41646897629
1882.41646897629
1882.41646897629
1882.41646897629
1882.41646897629
1882.41646897629
1882.41646897629
1882.41646897629
1882.41646897629
1882.41646897629
1882.41646897629
1882.41646897629
1882.41646897629
1882.41646897629
1882.41646897629
1882.41646897629
1882.41646897629
1882.41646897629
1882.41646897629
1882.41646897629
1882.41646897629
1882.41646897629
1882.41646897629
1882.41646897629
1882.41646897629
1882.11275950705
1882.11275950705
1882.11275950705
1882.11275950705
1882.11275950705
1882.11275950705
1882.11275950705
1882.11275950705
1882.11275950705
1882.11275950705
1882.11275950705
