最优解为:825.9799
最优解路径:

Best_route =

    11     3     4     9    10     7     8     0     0     0     0     0     0
     5    12     1     6     2     0     0     0     0     0     0     0     0

本次运算用时:6.15秒
算法在第2代时收敛

best
905.001408308091
825.979909793448
825.979909793448
825.979909793448
825.979909793448
825.979909793448
825.979909793448
825.979909793448
825.979909793448
825.979909793448
825.979909793448
825.979909793448
825.979909793448
825.979909793448
825.979909793448
825.979909793448
825.979909793448
825.979909793448
825.979909793448
825.979909793448
825.979909793448
825.979909793448
825.979909793448
825.979909793448
825.979909793448
825.979909793448
825.979909793448
825.979909793448
825.979909793448
825.979909793448
825.979909793448
825.979909793448
825.979909793448
825.979909793448
825.979909793448
825.979909793448
825.979909793448
825.979909793448
825.979909793448
825.979909793448
825.979909793448
825.979909793448
825.979909793448
825.979909793448
825.979909793448
825.979909793448
825.979909793448
825.979909793448
825.979909793448
825.979909793448
825.979909793448
825.979909793448
825.979909793448
825.979909793448
825.979909793448
825.979909793448
825.979909793448
825.979909793448
825.979909793448
825.979909793448
825.979909793448
825.979909793448
825.979909793448
825.979909793448
825.979909793448
825.979909793448
825.979909793448
825.979909793448
825.979909793448
825.979909793448
825.979909793448
825.979909793448
825.979909793448
825.979909793448
825.979909793448
825.979909793448
825.979909793448
825.979909793448
825.979909793448
825.979909793448
825.979909793448
825.979909793448
825.979909793448
825.979909793448
825.979909793448
825.979909793448
825.979909793448
825.979909793448
825.979909793448
825.979909793448
825.979909793448
825.979909793448
825.979909793448
825.979909793448
825.979909793448
825.979909793448
825.979909793448
825.979909793448
825.979909793448
825.979909793448
825.979909793448
825.979909793448
825.979909793448
825.979909793448
825.979909793448
825.979909793448
825.979909793448
825.979909793448
825.979909793448
825.979909793448
825.979909793448
825.979909793448
825.979909793448
825.979909793448
825.979909793448
825.979909793448
825.979909793448
825.979909793448
825.979909793448
825.979909793448
825.979909793448
825.979909793448
825.979909793448
825.979909793448
825.979909793448
825.979909793448
825.979909793448
825.979909793448
825.979909793448
825.979909793448
825.979909793448
825.979909793448
825.979909793448
825.979909793448
825.979909793448
825.979909793448
825.979909793448
825.979909793448
825.979909793448
825.979909793448
825.979909793448
825.979909793448
825.979909793448
825.979909793448
825.979909793448
825.979909793448
825.979909793448
825.979909793448
825.979909793448
825.979909793448
825.979909793448
825.979909793448
825.979909793448
825.979909793448
825.979909793448
825.979909793448
825.979909793448
825.979909793448
825.979909793448
825.979909793448
825.979909793448
825.979909793448
825.979909793448
825.979909793448
825.979909793448
825.979909793448
825.979909793448
825.979909793448
825.979909793448
825.979909793448
825.979909793448
825.979909793448
825.979909793448
825.979909793448
825.979909793448
825.979909793448
825.979909793448
825.979909793448
825.979909793448
825.979909793448
825.979909793448
825.979909793448
825.979909793448
825.979909793448
825.979909793448
825.979909793448
825.979909793448
825.979909793448
825.979909793448
825.979909793448
825.979909793448
825.979909793448
825.979909793448
825.979909793448
825.979909793448
825.979909793448
825.979909793448
825.979909793448
825.979909793448
825.979909793448

ave
1044.13722876600
1042.02782179155
1019.03519632145
966.910517020268
1028.48211106067
1037.49927129561
998.084863517332
1011.34902050926
1018.49623212028
1010.33056194239
996.812171154268
966.479690203780
1005.43371587958
1032.82980330854
998.426565700171
974.303331581295
1006.12952899224
964.299502004902
916.108065590684
902.509831553443
965.312829111110
881.361105262592
963.581398918369
910.070128583391
891.853783928387
942.228747250959
876.090103113689
950.169326571681
866.034331025249
875.495395689722
905.652591304593
915.931698736270
881.083102911657
871.314838557058
878.632227012581
889.001161368949
844.895215446182
874.819072781061
886.020916553356
874.044393409887
900.210059532113
865.460157136849
832.085185661755
834.258206491106
860.341039841465
848.344208388133
907.619558118562
855.773973539758
841.749505413225
841.611878386337
882.038428272434
885.931280050703
841.386679137192
848.917033110850
863.519265263989
844.709071248576
871.396633197586
861.791284827195
847.930874537927
852.062743143806
840.501109386303
864.846915485920
891.708986566528
865.691739913979
860.389985864975
867.840647864170
868.090053402296
860.065333018148
891.960462662616
882.533399605684
840.501109386303
858.967957579756
876.597990046708
850.358122674188
846.316710141368
855.773973539758
847.854781281533
851.489918421090
897.410581840460
858.816936991225
872.384937885186
848.344208388133
856.147991419179
857.595194289397
848.503699260643
878.479384389271
847.717154254644
888.115225549365
869.414542685613
850.423143776485
902.069486241070
840.501109386303
876.884592720258
846.606385254610
848.917033110850
880.500357132269
840.501109386303
844.376988245457
856.552476636084
851.649409293600
844.971308702576
854.608975128951
853.960057149840
840.501109386303
848.917033110850
906.663283637788
867.755644388285
869.156828046901
851.805856207265
875.172884076342
854.635628454047
850.042715550872
868.033782649237
845.957467275499
844.709071248576
876.520918540534
838.866032834269
837.541543550952
864.948866184627
871.235763435252
883.951661941939
925.836303929234
859.568601551825
869.167246645304
864.927937913624
872.040300625857
867.001249463087
841.410573583927
844.709071248576
834.395833517995
855.857371155874
888.989378257867
847.854781281533
857.099611618452
863.882091540022
856.133077979191
834.395833517995
856.147991419179
833.333581688678
856.271532708250
858.168019012114
844.709071248576
875.519818553920
849.541995313872
868.090053402296
850.814347116884
866.291477182437
866.192739396262
850.165429137773
852.156698894047
871.311856691647
846.606385254610
848.660146174308
885.804577693125
846.215181914211
857.692199701265
838.603795380269
838.603795380269
842.811757242542
851.227680967090
871.587563514964
844.136246525860
858.168019012114
888.325325523059
854.631105638758
863.624376901310
860.479494570524
872.298015264569
844.709071248576
874.195329270603
847.358049815211
872.792792888628
848.724346471964
871.462953087853
855.022308979157
864.806716342450
854.548222042616
848.917033110850
875.519818553920
842.356896421152
875.000694163379
850.814347116884
840.501109386303
866.692540987894
846.606385254610
842.398423392336
874.551652165603
865.355776693179
835.463435864771
882.220049654751
853.960057149840
868.710220487415
844.136246525860
843.722912675653
848.917033110850
866.192739396262
844.709071248576
854.635628454046
871.042307262840
882.539911271727