最优解为:1092.0523
最优解路径:

Best_route =

    11    12    15    16     5     6     3     4     0     0     0     0     0     0     0     0     0
    13    14     1     2     9    10     7     8     0     0     0     0     0     0     0     0     0

本次运算用时:11.468秒
算法在第1代时收敛

best
1092.05232988743
1092.05232988743
1092.05232988743
1092.05232988743
1092.05232988743
1092.05232988743
1092.05232988743
1092.05232988743
1092.05232988743
1092.05232988743
1092.05232988743
1092.05232988743
1092.05232988743
1092.05232988743
1092.05232988743
1092.05232988743
1092.05232988743
1092.05232988743
1092.05232988743
1092.05232988743
1092.05232988743
1092.05232988743
1092.05232988743
1092.05232988743
1092.05232988743
1092.05232988743
1092.05232988743
1092.05232988743
1092.05232988743
1092.05232988743
1092.05232988743
1092.05232988743
1092.05232988743
1092.05232988743
1092.05232988743
1092.05232988743
1092.05232988743
1092.05232988743
1092.05232988743
1092.05232988743
1092.05232988743
1092.05232988743
1092.05232988743
1092.05232988743
1092.05232988743
1092.05232988743
1092.05232988743
1092.05232988743
1092.05232988743
1092.05232988743
1092.05232988743
1092.05232988743
1092.05232988743
1092.05232988743
1092.05232988743
1092.05232988743
1092.05232988743
1092.05232988743
1092.05232988743
1092.05232988743
1092.05232988743
1092.05232988743
1092.05232988743
1092.05232988743
1092.05232988743
1092.05232988743
1092.05232988743
1092.05232988743
1092.05232988743
1092.05232988743
1092.05232988743
1092.05232988743
1092.05232988743
1092.05232988743
1092.05232988743
1092.05232988743
1092.05232988743
1092.05232988743
1092.05232988743
1092.05232988743
1092.05232988743
1092.05232988743
1092.05232988743
1092.05232988743
1092.05232988743
1092.05232988743
1092.05232988743
1092.05232988743
1092.05232988743
1092.05232988743
1092.05232988743
1092.05232988743
1092.05232988743
1092.05232988743
1092.05232988743
1092.05232988743
1092.05232988743
1092.05232988743
1092.05232988743
1092.05232988743
1092.05232988743
1092.05232988743
1092.05232988743
1092.05232988743
1092.05232988743
1092.05232988743
1092.05232988743
1092.05232988743
1092.05232988743
1092.05232988743
1092.05232988743
1092.05232988743
1092.05232988743
1092.05232988743
1092.05232988743
1092.05232988743
1092.05232988743
1092.05232988743
1092.05232988743
1092.05232988743
1092.05232988743
1092.05232988743
1092.05232988743
1092.05232988743
1092.05232988743
1092.05232988743
1092.05232988743
1092.05232988743
1092.05232988743
1092.05232988743
1092.05232988743
1092.05232988743
1092.05232988743
1092.05232988743
1092.05232988743
1092.05232988743
1092.05232988743
1092.05232988743
1092.05232988743
1092.05232988743
1092.05232988743
1092.05232988743
1092.05232988743
1092.05232988743
1092.05232988743
1092.05232988743
1092.05232988743
1092.05232988743
1092.05232988743
1092.05232988743
1092.05232988743
1092.05232988743
1092.05232988743
1092.05232988743
1092.05232988743
1092.05232988743
1092.05232988743
1092.05232988743
1092.05232988743
1092.05232988743
1092.05232988743
1092.05232988743
1092.05232988743
1092.05232988743
1092.05232988743
1092.05232988743
1092.05232988743
1092.05232988743
1092.05232988743
1092.05232988743
1092.05232988743
1092.05232988743
1092.05232988743
1092.05232988743
1092.05232988743
1092.05232988743
1092.05232988743
1092.05232988743
1092.05232988743
1092.05232988743
1092.05232988743
1092.05232988743
1092.05232988743
1092.05232988743
1092.05232988743
1092.05232988743
1092.05232988743
1092.05232988743
1092.05232988743
1092.05232988743
1092.05232988743
1092.05232988743
1092.05232988743
1092.05232988743
1092.05232988743
1092.05232988743
1092.05232988743
1092.05232988743
1092.05232988743
1092.05232988743

ave
1097.97104198360
1097.24022102382
1096.34655701473
1095.60432660744
1095.30419449329
1095.08803880508
1094.78645929353
1095.33665314883
1095.58523162794
1094.67321132495
1094.66910620544
1094.87807609943
1093.99872486344
1094.14521262411
1093.63094443504
1093.19088560316
1093.32294465210
1093.47754267752
1093.73626237112
1092.89165882320
1092.94246081588
1093.16213250651
1093.61004054366
1095.30946073636
1094.21394850221
1094.04202707974
1092.56882008546
1093.95660365268
1092.62995173100
1093.33340590991
1092.05232988743
1092.39434795543
1092.78908557509
1092.05232988743
1092.68306452659
1092.61856413563
1093.53863213066
1092.94762835826
1093.02893329357
1092.54894004802
1092.57056335899
1092.38761416305
1092.51214984322
1093.90653245763
1093.05124143464
1092.80784269799
1092.76959878157
1092.51214984322
1092.70512941759
1093.51765778202
1092.28793366301
1093.46845672604
1092.64133932637
1093.18474632454
1092.62023969905
1093.26029312625
1092.74775361879
1092.73804158684
1093.10624846296
1092.61856413563
1093.17667954229
1093.06867205946
1093.17526337542
1093.45233962569
1092.28793366301
1093.62984807871
1093.64491462084
1092.17013177522
1092.54894004802
1092.68940507505
1092.17013177522
1092.28793366301
1092.74942918221
1092.96523600662
1092.62321793863
1092.39602351884
1093.76160320327
1092.86818292527
1092.05232988743
1093.68658473287
1092.52353743859
1092.91113140578
1092.43667546876
1093.06659207008
1093.18271839445
1092.93717574651
1093.29872537297
1092.77483179164
1094.99384515322
1094.94313524782
1094.00267780598
1093.12644984010
1093.62072228853
1093.86352306969
1094.39804057691
1094.03218678910
1094.06608184061
1094.02190399404
1093.95966754819
1094.18320571329
1094.42227060578
1094.54918483872
1094.44302034382
1093.67878112574
1094.09525185669
1094.10909209840
1092.73636602342
1092.50243781126
1092.84910968225
1093.31996641252
1093.84496479416
1093.87104692867
1094.67046007501
1094.20688013132
1093.73719464151
1094.49350741543
1093.95106305462
1094.17627479186
1093.77886331367
1094.97753559985
1093.99085209472
1094.28944324462
1093.91438490131
1094.01510282439
1094.63944587448
1093.90299730594
1094.04776531508
1095.15554225036
1094.36281726173
1094.17922992540
1094.34293448621
1094.22478030689
1094.12978884554
1093.56097923795
1094.74294606833
1093.66739353036
1094.06530749576
1094.74005864491
1094.32446080693
1094.02596673611
1094.19805442557
1094.45993786343
1093.92577249668
1093.90202244971
1094.31980700393
1094.10012240231
1094.13118927404
1094.31946803689
1093.66390105575
1093.86841950998
1093.89160971057
1093.44922839808
1093.89328527399
1094.34171763440
1094.03692522416
1094.04357438447
1094.18666683020
1094.31603333689
1094.13186728914
1093.96344620703
1093.60398675766
1094.27917816005
1094.16137627226
1093.04387126749
1093.06867205946
1092.61183034326
1094.15815340412
1093.99663895382
1094.09559082373
1093.33011493820
1092.98218694446
1092.50541605084
1093.48903282066
1093.16972497136
1092.64535498899
1092.57555387784
1092.39434795543
1092.46414906658
1093.45403023077
1093.00791588663
1093.25314947378
1092.91425699041
1093.04053548820
1092.86661603566
1092.43219868930
1093.17812956350
1092.85690400370
1092.80493171263
1093.41814727716
1093.05959561003
1092.81861525902
1093.23436442793
1092.90752319803
1094.17301689735
1092.87338565530
1092.96523600662
1092.75380466671
1093.19862950402
1093.72792275103
1092.85988224328