最优解为:1026.0657
最优解路径:

Best_route =

     7     8     3     4     5     6     1     2    13    14    10     0     0     0     0     0     0
    11    12    15    16     9     0     0     0     0     0     0     0     0     0     0     0     0

本次运算用时:7.531秒
算法在第20代时收敛

best
1031.29016620227
1026.72705595979
1026.72705595979
1026.72705595979
1026.72705595979
1026.72705595979
1026.72705595979
1026.72705595979
1026.72705595979
1026.72705595979
1026.72705595979
1026.72705595979
1026.72705595979
1026.72705595979
1026.72705595979
1026.72705595979
1026.72705595979
1026.72705595979
1026.72705595979
1026.06567971464
1026.06567971464
1026.06567971464
1026.06567971464
1026.06567971464
1026.06567971464
1026.06567971464
1026.06567971464
1026.06567971464
1026.06567971464
1026.06567971464
1026.06567971464
1026.06567971464
1026.06567971464
1026.06567971464
1026.06567971464
1026.06567971464
1026.06567971464
1026.06567971464
1026.06567971464
1026.06567971464
1026.06567971464
1026.06567971464
1026.06567971464
1026.06567971464
1026.06567971464
1026.06567971464
1026.06567971464
1026.06567971464
1026.06567971464
1026.06567971464
1026.06567971464
1026.06567971464
1026.06567971464
1026.06567971464
1026.06567971464
1026.06567971464
1026.06567971464
1026.06567971464
1026.06567971464
1026.06567971464
1026.06567971464
1026.06567971464
1026.06567971464
1026.06567971464
1026.06567971464
1026.06567971464
1026.06567971464
1026.06567971464
1026.06567971464
1026.06567971464
1026.06567971464
1026.06567971464
1026.06567971464
1026.06567971464
1026.06567971464
1026.06567971464
1026.06567971464
1026.06567971464
1026.06567971464
1026.06567971464
1026.06567971464
1026.06567971464
1026.06567971464
1026.06567971464
1026.06567971464
1026.06567971464
1026.06567971464
1026.06567971464
1026.06567971464
1026.06567971464
1026.06567971464
1026.06567971464
1026.06567971464
1026.06567971464
1026.06567971464
1026.06567971464
1026.06567971464
1026.06567971464
1026.06567971464
1026.06567971464
1026.06567971464
1026.06567971464
1026.06567971464
1026.06567971464
1026.06567971464
1026.06567971464
1026.06567971464
1026.06567971464
1026.06567971464
1026.06567971464
1026.06567971464
1026.06567971464
1026.06567971464
1026.06567971464
1026.06567971464
1026.06567971464
1026.06567971464
1026.06567971464
1026.06567971464
1026.06567971464
1026.06567971464
1026.06567971464
1026.06567971464
1026.06567971464
1026.06567971464
1026.06567971464
1026.06567971464
1026.06567971464
1026.06567971464
1026.06567971464
1026.06567971464
1026.06567971464
1026.06567971464
1026.06567971464
1026.06567971464
1026.06567971464
1026.06567971464
1026.06567971464
1026.06567971464
1026.06567971464
1026.06567971464
1026.06567971464
1026.06567971464
1026.06567971464
1026.06567971464
1026.06567971464
1026.06567971464
1026.06567971464
1026.06567971464
1026.06567971464
1026.06567971464
1026.06567971464
1026.06567971464
1026.06567971464
1026.06567971464
1026.06567971464
1026.06567971464
1026.06567971464
1026.06567971464
1026.06567971464
1026.06567971464
1026.06567971464
1026.06567971464
1026.06567971464
1026.06567971464
1026.06567971464
1026.06567971464
1026.06567971464
1026.06567971464
1026.06567971464
1026.06567971464
1026.06567971464
1026.06567971464
1026.06567971464
1026.06567971464
1026.06567971464
1026.06567971464
1026.06567971464
1026.06567971464
1026.06567971464
1026.06567971464
1026.06567971464
1026.06567971464
1026.06567971464
1026.06567971464
1026.06567971464
1026.06567971464
1026.06567971464
1026.06567971464
1026.06567971464
1026.06567971464
1026.06567971464
1026.06567971464
1026.06567971464
1026.06567971464
1026.06567971464
1026.06567971464
1026.06567971464
1026.06567971464
1026.06567971464

ave
1162.95864378379
1129.65232644786
1187.02299890212
1088.32576497015
1158.94779811060
1124.58640827100
1085.97718565207
1129.92529681486
1182.51008566068
1091.67651592845
1125.67875157569
1131.52899948410
1108.10024885691
1155.67026520568
1153.65151467409
1174.69280691779
1140.08779638335
1133.20719127114
1113.20258406450
1107.80349392423
1108.97382259653
1121.28910910871
1117.43384847848
1122.81742992412
1084.26019371173
1112.15416322015
1082.75934265818
1110.24383339683
1092.51000047959
1075.65009528147
1093.40888765920
1064.60786007521
1087.73335079094
1098.50516396942
1064.42088113885
1118.44530745865
1143.09058506959
1079.96784496662
1105.00522294687
1071.32603594922
1115.04805679038
1085.92316205714
1068.50175815858
1059.90817264807
1097.64002723600
1095.93878552720
1100.64140902704
1078.54220062420
1123.58895184081
1072.70047148118
1070.92207157703
1072.77786128072
1082.65098435742
1073.78388132658
1062.59279303299
1066.95661854256
1077.15759211425
1108.41630841739
1086.54317049522
1141.32167265231
1079.01464436644
1123.45171323255
1064.94693936277
1091.74047256877
1130.09722770473
1116.85505285095
1069.83757318823
1066.75385011960
1114.83028949849
1150.23031004884
1085.95759413530
1071.26578139113
1087.16958225887
1111.71915862670
1092.53336747901
1091.11805548075
1139.30473636893
1092.06306971318
1052.27115008861
1082.30789133293
1073.42057286010
1055.54992390406
1092.61026607107
1119.06624887213
1073.26440509824
1077.85494717657
1092.81569402158
1091.70672644395
1067.66549402154
1071.62529260121
1076.83260079476
1098.25083449021
1095.63374460879
1150.85909039765
1116.81434109123
1116.03110462896
1124.86491922014
1083.75264029921
1133.84304213458
1090.69877836270
1046.00414513168
1113.60679325236
1105.45529985182
1101.59361821339
1102.28547314654
1064.70577921951
1064.68526665354
1102.47686574104
1077.02643528915
1071.65812876999
1077.67336494641
1053.70451348807
1107.49009951842
1063.42884603137
1067.83244622501
1078.95449792607
1089.61866124205
1046.08044220400
1096.87236322159
1080.41069886902
1098.64862561675
1094.08744967266
1073.03940656726
1092.48261257734
1127.24312625396
1077.84861981756
1092.98203203288
1077.12866324092
1085.08079726068
1083.40466184385
1082.86579055959
1118.64244238813
1089.88327980343
1083.61960728344
1051.45668192788
1095.67991984072
1086.41720755267
1081.93255820351
1086.64312450941
1072.18299764496
1158.94209440053
1085.53224605966
1082.96201845504
1043.42370272803
1098.16879868143
1084.05502715930
1085.89055618713
1112.48772450280
1166.12090927671
1090.26705090737
1072.00119222522
1057.63862411151
1075.26082953382
1044.99608144162
1090.91650321523
1122.67399144416
1064.39667260119
1082.31590316220
1127.58529707860
1112.04910194541
1081.68196126187
1059.60784246609
1073.93029134922
1059.34632725246
1092.27438975677
1085.58628342790
1121.00580098179
1078.75711385567
1096.02755674755
1082.08141757512
1088.76339059426
1108.91968494460
1120.11731531216
1064.87315912903
1092.49567634860
1089.27272993251
1103.49882008037
1063.06130040199
1062.61865656131
1102.31600288774
1109.52305987197
1046.50414469952
1098.45379646581
1046.74081394163
1063.39857918092
1114.47577765454
1070.73224052339
1076.30725220473
1060.57523918967
1121.82605596659
1110.33256585279
1033.57090929789
1078.59076493651
1110.06770881461
1052.39754232949
1084.03276675192
1043.78863010362
1076.17840218477
1138.26179313895
1048.68173692199