最优解为:315.4461
最优解路径:

Best_route =

     0     0     0     0     0     0
     3     1     2     4     5     0

本次运算用时:1.609秒
算法在第3代时收敛

best
320.653195375249
315.953618523045
315.446115128517
315.446115128517
315.446115128517
315.446115128517
315.446115128517
315.446115128517
315.446115128517
315.446115128517
315.446115128517
315.446115128517
315.446115128517
315.446115128517
315.446115128517
315.446115128517
315.446115128517
315.446115128517
315.446115128517
315.446115128517
315.446115128517
315.446115128517
315.446115128517
315.446115128517
315.446115128517
315.446115128517
315.446115128517
315.446115128517
315.446115128517
315.446115128517
315.446115128517
315.446115128517
315.446115128517
315.446115128517
315.446115128517
315.446115128517
315.446115128517
315.446115128517
315.446115128517
315.446115128517
315.446115128517
315.446115128517
315.446115128517
315.446115128517
315.446115128517
315.446115128517
315.446115128517
315.446115128517
315.446115128517
315.446115128517
315.446115128517
315.446115128517
315.446115128517
315.446115128517
315.446115128517
315.446115128517
315.446115128517
315.446115128517
315.446115128517
315.446115128517
315.446115128517
315.446115128517
315.446115128517
315.446115128517
315.446115128517
315.446115128517
315.446115128517
315.446115128517
315.446115128517
315.446115128517
315.446115128517
315.446115128517
315.446115128517
315.446115128517
315.446115128517
315.446115128517
315.446115128517
315.446115128517
315.446115128517
315.446115128517
315.446115128517
315.446115128517
315.446115128517
315.446115128517
315.446115128517
315.446115128517
315.446115128517
315.446115128517
315.446115128517
315.446115128517
315.446115128517
315.446115128517
315.446115128517
315.446115128517
315.446115128517
315.446115128517
315.446115128517
315.446115128517
315.446115128517
315.446115128517

ave
354.792478547488
321.045073726412
320.575669694251
336.015041798419
321.153569971283
320.791444470057
320.664500007282
318.099430161661
320.403122906551
318.405596995454
332.461440363287
317.777708936659
318.227651545115
333.467742858496
318.143259719054
332.422247953038
316.108353077706
332.393433016396
316.343331920316
316.652217297586
316.308123953758
317.692926400208
330.836197249928
315.934534862814
316.365687153070
316.192431285309
331.203771014409
317.399336049280
331.019649743327
330.864779534364
316.027038218863
317.226882776421
316.786354775822
315.706469140854
330.724758976086
330.446115128517
315.483630989796
330.446115128517
330.273333586534
315.446115128517
315.446115128517
315.733447867935
345.446115128517
315.446115128517
315.446115128517
315.446115128517
315.446115128517
315.446115128517
330.290114055529
315.446115128517
315.446115128517
316.027038218863
330.377686525883
315.446115128517
315.446115128517
315.706469140854
315.446115128517
315.446115128517
315.446115128517
315.446115128517
315.446115128517
315.446115128517
315.446115128517
315.446115128517
315.446115128517
315.446115128517
315.446115128517
315.446115128517
315.446115128517
330.273333586534
330.290114055529
315.446115128517
315.905901140793
315.446115128517
315.446115128517
315.446115128517
315.446115128517
315.446115128517
330.290114055529
315.446115128517
330.446115128517
315.446115128517
315.446115128517
315.446115128517
315.446115128517
315.446115128517
315.446115128517
315.446115128517
315.446115128517
315.733447867935
315.446115128517
315.446115128517
315.446115128517
315.446115128517
330.273333586534
315.446115128517
315.446115128517
315.733447867935
315.446115128517
315.446115128517