最优解为:1025.3046
最优解路径:

Best_route =

     1     2     3     4     5     0     0     0     0     0     0     0     0     0     0     0     0
    11    12    15    16    13    14     7     8     6     9    10     0     0     0     0     0     0

本次运算用时:7.951秒
算法在第46代时收敛

best
1028.57843655520
1028.57843655520
1028.57843655520
1028.57843655520
1028.57843655520
1028.57843655520
1028.57843655520
1028.57843655520
1028.57843655520
1028.57843655520
1028.57843655520
1028.57843655520
1028.57843655520
1028.57843655520
1028.57843655520
1028.57843655520
1028.57843655520
1028.57843655520
1028.57843655520
1028.57843655520
1028.57843655520
1028.57843655520
1028.57843655520
1028.57843655520
1028.57843655520
1028.57843655520
1028.57843655520
1028.57843655520
1028.57843655520
1028.57843655520
1028.57843655520
1028.57843655520
1028.57843655520
1028.57843655520
1028.57843655520
1028.57843655520
1028.57843655520
1028.57843655520
1028.57843655520
1028.57843655520
1028.57843655520
1028.57843655520
1028.57843655520
1028.57843655520
1028.57843655520
1025.30462170991
1025.30462170991
1025.30462170991
1025.30462170991
1025.30462170991
1025.30462170991
1025.30462170991
1025.30462170991
1025.30462170991
1025.30462170991
1025.30462170991
1025.30462170991
1025.30462170991
1025.30462170991
1025.30462170991
1025.30462170991
1025.30462170991
1025.30462170991
1025.30462170991
1025.30462170991
1025.30462170991
1025.30462170991
1025.30462170991
1025.30462170991
1025.30462170991
1025.30462170991
1025.30462170991
1025.30462170991
1025.30462170991
1025.30462170991
1025.30462170991
1025.30462170991
1025.30462170991
1025.30462170991
1025.30462170991
1025.30462170991
1025.30462170991
1025.30462170991
1025.30462170991
1025.30462170991
1025.30462170991
1025.30462170991
1025.30462170991
1025.30462170991
1025.30462170991
1025.30462170991
1025.30462170991
1025.30462170991
1025.30462170991
1025.30462170991
1025.30462170991
1025.30462170991
1025.30462170991
1025.30462170991
1025.30462170991
1025.30462170991
1025.30462170991
1025.30462170991
1025.30462170991
1025.30462170991
1025.30462170991
1025.30462170991
1025.30462170991
1025.30462170991
1025.30462170991
1025.30462170991
1025.30462170991
1025.30462170991
1025.30462170991
1025.30462170991
1025.30462170991
1025.30462170991
1025.30462170991
1025.30462170991
1025.30462170991
1025.30462170991
1025.30462170991
1025.30462170991
1025.30462170991
1025.30462170991
1025.30462170991
1025.30462170991
1025.30462170991
1025.30462170991
1025.30462170991
1025.30462170991
1025.30462170991
1025.30462170991
1025.30462170991
1025.30462170991
1025.30462170991
1025.30462170991
1025.30462170991
1025.30462170991
1025.30462170991
1025.30462170991
1025.30462170991
1025.30462170991
1025.30462170991
1025.30462170991
1025.30462170991
1025.30462170991
1025.30462170991
1025.30462170991
1025.30462170991
1025.30462170991
1025.30462170991
1025.30462170991
1025.30462170991
1025.30462170991
1025.30462170991
1025.30462170991
1025.30462170991
1025.30462170991
1025.30462170991
1025.30462170991
1025.30462170991
1025.30462170991
1025.30462170991
1025.30462170991
1025.30462170991
1025.30462170991
1025.30462170991
1025.30462170991
1025.30462170991
1025.30462170991
1025.30462170991
1025.30462170991
1025.30462170991
1025.30462170991
1025.30462170991
1025.30462170991
1025.30462170991
1025.30462170991
1025.30462170991
1025.30462170991
1025.30462170991
1025.30462170991
1025.30462170991
1025.30462170991
1025.30462170991
1025.30462170991
1025.30462170991
1025.30462170991
1025.30462170991
1025.30462170991
1025.30462170991
1025.30462170991
1025.30462170991
1025.30462170991
1025.30462170991
1025.30462170991
1025.30462170991
1025.30462170991
1025.30462170991

ave
1074.77130537693
1075.57824307336
1091.35742677943
1067.75127649651
1104.63460203309
1070.92744477551
1068.98893807306
1076.09805816157
1071.43260087254
1075.18661515416
1075.67260742448
1081.75313545236
1069.82335018864
1071.13261585684
1068.55745662068
1063.77984680480
1067.29463712509
1091.85476918518
1068.06650403541
1105.73957231123
1070.69528914145
1118.94392602648
1082.71376991642
1063.72755319816
1087.33102713326
1081.73700834269
1054.23537341548
1087.28870674467
1068.19284948836
1070.01149970289
1077.29604672906
1059.68659708532
1115.92886244020
1041.84438813720
1063.52509266041
1064.83087564814
1041.69630383864
1047.91298886528
1042.93941640540
1072.54308254009
1066.57342919099
1065.90776190702
1046.04262313767
1086.87784883576
1074.20473664648
1044.29228214534
1056.63915320965
1061.13358012713
1094.74493265278
1091.01863383209
1068.85024208997
1055.75859223340
1049.62375800156
1055.37944308502
1087.29730841605
1088.27426326133
1082.75137675252
1066.96641383281
1090.35140527935
1058.37476225552
1078.15930281424
1086.72131360271
1069.08050895740
1063.01024891311
1070.78441498009
1065.72452955550
1052.92937084094
1089.99518009877
1058.09562200437
1065.94129894213
1087.58552873467
1067.16518117969
1082.05273046278
1093.31849391063
1079.99428444797
1069.44665340012
1072.34776510378
1057.45323236563
1069.67729982271
1046.41313725726
1102.54344246760
1095.19948189799
1061.62057611913
1073.91935911238
1061.01916795105
1070.77354460645
1049.79857033541
1049.56354206334
1073.29755287249
1090.88332470179
1052.23579118963
1061.77137872341
1059.60764434645
1070.29725028850
1075.62269578734
1052.76344791285
1070.56116921050
1049.17888253867
1054.42531771483
1068.58573725721
1044.36048311868
1047.80550408871
1052.36230877761
1067.74111692647
1052.88109928513
1085.43843105247
1045.07798387865
1131.85845559404
1052.69365003340
1063.09341645549
1054.14329731775
1042.28244292029
1056.47524206253
1068.86827296132
1062.50608537901
1085.24159246488
1060.30858626630
1057.00797688694
1084.04606219250
1043.56960660905
1061.79563888534
1048.84063157286
1056.73518579920
1048.61717394877
1071.99921192637
1039.88689671724
1065.96427150913
1077.11767401333
1044.96002775805
1092.21719705018
1079.62085007710
1067.19237047676
1090.28865503475
1087.82028135330
1085.02684515669
1117.16741002955
1065.15374260988
1072.84604176709
1130.07479809430
1130.41265002284
1069.98925224932
1131.83812867048
1117.89534474249
1070.32297799167
1042.85159966894
1065.10968025359
1052.99345331143
1082.73688998106
1038.64004455554
1070.11678586269
1074.20377421325
1084.23506693610
1038.75142882655
1043.15709923283
1097.01609501196
1045.54199479813
1067.71322215673
1065.10590845940
1046.69123100622
1086.68102980702
1084.02949968777
1048.35526245010
1075.14711560380
1076.99919124580
1054.27454651697
1048.38778933226
1049.79393461381
1039.77227222836
1068.36858993444
1073.20691746319
1052.29466222326
1068.85947960974
1078.11084799469
1053.33390452540
1057.68633134484
1072.44157583769
1043.04370072842
1050.28165715883
1052.08899232700
1047.01278130106
1084.21324855666
1042.98229578311
1071.84496004958
1076.86779644311
1069.69354767062
1062.83020045071
1067.49149583035
1067.66341066180
1045.44738154578
1052.94223634657
1064.93107131508
1060.70848361699
1056.48258867993
1051.91232126691
1065.58184550472
1094.53738732887
1054.71543777566
1048.01322637070
1053.48553705427
1087.68490459766