最优解为:407.9144
最优解路径:

Best_route =

     5     3     1     9    10     4     7     2     8     6     0
     0     0     0     0     0     0     0     0     0     0     0

本次运算用时:2.968秒
算法在第12代时收敛

best
509.582611400972
506.591148545543
496.383261364150
496.383261364150
496.383261364150
496.383261364150
496.383261364150
496.383261364150
496.383261364150
496.383261364150
496.383261364150
407.914369224189
407.914369224189
407.914369224189
407.914369224189
407.914369224189
407.914369224189
407.914369224189
407.914369224189
407.914369224189
407.914369224189
407.914369224189
407.914369224189
407.914369224189
407.914369224189
407.914369224189
407.914369224189
407.914369224189
407.914369224189
407.914369224189
407.914369224189
407.914369224189
407.914369224189
407.914369224189
407.914369224189
407.914369224189
407.914369224189
407.914369224189
407.914369224189
407.914369224189
407.914369224189
407.914369224189
407.914369224189
407.914369224189
407.914369224189
407.914369224189
407.914369224189
407.914369224189
407.914369224189
407.914369224189
407.914369224189
407.914369224189
407.914369224189
407.914369224189
407.914369224189
407.914369224189
407.914369224189
407.914369224189
407.914369224189
407.914369224189
407.914369224189
407.914369224189
407.914369224189
407.914369224189
407.914369224189
407.914369224189
407.914369224189
407.914369224189
407.914369224189
407.914369224189
407.914369224189
407.914369224189
407.914369224189
407.914369224189
407.914369224189
407.914369224189
407.914369224189
407.914369224189
407.914369224189
407.914369224189
407.914369224189
407.914369224189
407.914369224189
407.914369224189
407.914369224189
407.914369224189
407.914369224189
407.914369224189
407.914369224189
407.914369224189
407.914369224189
407.914369224189
407.914369224189
407.914369224189
407.914369224189
407.914369224189
407.914369224189
407.914369224189
407.914369224189
407.914369224189

ave
900.076968318671
863.012365690243
907.222327288012
879.358430100171
863.232041288184
864.542975970376
868.062409771400
897.331939695054
850.447352536735
868.585798844637
825.879671967041
827.663611808227
802.107789378781
864.729757474141
783.583870886253
802.221484825012
832.114978690397
851.064465645618
846.823588114281
773.112020360329
869.370407987126
826.672314799119
775.985148656664
820.235512515738
747.680555638129
594.899395717257
552.991395455782
651.060179233923
644.394471243826
573.733917616066
579.062369004865
502.195764174894
573.508525675981
644.649649759664
600.603960816897
588.539652928549
541.340118493873
543.214059496956
538.797586754201
603.641803196130
569.441603505608
540.145538813320
512.097564690656
545.568174506061
583.382832178323
557.203655532352
558.194976117194
496.383261364150
512.143551567767
557.158527133867
526.720499679449
512.033899488264
496.383261364150
510.400573225957
511.602275091359
556.010282059502
511.501485952240
496.383261364150
496.383261364150
527.152124076353
498.146719610335
526.619710540329
508.483834884147
512.040933329443
513.264944198425
511.936036064106
496.987710806600
496.383261364150
511.501485952239
496.383261364150
496.814885761055
511.602275091359
511.501485952239
496.553160694733
512.782098595437
511.602275091359
496.383261364150
522.774469472344
511.501485952239
496.383261364150
508.637114979772
496.383261364150
511.501485952239
511.602275091359
510.542843021775
496.383261364150
526.720499679449
511.018640349251
496.748485665430
498.711144198489
511.018640349251
496.383261364150
526.619710540329
496.383261364150
496.383261364150
507.405993039972
510.400573225957
496.383261364150
496.383261364150
496.383261364150