最优解为:402.3866
最优解路径:

Best_route =

     5     3     7     4     9    10     1     8     6     2     0
     0     0     0     0     0     0     0     0     0     0     0

本次运算用时:2.89秒
算法在第4代时收敛

best
411.621307139684
411.621307139684
411.621307139684
402.386648882107
402.386648882107
402.386648882107
402.386648882107
402.386648882107
402.386648882107
402.386648882107
402.386648882107
402.386648882107
402.386648882107
402.386648882107
402.386648882107
402.386648882107
402.386648882107
402.386648882107
402.386648882107
402.386648882107
402.386648882107
402.386648882107
402.386648882107
402.386648882107
402.386648882107
402.386648882107
402.386648882107
402.386648882107
402.386648882107
402.386648882107
402.386648882107
402.386648882107
402.386648882107
402.386648882107
402.386648882107
402.386648882107
402.386648882107
402.386648882107
402.386648882107
402.386648882107
402.386648882107
402.386648882107
402.386648882107
402.386648882107
402.386648882107
402.386648882107
402.386648882107
402.386648882107
402.386648882107
402.386648882107
402.386648882107
402.386648882107
402.386648882107
402.386648882107
402.386648882107
402.386648882107
402.386648882107
402.386648882107
402.386648882107
402.386648882107
402.386648882107
402.386648882107
402.386648882107
402.386648882107
402.386648882107
402.386648882107
402.386648882107
402.386648882107
402.386648882107
402.386648882107
402.386648882107
402.386648882107
402.386648882107
402.386648882107
402.386648882107
402.386648882107
402.386648882107
402.386648882107
402.386648882107
402.386648882107
402.386648882107
402.386648882107
402.386648882107
402.386648882107
402.386648882107
402.386648882107
402.386648882107
402.386648882107
402.386648882107
402.386648882107
402.386648882107
402.386648882107
402.386648882107
402.386648882107
402.386648882107
402.386648882107
402.386648882107
402.386648882107
402.386648882107
402.386648882107

ave
828.298320738507
831.428943569090
895.445773757906
847.716637159620
786.486696135344
909.618145711066
857.789652058888
776.283582460091
835.569388718664
823.543836949231
904.030698939289
844.900369520954
866.370885718209
822.119700581662
877.404083021655
834.750257524772
861.073997470033
813.236238405177
874.392570199900
839.053493553913
757.470995756155
777.477028934026
548.138200830903
643.680531496653
664.088103497151
682.386427512022
552.144636087866
523.061137542460
638.760845429029
558.548268023276
600.417274748874
539.311945244643
592.192292201608
504.507956394613
507.653704298929
486.343940957504
505.278324519004
420.675681645206
427.951603105584
439.593471229147
422.966948314820
481.943652976037
444.161141872176
405.153972109354
402.386648882107
505.621791280440
449.365813601899
421.415265268796
407.860483051682
421.780952646000
402.386648882107
415.328473674020
457.425797050256
402.781980771714
423.364582829611
423.239801656017
424.396152812434
424.511238919461
402.706226383284
402.386648882107
421.385620756393
402.386648882107
402.386648882107
402.386648882107
402.781980771714
402.781980771714
402.386648882107
402.781980771714
402.416293394510
402.386648882107
422.462377534247
402.386648882107
402.781980771714
423.210157143613
424.629427420248
402.386648882107
415.456507874509
402.386648882107
402.751873183387
455.766241737508
415.426863362106
421.103961567127
402.386648882107
404.150107128292
402.386648882107
402.386648882107
406.674487382862
402.386648882107
402.386648882107
435.400580096594
402.386648882107
402.386648882107
435.400580096594
402.386648882107
402.386648882107
425.402867650793
402.386648882107
402.386648882107
402.781980771714
406.479537556138