最优解为:402.0998
最优解路径:

Best_route =

     3     5     7     4     1     8     2     9    10     6     0
     0     0     0     0     0     0     0     0     0     0     0

本次运算用时:2.937秒
算法在第31代时收敛

best
510.652266136860
510.652266136860
506.400794751006
505.513868896152
505.513868896152
505.513868896152
412.269946122275
411.983111729009
409.084177487726
409.084177487726
409.084177487726
409.084177487726
409.084177487726
409.084177487726
408.056230284381
408.056230284381
408.056230284381
408.056230284381
408.056230284381
403.127761692187
403.127761692187
403.127761692187
403.127761692187
403.127761692187
403.127761692187
403.127761692187
403.127761692187
403.127761692187
402.386648882107
402.386648882107
402.099814488842
402.099814488842
402.099814488842
402.099814488842
402.099814488842
402.099814488842
402.099814488842
402.099814488842
402.099814488842
402.099814488842
402.099814488842
402.099814488842
402.099814488842
402.099814488842
402.099814488842
402.099814488842
402.099814488842
402.099814488842
402.099814488842
402.099814488842
402.099814488842
402.099814488842
402.099814488842
402.099814488842
402.099814488842
402.099814488842
402.099814488842
402.099814488842
402.099814488842
402.099814488842
402.099814488842
402.099814488842
402.099814488842
402.099814488842
402.099814488842
402.099814488842
402.099814488842
402.099814488842
402.099814488842
402.099814488842
402.099814488842
402.099814488842
402.099814488842
402.099814488842
402.099814488842
402.099814488842
402.099814488842
402.099814488842
402.099814488842
402.099814488842
402.099814488842
402.099814488842
402.099814488842
402.099814488842
402.099814488842
402.099814488842
402.099814488842
402.099814488842
402.099814488842
402.099814488842
402.099814488842
402.099814488842
402.099814488842
402.099814488842
402.099814488842
402.099814488842
402.099814488842
402.099814488842
402.099814488842
402.099814488842

ave
901.974794191814
871.244536867604
839.328038716265
761.426788774382
836.251139723455
860.462548866184
803.339318911106
884.726799796215
870.405199027115
820.463256684323
860.909609526002
857.989337759179
844.814616463068
886.055870153355
845.406038777301
849.737382577073
917.352068541602
832.312538471496
804.187555157276
810.270143085611
882.062507011299
794.769621045790
629.345354177828
577.886672376682
588.528561221559
579.811665411833
635.345481305043
625.166058362809
499.376851342572
492.825796022877
628.238595529214
613.510606585775
512.222063776888
439.595630403270
499.072251732386
449.436997294473
468.991592272169
542.518911879297
494.796745323140
485.547698638704
512.590182016865
479.919245049285
489.664579765485
487.595489994985
474.083362890311
441.480241847946
485.250735168500
441.231426747306
471.639819737189
507.728218959045
525.321954325907
487.681572199610
461.094395512087
480.270766196600
427.849088992540
466.227258704835
420.131140934419
440.423033285659
418.230112883705
402.513101142017
402.255904987665
418.271230771839
416.935001927810
415.754712452568
402.430865365749
448.508763030366
417.301389368976
402.140932376976
414.186579177079
402.099814488842
402.099814488842
404.598960028299
402.111287864572
402.099814488842
402.099814488842
424.769646455782
402.099814488842
427.035146793110
426.931647558151
402.099814488842
467.424014731615
402.099814488842
426.920174182420
425.433454938656
402.111287864572
422.658671969066
402.476512165852
444.606077100831
402.099814488842
402.099814488842
419.155006106846
469.835939084165
416.893884039676
422.658671969066
402.476512165852
402.506619754179
427.384677400901
402.099814488842
402.099814488842
463.609330057508