最优解为:2409.5164
最优解路径:

Best_route =

  1 至 24 列

    23    24    17    18    15    16    19    20     9    10     0     0     0     0     0     0     0     0     0     0     0     0     0     0
    11    12    21    22    29    30    13    14     5     6     0     0     0     0     0     0     0     0     0     0     0     0     0     0
     0     0     0     0     0     0     0     0     0     0     0     0     0     0     0     0     0     0     0     0     0     0     0     0
    39    40     3     4     1     2    25    26    37    38     0     0     0     0     0     0     0     0     0     0     0     0     0     0
     7     8    27    28    35    36    31    32    33    34     0     0     0     0     0     0     0     0     0     0     0     0     0     0

  25 至 41 列

     0     0     0     0     0     0     0     0     0     0     0     0     0     0     0     0     0
     0     0     0     0     0     0     0     0     0     0     0     0     0     0     0     0     0
     0     0     0     0     0     0     0     0     0     0     0     0     0     0     0     0     0
     0     0     0     0     0     0     0     0     0     0     0     0     0     0     0     0     0
     0     0     0     0     0     0     0     0     0     0     0     0     0     0     0     0     0

本次运算用时:131.336秒
算法在第145代时收敛

best
2529.55316106272
2411.10198244595
2411.10198244595
2411.10198244595
2411.10198244595
2411.10198244595
2411.10198244595
2411.10198244595
2411.10198244595
2411.10198244595
2411.10198244595
2411.10198244595
2411.10198244595
2411.10198244595
2411.10198244595
2411.10198244595
2411.10198244595
2411.10198244595
2411.10198244595
2411.10198244595
2411.10198244595
2411.10198244595
2411.10198244595
2411.10198244595
2411.10198244595
2411.10198244595
2411.10198244595
2411.10198244595
2411.10198244595
2411.10198244595
2411.10198244595
2411.10198244595
2411.10198244595
2411.10198244595
2411.10198244595
2411.10198244595
2411.10198244595
2411.10198244595
2411.10198244595
2411.10198244595
2411.10198244595
2411.10198244595
2410.45942547368
2410.45942547368
2410.45942547368
2410.45942547368
2410.45942547368
2410.45942547368
2410.45942547368
2410.45942547368
2410.45942547368
2410.45942547368
2410.45942547368
2410.45942547368
2410.45942547368
2410.45942547368
2410.45942547368
2410.45942547368
2410.45942547368
2410.45942547368
2410.45942547368
2410.45942547368
2410.45942547368
2410.45942547368
2410.45942547368
2410.45942547368
2410.45942547368
2410.45942547368
2410.20903743242
2410.20903743242
2410.20903743242
2410.20903743242
2410.20903743242
2410.20903743242
2410.20903743242
2410.20903743242
2410.20903743242
2410.20903743242
2410.20903743242
2410.20903743242
2410.20903743242
2410.20903743242
2410.20903743242
2410.20903743242
2410.20903743242
2410.20903743242
2410.20903743242
2410.20903743242
2410.20903743242
2410.20903743242
2410.20903743242
2410.20903743242
2410.20903743242
2410.20903743242
2410.20903743242
2410.20903743242
2410.20903743242
2410.20903743242
2410.20903743242
2410.20903743242
2410.20903743242
2410.20903743242
2410.20903743242
2410.20903743242
2410.20903743242
2410.20903743242
2410.20903743242
2410.20903743242
2410.20903743242
2410.20903743242
2410.11610932943
2410.11610932943
2410.11610932943
2410.11610932943
2410.11610932943
2409.76678285300
2409.76678285300
2409.76678285300
2409.76678285300
2409.76678285300
2409.71118025337
2409.71118025337
2409.71118025337
2409.71118025337
2409.71118025337
2409.71118025337
2409.71118025337
2409.71118025337
2409.71118025337
2409.71118025337
2409.71118025337
2409.71118025337
2409.71118025337
2409.71118025337
2409.71118025337
2409.71118025337
2409.71118025337
2409.71118025337
2409.71118025337
2409.71118025337
2409.71118025337
2409.71118025337
2409.71118025337
2409.71118025337
2409.51639481174
2409.51639481174
2409.51639481174
2409.51639481174
2409.51639481174
2409.51639481174
2409.51639481174
2409.51639481174
2409.51639481174
2409.51639481174
2409.51639481174
2409.51639481174
2409.51639481174
2409.51639481174
2409.51639481174
2409.51639481174
2409.51639481174
2409.51639481174
2409.51639481174
2409.51639481174
2409.51639481174
2409.51639481174
2409.51639481174
2409.51639481174
2409.51639481174
2409.51639481174
2409.51639481174
2409.51639481174
2409.51639481174
2409.51639481174
2409.51639481174
2409.51639481174
2409.51639481174
2409.51639481174
2409.51639481174
2409.51639481174
2409.51639481174
2409.51639481174
2409.51639481174
2409.51639481174
2409.51639481174
2409.51639481174
2409.51639481174
2409.51639481174
2409.51639481174
2409.51639481174
2409.51639481174
2409.51639481174
2409.51639481174
2409.51639481174
2409.51639481174
2409.51639481174
2409.51639481174
2409.51639481174
2409.51639481174
2409.51639481174
2409.51639481174
2409.51639481174
2409.51639481174
2409.51639481174
2409.51639481174
2409.51639481174
2409.51639481174
2409.51639481174
2409.51639481174
2409.51639481174
2409.51639481174
2409.51639481174
2409.51639481174
2409.51639481174
2409.51639481174
2409.51639481174
2409.51639481174
2409.51639481174
2409.51639481174
2409.51639481174
2409.51639481174
2409.51639481174
2409.51639481174
2409.51639481174
2409.51639481174
2409.51639481174
2409.51639481174
2409.51639481174
2409.51639481174
2409.51639481174
2409.51639481174
2409.51639481174
2409.51639481174
2409.51639481174
2409.51639481174
2409.51639481174
2409.51639481174
2409.51639481174
2409.51639481174
2409.51639481174
2409.51639481174
2409.51639481174
2409.51639481174
2409.51639481174
2409.51639481174
2409.51639481174
2409.51639481174
2409.51639481174
2409.51639481174
2409.51639481174
2409.51639481174
2409.51639481174
2409.51639481174
2409.51639481174
2409.51639481174
2409.51639481174
2409.51639481174
2409.51639481174
2409.51639481174
2409.51639481174
2409.51639481174
2409.51639481174
2409.51639481174
2409.51639481174
2409.51639481174
2409.51639481174
2409.51639481174
2409.51639481174
2409.51639481174
2409.51639481174
2409.51639481174
2409.51639481174
2409.51639481174
2409.51639481174
2409.51639481174
2409.51639481174
2409.51639481174
2409.51639481174
2409.51639481174
2409.51639481174
2409.51639481174
2409.51639481174
2409.51639481174
2409.51639481174
2409.51639481174
2409.51639481174
2409.51639481174
2409.51639481174
2409.51639481174
2409.51639481174
2409.51639481174
2409.51639481174
2409.51639481174
2409.51639481174
2409.51639481174
2409.51639481174
2409.51639481174
2409.51639481174
2409.51639481174
2409.51639481174
2409.51639481174
2409.51639481174
2409.51639481174
2409.51639481174
2409.51639481174
2409.51639481174
2409.51639481174
2409.51639481174
2409.51639481174
2409.51639481174
2409.51639481174
2409.51639481174
2409.51639481174
2409.51639481174
2409.51639481174
2409.51639481174
2409.51639481174
2409.51639481174
2409.51639481174
2409.51639481174
2409.51639481174
2409.51639481174
2409.51639481174
2409.51639481174
2409.51639481174
2409.51639481174
2409.51639481174
2409.51639481174
2409.51639481174
2409.51639481174
2409.51639481174
2409.51639481174
2409.51639481174
2409.51639481174
2409.51639481174
2409.51639481174
2409.51639481174
2409.51639481174
2409.51639481174
2409.51639481174
2409.51639481174
2409.51639481174
2409.51639481174
2409.51639481174
2409.51639481174
2409.51639481174
2409.51639481174
2409.51639481174
2409.51639481174
2409.51639481174
2409.51639481174
2409.51639481174
2409.51639481174
2409.51639481174
2409.51639481174
2409.51639481174
2409.51639481174
2409.51639481174
2409.51639481174
2409.51639481174
2409.51639481174
2409.51639481174
2409.51639481174
2409.51639481174
2409.51639481174
2409.51639481174
2409.51639481174
2409.51639481174
2409.51639481174
2409.51639481174
2409.51639481174
2409.51639481174
2409.51639481174
2409.51639481174
2409.51639481174
2409.51639481174
2409.51639481174
2409.51639481174
2409.51639481174
2409.51639481174
2409.51639481174
2409.51639481174
2409.51639481174
2409.51639481174
2409.51639481174
2409.51639481174
2409.51639481174
2409.51639481174
2409.51639481174
2409.51639481174
2409.51639481174
