实验环境：
VeiNum = 2
Q_ant = 60
AntNum = 20 
iter_max = 100

抽取的客户节点编号为

Cus_select =

     2    48    79    99    27

各任务对应的的客户节点编号为

Task_Cus =

     2    48    79    99    27

cus
40	50
40	50
40	50
22	75
42	5
6	68
26	35
95	35

task
2	4	1	0	1
4	3	2	1	0
3	5	3	0	1
5	2	4	3	0
3	6	3	0	1
6	2	4	5	0
3	7	3	0	1
7	2	4	7	0
2	8	1	0	1
8	3	2	9	0

linktime
0	0	0.770146090037468	1.62611056295552	1.12611056295552	1.46176920308357	0.961769203083567	1.01295711321708	0.512957113217080	0	1.42521928137392
0.770146090037468	0.936812756704135	0	2.56292331965966	1.82002747232013	2.39858195978770	0.436606229914325	1.94976986992121	1.00498756211209	0.936812756704135	83.2406150866270
1.27014609003747	1.27014609003747	2.20695884674160	1.82002747232013	2.56292331965966	0.436606229914325	2.39858195978770	1.00498756211209	1.94976986992121	1.27014609003747	2.86203203807806
1.12611056295552	1.29277722962219	1.82002747232013	2.91888779257771	0	2.75454643270575	1.81400799336717	2.30573434283927	0.850000000000000	1.29277722962219	1.52253899785851
0	0	0.936812756704135	1.62611056295552	1.29277722962219	1.46176920308357	1.12843586975023	1.01295711321708	0.679623779883746	0	1.59188594804059
0.961769203083567	1.12843586975023	0.436606229914325	2.75454643270575	1.81400799336717	2.59020507283380	0	2.14139298296731	0.964689069078737	1.12843586975023	2.37302549501686
0	0	0.936812756704135	1.62611056295552	1.29277722962219	1.46176920308357	1.12843586975023	1.01295711321708	0.679623779883746	0	1.59188594804059
0.512957113217080	0.679623779883746	1.00498756211209	2.30573434283927	0.850000000000000	2.14139298296731	0.964689069078737	1.69258089310083	0	0.679623779883746	1.72500000000000
0	0	0.936812756704135	1.62611056295552	1.29277722962219	1.46176920308357	1.12843586975023	1.01295711321708	0.679623779883746	0	1.59188594804059
1.42521928137392	1.59188594804059	83.2406150866270	3.21799651099611	1.52253899785851	3.05365515112416	2.37302549501686	2.60484306125767	1.72500000000000	1.59188594804059	0
1.92521928137392	1.92521928137392	2.86203203807806	1.52253899785851	3.21799651099611	2.37302549501686	3.05365515112416	1.72500000000000	2.60484306125767	1.92521928137392	3.51710522941451

tasktime
0
1.43681275670413
0.166666666666667
0.166666666666667
1.79277722962219
0.166666666666667
1.62843586975023
0.166666666666667
1.17962377988375
2.09188594804059
0.166666666666667


1
2	4	1	0	1
5	2	4	0	0
6	2	4	0	0
7	2	4	0	0
2	8	1	0	1


2
4	3	2	0	0
3	5	3	0	1
3	6	3	0	1
3	7	3	0	1
8	3	2	0	0

linktime1
0	0	1.12611056295552	0.961769203083567	0.512957113217080	0
0.770146090037468	0.936812756704135	1.82002747232013	0.436606229914325	1.00498756211209	0.936812756704135
0	0	1.29277722962219	1.12843586975023	0.679623779883746	0
0	0	1.29277722962219	1.12843586975023	0.679623779883746	0
0	0	1.29277722962219	1.12843586975023	0.679623779883746	0
1.42521928137392	1.59188594804059	1.52253899785851	2.37302549501686	1.72500000000000	1.59188594804059

tasktime1
0
1.43681275670413
1.79277722962219
1.62843586975023
1.17962377988375
2.09188594804059

linktime2
0	0.770146090037468	1.62611056295552	1.46176920308357	1.01295711321708	1.42521928137392
1.27014609003747	2.20695884674160	1.82002747232013	0.436606229914325	1.00498756211209	2.86203203807806
1.12611056295552	1.82002747232013	2.91888779257771	2.75454643270575	2.30573434283927	1.52253899785851
0.961769203083567	0.436606229914325	2.75454643270575	2.59020507283380	2.14139298296731	2.37302549501686
0.512957113217080	1.00498756211209	2.30573434283927	2.14139298296731	1.69258089310083	1.72500000000000
1.92521928137392	2.86203203807806	1.52253899785851	2.37302549501686	1.72500000000000	3.51710522941451


tasktime2
0
0.166666666666667
0.166666666666667
0.166666666666667
0.166666666666667
0.166666666666667