最优解为:316.4092
最优解路径:

Best_route =

     3     2     5     6     1     4     0
     0     0     0     0     0     0     0

本次运算用时:2.859秒
算法在第3代时收敛

best
321.021695510179
318.791212362464
316.409162054050
316.409162054050
316.409162054050
316.409162054050
316.409162054050
316.409162054050
316.409162054050
316.409162054050
316.409162054050
316.409162054050
316.409162054050
316.409162054050
316.409162054050
316.409162054050
316.409162054050
316.409162054050
316.409162054050
316.409162054050
316.409162054050
316.409162054050
316.409162054050
316.409162054050
316.409162054050
316.409162054050
316.409162054050
316.409162054050
316.409162054050
316.409162054050
316.409162054050
316.409162054050
316.409162054050
316.409162054050
316.409162054050
316.409162054050
316.409162054050
316.409162054050
316.409162054050
316.409162054050
316.409162054050
316.409162054050
316.409162054050
316.409162054050
316.409162054050
316.409162054050
316.409162054050
316.409162054050
316.409162054050
316.409162054050
316.409162054050
316.409162054050
316.409162054050
316.409162054050
316.409162054050
316.409162054050
316.409162054050
316.409162054050
316.409162054050
316.409162054050
316.409162054050
316.409162054050
316.409162054050
316.409162054050
316.409162054050
316.409162054050
316.409162054050
316.409162054050
316.409162054050
316.409162054050
316.409162054050
316.409162054050
316.409162054050
316.409162054050
316.409162054050
316.409162054050
316.409162054050
316.409162054050
316.409162054050
316.409162054050
316.409162054050
316.409162054050
316.409162054050
316.409162054050
316.409162054050
316.409162054050
316.409162054050
316.409162054050
316.409162054050
316.409162054050
316.409162054050
316.409162054050
316.409162054050
316.409162054050
316.409162054050
316.409162054050
316.409162054050
316.409162054050
316.409162054050
316.409162054050
316.409162054050
316.409162054050
316.409162054050
316.409162054050
316.409162054050
316.409162054050
316.409162054050
316.409162054050
316.409162054050
316.409162054050
316.409162054050
316.409162054050
316.409162054050
316.409162054050
316.409162054050
316.409162054050
316.409162054050
316.409162054050
316.409162054050
316.409162054050
316.409162054050
316.409162054050
316.409162054050
316.409162054050
316.409162054050
316.409162054050
316.409162054050
316.409162054050
316.409162054050
316.409162054050
316.409162054050
316.409162054050
316.409162054050
316.409162054050
316.409162054050
316.409162054050
316.409162054050
316.409162054050
316.409162054050
316.409162054050
316.409162054050
316.409162054050
316.409162054050
316.409162054050
316.409162054050
316.409162054050
316.409162054050
316.409162054050
316.409162054050
316.409162054050
316.409162054050
316.409162054050
316.409162054050
316.409162054050
316.409162054050
316.409162054050
316.409162054050
316.409162054050
316.409162054050
316.409162054050
316.409162054050
316.409162054050
316.409162054050
316.409162054050
316.409162054050
316.409162054050
316.409162054050
316.409162054050
316.409162054050
316.409162054050
316.409162054050
316.409162054050
316.409162054050
316.409162054050
316.409162054050
316.409162054050
316.409162054050
316.409162054050
316.409162054050
316.409162054050
316.409162054050
316.409162054050
316.409162054050
316.409162054050
316.409162054050
316.409162054050
316.409162054050
316.409162054050
316.409162054050
316.409162054050
316.409162054050
316.409162054050
316.409162054050
316.409162054050
316.409162054050
316.409162054050
316.409162054050
316.409162054050
316.409162054050
316.409162054050

ave
366.561712467691
327.478353043592
334.763042422472
321.851161236463
334.732718399900
345.418216684891
332.220864836548
332.084503409896
319.680889184661
356.400083356627
332.270432480699
357.857100926008
331.654636949553
320.520469496807
318.357164679480
318.332541816536
317.616393033115
319.097379819294
330.477740213377
317.923002198352
317.145460227472
329.864935989494
317.678059658103
319.071048887275
318.582248649942
316.409162054049
316.409162054049
341.690114752651
340.289751101039
317.088417668350
317.065910371797
329.328250582117
328.539374255800
316.409162054049
316.483237550982
328.444092243463
317.341559483560
316.483237550982
316.409162054049
316.409162054049
316.409162054049
328.409162054049
328.409162054049
316.409162054049
316.409162054049
316.409162054049
316.409162054049
316.409162054049
316.409162054049
316.409162054049
316.409162054049
316.409162054049
316.409162054049
316.409162054049
316.409162054049
316.409162054049
316.409162054049
316.776316105785
316.409162054049
328.409162054049
316.409162054049
316.409162054049
328.409162054049
316.409162054049
316.409162054049
316.409162054049
316.409162054049
328.409162054049
316.409162054049
316.409162054049
316.409162054049
316.409162054049
316.409162054049
316.409162054049
316.409162054049
316.409162054049
316.409162054049
316.409162054049
316.409162054049
316.409162054049
316.409162054049
316.409162054049
316.776316105785
316.409162054049
316.409162054049
316.409162054049
316.409162054049
316.409162054049
316.409162054049
316.409162054049
316.409162054049
316.409162054049
316.409162054049
316.409162054049
316.409162054049
316.409162054049
316.409162054049
316.409162054049
316.409162054049
316.409162054049
316.409162054049
316.409162054049
328.409162054049
328.816545628951
316.409162054049
316.409162054049
316.409162054049
316.409162054049
316.889707063038
316.409162054049
316.409162054049
316.409162054049
316.409162054049
316.409162054049
316.409162054049
316.409162054049
316.721263616615
316.409162054049
328.936602967919
316.409162054049
316.409162054049
316.409162054049
316.409162054049
328.409162054049
316.409162054049
316.409162054049
316.409162054049
316.409162054049
316.409162054049
316.409162054049
316.409162054049
316.409162054049
317.201808625604
316.409162054049
316.409162054049
316.409162054049
316.409162054049
316.409162054049
316.409162054049
328.409162054049
316.409162054049
316.409162054049
316.409162054049
316.409162054049
328.409162054049
316.409162054049
317.019216983043
316.409162054049
316.409162054049
316.409162054049
316.409162054049
328.409162054049
316.409162054049
316.889707063038
316.409162054049
328.257205908421
316.409162054049
316.409162054049
316.409162054049
316.409162054049
316.409162054049
316.504444066386
316.409162054049
316.409162054049
316.409162054049
316.409162054049
316.409162054049
316.409162054049
316.409162054049
316.409162054049
316.409162054049
316.409162054049
316.409162054049
316.409162054049
328.409162054049
316.409162054049
316.409162054049
316.409162054049
316.409162054049
316.409162054049
316.409162054049
316.409162054049
316.409162054049
316.409162054049
316.409162054049
316.409162054049
316.409162054049
316.409162054049
316.409162054049
316.409162054049
316.409162054049
316.776316105785
329.077975469996
316.409162054049
316.409162054049
316.409162054049
316.409162054049
316.409162054049
316.409162054049
316.409162054049