最优解为:3435.5784
最优解路径:

Best_route =

  1 至 24 列

    35    36    31    32     9    10    53    54     0     0     0     0     0     0     0     0     0     0     0     0     0     0     0     0
    11    12     3     4    41    42    47    48    45    46    50     0     0     0     0     0     0     0     0     0     0     0     0     0
    17    18    39    40     5     6    25    26    43    44    29    30     0     0     0     0     0     0     0     0     0     0     0     0
    33    34    23    24    15    16     1     2    21    22    49     0     0     0     0     0     0     0     0     0     0     0     0     0
    57    58    27    28     7     8    59    60    37     0     0     0     0     0     0     0     0     0     0     0     0     0     0     0
    13    14    51    52    19    20    55    56    38     0     0     0     0     0     0     0     0     0     0     0     0     0     0     0

  25 至 48 列

     0     0     0     0     0     0     0     0     0     0     0     0     0     0     0     0     0     0     0     0     0     0     0     0
     0     0     0     0     0     0     0     0     0     0     0     0     0     0     0     0     0     0     0     0     0     0     0     0
     0     0     0     0     0     0     0     0     0     0     0     0     0     0     0     0     0     0     0     0     0     0     0     0
     0     0     0     0     0     0     0     0     0     0     0     0     0     0     0     0     0     0     0     0     0     0     0     0
     0     0     0     0     0     0     0     0     0     0     0     0     0     0     0     0     0     0     0     0     0     0     0     0
     0     0     0     0     0     0     0     0     0     0     0     0     0     0     0     0     0     0     0     0     0     0     0     0

  49 至 61 列

     0     0     0     0     0     0     0     0     0     0     0     0     0
     0     0     0     0     0     0     0     0     0     0     0     0     0
     0     0     0     0     0     0     0     0     0     0     0     0     0
     0     0     0     0     0     0     0     0     0     0     0     0     0
     0     0     0     0     0     0     0     0     0     0     0     0     0
     0     0     0     0     0     0     0     0     0     0     0     0     0

本次运算用时:576.181秒
算法在第371代时收敛

best
3547.65904522009
3495.52289006290
3495.52289006290
3495.52289006290
3495.52289006290
3495.52289006290
3495.52289006290
3495.52289006290
3495.52289006290
3495.52289006290
3495.52289006290
3495.52289006290
3489.16638595734
3489.16638595734
3489.16638595734
3489.16638595734
3489.16638595734
3489.16638595734
3489.16638595734
3489.16638595734
3489.16638595734
3489.16638595734
3489.16638595734
3489.16638595734
3489.16638595734
3489.16638595734
3489.16638595734
3489.16638595734
3489.16638595734
3489.16638595734
3489.16638595734
3489.16638595734
3489.16638595734
3489.16638595734
3489.16638595734
3489.16638595734
3489.16638595734
3489.16638595734
3489.16638595734
3489.16638595734
3489.16638595734
3489.16638595734
3489.16638595734
3489.16638595734
3489.16638595734
3489.16638595734
3489.16638595734
3489.16638595734
3489.16638595734
3489.16638595734
3489.16638595734
3489.16638595734
3489.16638595734
3489.16638595734
3489.16638595734
3489.16638595734
3489.16638595734
3489.16638595734
3489.16638595734
3489.16638595734
3489.16638595734
3489.16638595734
3489.16638595734
3489.16638595734
3489.16638595734
3489.16638595734
3489.16638595734
3489.16638595734
3489.16638595734
3489.16638595734
3489.16638595734
3489.16638595734
3489.16638595734
3489.16638595734
3489.16638595734
3489.16638595734
3489.16638595734
3489.16638595734
3489.16638595734
3489.16638595734
3489.16638595734
3489.16638595734
3489.16638595734
3489.16638595734
3489.16638595734
3489.16638595734
3489.16638595734
3489.16638595734
3489.16638595734
3489.16638595734
3489.16638595734
3489.16638595734
3489.16638595734
3489.16638595734
3489.16638595734
3489.16638595734
3489.16638595734
3489.16638595734
3489.16638595734
3489.16638595734
3489.16638595734
3489.16638595734
3489.16638595734
3489.16638595734
3489.16638595734
3489.16638595734
3489.16638595734
3489.16638595734
3489.16638595734
3489.16638595734
3489.16638595734
3489.16638595734
3489.16638595734
3489.16638595734
3489.16638595734
3489.16638595734
3489.16638595734
3489.16638595734
3489.16638595734
3489.16638595734
3489.16638595734
3489.16638595734
3489.16638595734
3489.16638595734
3489.16638595734
3489.16638595734
3489.16638595734
3489.16638595734
3489.16638595734
3489.16638595734
3489.16638595734
3489.16638595734
3489.16638595734
3489.16638595734
3489.16638595734
3489.16638595734
3489.16638595734
3489.16638595734
3489.16638595734
3489.16638595734
3489.16638595734
3489.16638595734
3489.16638595734
3489.16638595734
3489.16638595734
3489.16638595734
3487.47844031427
3487.47844031427
3487.47844031427
3487.47844031427
3487.47844031427
3487.47844031427
3487.47844031427
3487.47844031427
3487.47844031427
3487.47844031427
3487.47844031427
3487.47844031427
3487.47844031427
3487.47844031427
3487.47844031427
3487.47844031427
3487.47844031427
3487.47844031427
3487.47844031427
3487.47844031427
3487.47844031427
3487.47844031427
3487.47844031427
3487.47844031427
3487.47844031427
3487.47844031427
3487.47844031427
3487.47844031427
3487.47844031427
3487.47844031427
3487.47844031427
3487.47844031427
3487.47844031427
3487.47844031427
3487.47844031427
3487.47844031427
3487.47844031427
3487.47844031427
3487.47844031427
3487.47844031427
3487.47844031427
3487.47844031427
3487.47844031427
3487.47844031427
3487.47844031427
3487.47844031427
3487.47844031427
3487.47844031427
3487.47844031427
3487.47844031427
3487.47844031427
3487.47844031427
3487.47844031427
3487.47844031427
3487.47844031427
3487.47844031427
3487.47844031427
3487.47844031427
3487.47844031427
3487.47844031427
3487.47844031427
3487.47844031427
3487.47844031427
3487.47844031427
3487.47844031427
3487.47844031427
3487.47844031427
3487.47844031427
3487.47844031427
3487.47844031427
3487.47844031427
3487.47844031427
3487.47844031427
3487.47844031427
3487.47844031427
3487.47844031427
3487.47844031427
3487.47844031427
3487.47844031427
3487.47844031427
3487.47844031427
3486.28622143267
3486.28622143267
3486.28622143267
3486.28622143267
3486.28622143267
3486.28622143267
3486.28622143267
3486.28622143267
3486.28622143267
3486.28622143267
3486.28622143267
3486.28622143267
3486.28622143267
3486.28622143267
3486.28622143267
3486.28622143267
3486.28622143267
3486.28622143267
3486.28622143267
3486.28622143267
3486.28622143267
3486.28622143267
3486.28622143267
3486.28622143267
3486.28622143267
3486.28622143267
3486.28622143267
3486.28622143267
3486.28622143267
3486.28622143267
3486.28622143267
3486.28622143267
3486.28622143267
3486.28622143267
3486.28622143267
3486.28622143267
3486.28622143267
3486.28622143267
3486.28622143267
3486.28622143267
3486.28622143267
3484.77701439261
3484.77701439261
3484.77701439261
3484.77701439261
3484.77701439261
3484.77701439261
3484.77701439261
3484.77701439261
3484.77701439261
3484.77701439261
3484.77701439261
3484.77701439261
3484.77701439261
3484.77701439261
3484.77701439261
3484.77701439261
3484.77701439261
3484.77701439261
3484.77701439261
3484.77701439261
3484.77701439261
3484.77701439261
3484.77701439261
3484.77701439261
3484.77701439261
3484.77701439261
3484.77701439261
3484.77701439261
3484.77701439261
3484.77701439261
3484.77701439261
3484.77701439261
3484.77701439261
3484.77701439261
3484.77701439261
3484.77701439261
3484.72945464951
3484.72945464951
3484.72945464951
3484.72945464951
3484.72945464951
3484.72945464951
3484.72945464951
3484.72945464951
3484.72945464951
3484.72945464951
3484.72945464951
3484.72945464951
3484.72945464951
3484.72945464951
3484.72945464951
3484.72945464951
3484.72945464951
3484.72945464951
3484.72945464951
3484.72945464951
3484.72945464951
3484.72945464951
3484.72945464951
3484.72945464951
3484.72945464951
3484.72945464951
3484.72945464951
3484.72945464951
3484.72945464951
