最优解为:956.8963
最优解路径:

Best_route =

     9    10     5     6     7     8     0     0     0     0     0     0     0
    11    12     1     2     3     4     0     0     0     0     0     0     0

本次运算用时:21.827秒
算法在第2代时收敛

best
957.437162054050
956.896258413350
956.896258413350
956.896258413350
956.896258413350
956.896258413350
956.896258413350
956.896258413350
956.896258413350
956.896258413350
956.896258413350
956.896258413350
956.896258413350
956.896258413350
956.896258413350
956.896258413350
956.896258413350
956.896258413350
956.896258413350
956.896258413350
956.896258413350
956.896258413350
956.896258413350
956.896258413350
956.896258413350
956.896258413350
956.896258413350
956.896258413350
956.896258413350
956.896258413350
956.896258413350
956.896258413350
956.896258413350
956.896258413350
956.896258413350
956.896258413350
956.896258413350
956.896258413350
956.896258413350
956.896258413350
956.896258413350
956.896258413350
956.896258413350
956.896258413350
956.896258413350
956.896258413350
956.896258413350
956.896258413350
956.896258413350
956.896258413350
956.896258413350
956.896258413350
956.896258413350
956.896258413350
956.896258413350
956.896258413350
956.896258413350
956.896258413350
956.896258413350
956.896258413350
956.896258413350
956.896258413350
956.896258413350
956.896258413350
956.896258413350
956.896258413350
956.896258413350
956.896258413350
956.896258413350
956.896258413350
956.896258413350
956.896258413350
956.896258413350
956.896258413350
956.896258413350
956.896258413350
956.896258413350
956.896258413350
956.896258413350
956.896258413350
956.896258413350
956.896258413350
956.896258413350
956.896258413350
956.896258413350
956.896258413350
956.896258413350
956.896258413350
956.896258413350
956.896258413350
956.896258413350
956.896258413350
956.896258413350
956.896258413350
956.896258413350
956.896258413350
956.896258413350
956.896258413350
956.896258413350
956.896258413350
956.896258413350
956.896258413350
956.896258413350
956.896258413350
956.896258413350
956.896258413350
956.896258413350
956.896258413350
956.896258413350
956.896258413350
956.896258413350
956.896258413350
956.896258413350
956.896258413350
956.896258413350
956.896258413350
956.896258413350
956.896258413350
956.896258413350
956.896258413350
956.896258413350
956.896258413350
956.896258413350
956.896258413350
956.896258413350
956.896258413350
956.896258413350
956.896258413350
956.896258413350
956.896258413350
956.896258413350
956.896258413350
956.896258413350
956.896258413350
956.896258413350
956.896258413350
956.896258413350
956.896258413350
956.896258413350
956.896258413350
956.896258413350
956.896258413350
956.896258413350
956.896258413350
956.896258413350
956.896258413350
956.896258413350
956.896258413350
956.896258413350
956.896258413350
956.896258413350
956.896258413350
956.896258413350
956.896258413350
956.896258413350
956.896258413350
956.896258413350
956.896258413350
956.896258413350
956.896258413350
956.896258413350
956.896258413350
956.896258413350
956.896258413350
956.896258413350
956.896258413350
956.896258413350
956.896258413350
956.896258413350
956.896258413350
956.896258413350
956.896258413350
956.896258413350
956.896258413350
956.896258413350
956.896258413350
956.896258413350
956.896258413350
956.896258413350
956.896258413350
956.896258413350
956.896258413350
956.896258413350
956.896258413350
956.896258413350
956.896258413350
956.896258413350
956.896258413350
956.896258413350
956.896258413350
956.896258413350
956.896258413350
956.896258413350
956.896258413350
956.896258413350
956.896258413350
956.896258413350
956.896258413350
956.896258413350
956.896258413350

ave
964.012327428643
964.310368264494
964.084983626813
964.941793497697
963.705598945915
961.626578014234
960.069248207601
959.413055004645
958.631606825652
960.151363255794
959.996434787525
961.589298128697
961.365997479271
962.005773765772
960.796408103212
960.890332257716
961.015412896985
961.137637517463
960.688817626237
961.091569129295
961.366607716171
960.210795645814
961.322533670840
960.758345377377
960.566371510484
960.398033006838
960.475990836832
960.658988986073
960.104653128199
960.253788445413
960.169216310869
959.752490289216
959.447435477291
959.719314578960
960.083931045416
960.301978129378
960.857116493044
961.918490908140
962.018811667889
960.332231794279
960.231890327359
960.814408654074
961.605728581102
962.705152033181
960.111336965669
959.701523495151
961.274666272408
959.792536093844
961.097784548855
959.928883964535
959.978887855884
960.738331305300
960.033537203200
960.870827679129
960.713397506480
961.715895702977
960.568025047910
962.286989841122
960.813428703064
960.595717380739
960.401839560640
960.481353317872
961.217753125016
959.457824168376
960.731106013294
962.101617664977
961.884307592748
960.939584181581
960.085740638740
961.199319033160
961.071816945845
960.480033982295
961.006860943537
961.511465574388
961.768543809065
961.133378006924
960.233825744440
960.485956960826
961.607315711228
961.556460364429
961.445572532839
959.590992631216
960.707741930922
961.093356061283
961.198611280602
960.613088090613
960.326293305482
959.893667279513
960.618253988423
962.352563412767
962.381084061139
959.556573537421
960.156955569978
960.384342785921
962.114663497980
959.323656614706
959.806468346911
960.130163326388
959.647342023442
961.721280923619
959.203938055643
961.047328952995
961.196939442130
960.686616392380
960.922446910045
960.982315573333
959.903793353329
960.539085199795
960.470196589009
960.744661613423
961.105549806794
960.784607913233
959.854515746904
961.999637980980
959.997770180613
960.378525965007
960.539042167293
961.781969860896
961.004137778664
959.981151306333
959.955753856050
960.747684819501
960.466318367300
960.814304105746
960.799183793433
961.796655801238
961.026246023362
959.315266771714
961.470473954427
962.384850104670
960.279191720822
959.054304939739
960.839881151828
961.866260782852
960.884601945467
961.868606208538
959.598193281188
961.904375494648
960.401941024033
960.537149782714
961.695280911585
960.367146431163
961.633377407194
960.611798231495
960.758335486282
959.685714383416
960.202889670864
960.621944787548
960.267997410408
961.193835986242
959.680746476507
961.013782714686
960.426477332118
961.535811228533
961.366105298846
961.609066700603
960.646057587530
961.283726113665
960.957073949739
959.883900957381
961.745680696033
960.387639851934
961.314134090075
962.172863138274
960.393156933213
961.576407429311
960.676217959077
961.117341323735
960.568157631822
960.736183915037
960.728232640966
961.100096969635
961.701989328304
959.614687776695
961.807723559804
961.899050044495
960.748405452206
960.205005618442
962.352552326999
960.966983612724
961.173543533683
960.968578832093
960.763762660814
960.722275261478
959.576927921761
959.565140808723
962.191208920977
960.241153046435
960.175080445376
961.609317563070
959.926606487015
959.722208547047
960.625780593078
959.429218874611
960.669587999486
959.953504326780
960.865678381817
960.993696585929
960.948731334401
961.101415086195