最优解为:747.2988
最优解路径:

Best_route =

  1 至 24 列

     0     0     0     0     0     0     0     0     0     0     0     0     0     0     0     0     0     0     0     0     0     0     0     0
     0     0     0     0     0     0     0     0     0     0     0     0     0     0     0     0     0     0     0     0     0     0     0     0
     0     0     0     0     0     0     0     0     0     0     0     0     0     0     0     0     0     0     0     0     0     0     0     0
     0     0     0     0     0     0     0     0     0     0     0     0     0     0     0     0     0     0     0     0     0     0     0     0
    16     6    19    21     5     1    23    14     7    25    15    13    11    29    24     0     0     0     0     0     0     0     0     0
     4     9     3    30    27    22    12     8    10    17    20    28     2    18    26     0     0     0     0     0     0     0     0     0
     0     0     0     0     0     0     0     0     0     0     0     0     0     0     0     0     0     0     0     0     0     0     0     0
     0     0     0     0     0     0     0     0     0     0     0     0     0     0     0     0     0     0     0     0     0     0     0     0

  25 至 31 列

     0     0     0     0     0     0     0
     0     0     0     0     0     0     0
     0     0     0     0     0     0     0
     0     0     0     0     0     0     0
     0     0     0     0     0     0     0
     0     0     0     0     0     0     0
     0     0     0     0     0     0     0
     0     0     0     0     0     0     0

本次运算用时:99.632秒
算法在第62代时收敛

best
1074.15132459951
1058.74262475560
1054.66120113532
1054.66120113532
1054.66120113532
1054.66120113532
1054.66120113532
1054.66120113532
759.002877367571
759.002877367571
759.002877367571
757.943710975671
757.943710975671
757.943710975671
757.943710975671
757.943710975671
757.943710975671
757.943710975671
757.943710975671
757.943710975671
757.943710975671
757.943710975671
757.943710975671
757.481805796275
757.481805796275
757.481805796275
757.481805796275
757.481805796275
757.147653735497
757.147653735497
757.147653735497
756.654202522125
756.654202522125
756.654202522125
756.654202522125
756.654202522125
756.654202522125
756.654202522125
756.654202522125
756.654202522125
756.346181715502
756.346181715502
755.638940596873
755.443063505390
754.282102003652
754.282102003652
754.282102003652
753.080331525392
753.080331525392
751.287824874714
750.782961352851
750.782961352851
750.782961352851
750.782961352851
750.782961352851
750.782961352851
747.298772603294
747.298772603294
747.298772603294
747.298772603294
747.298772603294
747.298772603293
747.298772603293
747.298772603293
747.298772603293
747.298772603293
747.298772603293
747.298772603293
747.298772603293
747.298772603293
747.298772603293
747.298772603293
747.298772603293
747.298772603293
747.298772603293
747.298772603293
747.298772603293
747.298772603293
747.298772603293
747.298772603293
747.298772603293
747.298772603293
747.298772603293
747.298772603293
747.298772603293
747.298772603293
747.298772603293
747.298772603293
747.298772603293
747.298772603293
747.298772603293
747.298772603293
747.298772603293
747.298772603293
747.298772603293
747.298772603293
747.298772603293
747.298772603293
747.298772603293
747.298772603293
747.298772603293
747.298772603293
747.298772603293
747.298772603293
747.298772603293
747.298772603293
747.298772603293
747.298772603293
747.298772603293
747.298772603293
747.298772603293
747.298772603293
747.298772603293
747.298772603293
747.298772603293
747.298772603293
747.298772603293
747.298772603293
747.298772603293
747.298772603293
747.298772603293
747.298772603293
747.298772603293
747.298772603293
747.298772603293
747.298772603293
747.298772603293
747.298772603293
747.298772603293
747.298772603293
747.298772603293
747.298772603293
747.298772603293
747.298772603293
747.298772603293
747.298772603293
747.298772603293
747.298772603293
747.298772603293
747.298772603293
747.298772603293
747.298772603293
747.298772603293
747.298772603293
747.298772603293
747.298772603293
747.298772603293
747.298772603293
747.298772603293
747.298772603293
747.298772603293
747.298772603293
747.298772603293
747.298772603293
747.298772603293
747.298772603293
747.298772603293
747.298772603293
747.298772603293
747.298772603293
747.298772603293
747.298772603293
747.298772603293
747.298772603293
747.298772603293
747.298772603293
747.298772603293
747.298772603293
747.298772603293
747.298772603293
747.298772603293
747.298772603293
747.298772603293
747.298772603293
747.298772603293
747.298772603293
747.298772603293
747.298772603293
747.298772603293
747.298772603293
747.298772603293
747.298772603293
747.298772603293
747.298772603293
747.298772603293
747.298772603293
747.298772603293
747.298772603293
747.298772603293
747.298772603293
747.298772603293
747.298772603293
747.298772603293
747.298772603293
747.298772603293
747.298772603293
747.298772603293
747.298772603293
747.298772603293
747.298772603293
747.298772603293
747.298772603293
747.298772603293
747.298772603293
747.298772603293
747.298772603293
747.298772603293
747.298772603293
747.298772603293
747.298772603293
747.298772603293
747.298772603293
747.298772603293
747.298772603293
747.298772603293
747.298772603293
747.298772603293
747.298772603293
747.298772603293
747.298772603293
747.298772603293
747.298772603293
747.298772603293
747.298772603293
747.298772603293
747.298772603293
747.298772603293
747.298772603293
747.298772603293
747.298772603293
747.298772603293
747.298772603293
747.298772603293
747.298772603293
747.298772603293
747.298772603293
747.298772603293
747.298772603293
747.298772603293
747.298772603293
747.298772603293
747.298772603293
747.298772603293
747.298772603293
747.298772603293
747.298772603293
747.298772603293
747.298772603293
747.298772603293
747.298772603293
747.298772603293
747.298772603293
747.298772603293
747.298772603293
747.298772603293
747.298772603293
747.298772603293
747.298772603293
747.298772603293
747.298772603293
747.298772603293
747.298772603293
747.298772603293
747.298772603293
747.298772603293
747.298772603293
747.298772603293
747.298772603293
747.298772603293
747.298772603293
747.298772603293
747.298772603293
747.298772603293
747.298772603293
747.298772603293
747.298772603293
747.298772603293
747.298772603293
747.298772603293
747.298772603293
747.298772603293
747.298772603293
747.298772603293
747.298772603293
747.298772603293
747.298772603293
747.298772603293
747.298772603293
747.298772603293
747.298772603293
747.298772603293
747.298772603293
747.298772603293
747.298772603293
747.298772603293
747.298772603293
747.298772603293
747.298772603293
747.298772603293
747.298772603293
747.298772603293
747.298772603293
747.298772603293
747.298772603293
747.298772603293
747.298772603293
747.298772603293
747.298772603293
747.298772603293
747.298772603293
747.298772603293
747.298772603293
747.298772603293
747.298772603293
747.298772603293
747.298772603293
747.298772603293
747.298772603293
747.298772603293
747.298772603293
747.298772603293
747.298772603293
747.298772603293
747.298772603293
747.298772603293
747.298772603293
747.298772603293
747.298772603293
747.298772603293
747.298772603293
747.298772603293
747.298772603293
747.298772603293
747.298772603293
747.298772603293
747.298772603293
747.298772603293
747.298772603293
747.298772603293
747.298772603293
747.298772603293
747.298772603293
747.298772603293
747.298772603293
747.298772603293
747.298772603293
747.298772603293
747.298772603293
747.298772603293
747.298772603293
747.298772603293
747.298772603293
747.298772603293
747.298772603293
747.298772603293
747.298772603293
747.298772603293
747.298772603293
747.298772603293
747.298772603293
747.298772603293
747.298772603293
747.298772603293
747.298772603293
747.298772603293
747.298772603293
747.298772603293
747.298772603293
747.298772603293
747.298772603293
747.298772603293
747.298772603293
747.298772603293
747.298772603293
747.298772603293
747.298772603293
