最优解为:1258.4438
最优解路径:

Best_route =

  1 至 24 列

    10     0     0     0     0     0     0     0     0     0     0     0     0     0     0     0     0     0     0     0     0     0     0     0
     0     0     0     0     0     0     0     0     0     0     0     0     0     0     0     0     0     0     0     0     0     0     0     0
     7    22    27     8    12    13    15    21     5     2     0     0     0     0     0     0     0     0     0     0     0     0     0     0
    16     9     4    11    28    24    14    29     0     0     0     0     0     0     0     0     0     0     0     0     0     0     0     0
     0     0     0     0     0     0     0     0     0     0     0     0     0     0     0     0     0     0     0     0     0     0     0     0
     0     0     0     0     0     0     0     0     0     0     0     0     0     0     0     0     0     0     0     0     0     0     0     0
    18    30     3     1    23     6    19    25    26    17    20     0     0     0     0     0     0     0     0     0     0     0     0     0
     0     0     0     0     0     0     0     0     0     0     0     0     0     0     0     0     0     0     0     0     0     0     0     0

  25 至 31 列

     0     0     0     0     0     0     0
     0     0     0     0     0     0     0
     0     0     0     0     0     0     0
     0     0     0     0     0     0     0
     0     0     0     0     0     0     0
     0     0     0     0     0     0     0
     0     0     0     0     0     0     0
     0     0     0     0     0     0     0

本次运算用时:100.554秒
算法在第51代时收敛

best
1273.17719120525
1266.93691647666
1264.88525876938
1264.10941047464
1263.65160216404
1261.19798437831
1261.19798437831
1261.19798437831
1261.19798437831
1261.19798437831
1261.19798437831
1261.19798437831
1261.19798437831
1261.19798437831
1261.19798437831
1261.19798437831
1261.19798437831
1261.19798437831
1261.19798437831
1261.19798437831
1259.35558854530
1259.35558854530
1259.35558854530
1258.75316922358
1258.75316922358
1258.75316922358
1258.75316922358
1258.47989383342
1258.47989383342
1258.47989383342
1258.47989383342
1258.47989383342
1258.47989383342
1258.47989383342
1258.47989383342
1258.47989383342
1258.47989383342
1258.47989383342
1258.47989383342
1258.47989383342
1258.47989383342
1258.47989383342
1258.47989383342
1258.47989383342
1258.47989383342
1258.47989383342
1258.47989383342
1258.47989383342
1258.47989383342
1258.47989383342
1258.44382372779
1258.44382372779
1258.44382372779
1258.44382372779
1258.44382372779
1258.44382372779
1258.44382372779
1258.44382372779
1258.44382372779
1258.44382372779
1258.44382372779
1258.44382372779
1258.44382372779
1258.44382372779
1258.44382372779
1258.44382372779
1258.44382372779
1258.44382372779
1258.44382372779
1258.44382372779
1258.44382372779
1258.44382372779
1258.44382372779
1258.44382372779
1258.44382372779
1258.44382372779
1258.44382372779
1258.44382372779
1258.44382372779
1258.44382372779
1258.44382372779
1258.44382372779
1258.44382372779
1258.44382372779
1258.44382372779
1258.44382372779
1258.44382372779
1258.44382372779
1258.44382372779
1258.44382372779
1258.44382372779
1258.44382372779
1258.44382372779
1258.44382372779
1258.44382372779
1258.44382372779
1258.44382372779
1258.44382372779
1258.44382372779
1258.44382372779
1258.44382372779
1258.44382372779
1258.44382372779
1258.44382372779
1258.44382372779
1258.44382372779
1258.44382372779
1258.44382372779
1258.44382372779
1258.44382372779
1258.44382372779
1258.44382372779
1258.44382372779
1258.44382372779
1258.44382372779
1258.44382372779
1258.44382372779
1258.44382372779
1258.44382372779
1258.44382372779
1258.44382372779
1258.44382372779
1258.44382372779
1258.44382372779
1258.44382372779
1258.44382372779
1258.44382372779
1258.44382372779
1258.44382372779
1258.44382372779
1258.44382372779
1258.44382372779
1258.44382372779
1258.44382372779
1258.44382372779
1258.44382372779
1258.44382372779
1258.44382372779
1258.44382372779
1258.44382372779
1258.44382372779
1258.44382372779
1258.44382372779
1258.44382372779
1258.44382372779
1258.44382372779
1258.44382372779
1258.44382372779
1258.44382372779
1258.44382372779
1258.44382372779
1258.44382372779
1258.44382372779
1258.44382372779
1258.44382372779
1258.44382372779
1258.44382372779
1258.44382372779
1258.44382372779
1258.44382372779
1258.44382372779
1258.44382372779
1258.44382372779
1258.44382372779
1258.44382372779
1258.44382372779
1258.44382372779
1258.44382372779
1258.44382372779
1258.44382372779
1258.44382372779
1258.44382372779
1258.44382372779
1258.44382372779
1258.44382372779
1258.44382372779
1258.44382372779
1258.44382372779
1258.44382372779
1258.44382372779
1258.44382372779
1258.44382372779
1258.44382372779
1258.44382372779
1258.44382372779
1258.44382372779
1258.44382372779
1258.44382372779
1258.44382372779
1258.44382372779
1258.44382372779
1258.44382372779
1258.44382372779
1258.44382372779
1258.44382372779
1258.44382372779
1258.44382372779
1258.44382372779
1258.44382372779
1258.44382372779
1258.44382372779
1258.44382372779
1258.44382372779
1258.44382372779
1258.44382372779
1258.44382372779
1258.44382372779
1258.44382372779
1258.44382372779
1258.44382372779
1258.44382372779
1258.44382372779
1258.44382372779
1258.44382372779
1258.44382372779
1258.44382372779
1258.44382372779
1258.44382372779
1258.44382372779
1258.44382372779
1258.44382372779
1258.44382372779
1258.44382372779
1258.44382372779
1258.44382372779
1258.44382372779
1258.44382372779
1258.44382372779
1258.44382372779
1258.44382372779
1258.44382372779
1258.44382372779
1258.44382372779
1258.44382372779
1258.44382372779
1258.44382372779
1258.44382372779
1258.44382372779
1258.44382372779
1258.44382372779
1258.44382372779
1258.44382372779
1258.44382372779
1258.44382372779
1258.44382372779
1258.44382372779
1258.44382372779
1258.44382372779
1258.44382372779
1258.44382372779
1258.44382372779
1258.44382372779
1258.44382372779
1258.44382372779
1258.44382372779
1258.44382372779
1258.44382372779
1258.44382372779
1258.44382372779
1258.44382372779
1258.44382372779
1258.44382372779
1258.44382372779
1258.44382372779
1258.44382372779
1258.44382372779
1258.44382372779
1258.44382372779
1258.44382372779
1258.44382372779
1258.44382372779
1258.44382372779
1258.44382372779
1258.44382372779
1258.44382372779
1258.44382372779
1258.44382372779
1258.44382372779
1258.44382372779
1258.44382372779
1258.44382372779
1258.44382372779
1258.44382372779
1258.44382372779
1258.44382372779
1258.44382372779
1258.44382372779
1258.44382372779
1258.44382372779
1258.44382372779
1258.44382372779
1258.44382372779
1258.44382372779
1258.44382372779
1258.44382372779
1258.44382372779
1258.44382372779
1258.44382372779
1258.44382372779
1258.44382372779
1258.44382372779
1258.44382372779
1258.44382372779
1258.44382372779
1258.44382372779
1258.44382372779
1258.44382372779
1258.44382372779
1258.44382372779
1258.44382372779
1258.44382372779
1258.44382372779
1258.44382372779
1258.44382372779
1258.44382372779
1258.44382372779
1258.44382372779
1258.44382372779
1258.44382372779
1258.44382372779
1258.44382372779
1258.44382372779
1258.44382372779
1258.44382372779
1258.44382372779
1258.44382372779
1258.44382372779
1258.44382372779
1258.44382372779
1258.44382372779
1258.44382372779
1258.44382372779
1258.44382372779
1258.44382372779
1258.44382372779
1258.44382372779
1258.44382372779
1258.44382372779
1258.44382372779
1258.44382372779
1258.44382372779
1258.44382372779
1258.44382372779
1258.44382372779
1258.44382372779
1258.44382372779
1258.44382372779
1258.44382372779
1258.44382372779
1258.44382372779
1258.44382372779
1258.44382372779
1258.44382372779
1258.44382372779
1258.44382372779
1258.44382372779
1258.44382372779
1258.44382372779
1258.44382372779
1258.44382372779
1258.44382372779
1258.44382372779
1258.44382372779
1258.44382372779
1258.44382372779
1258.44382372779
1258.44382372779
1258.44382372779
1258.44382372779
1258.44382372779
1258.44382372779
1258.44382372779
1258.44382372779
1258.44382372779
1258.44382372779
1258.44382372779
