最优解为:912.1009
最优解路径:

Best_route =

     5     6    12     3     4     1     2     0     0     0     0     0     0
     9    10     7     8    11     0     0     0     0     0     0     0     0

本次运算用时:6.059秒
算法在第4代时收敛

best
912.402137256937
912.402137256937
912.402137256937
912.100919208366
912.100919208366
912.100919208366
912.100919208366
912.100919208366
912.100919208366
912.100919208366
912.100919208366
912.100919208366
912.100919208366
912.100919208366
912.100919208366
912.100919208366
912.100919208366
912.100919208366
912.100919208366
912.100919208366
912.100919208366
912.100919208366
912.100919208366
912.100919208366
912.100919208366
912.100919208366
912.100919208366
912.100919208366
912.100919208366
912.100919208366
912.100919208366
912.100919208366
912.100919208366
912.100919208366
912.100919208366
912.100919208366
912.100919208366
912.100919208366
912.100919208366
912.100919208366
912.100919208366
912.100919208366
912.100919208366
912.100919208366
912.100919208366
912.100919208366
912.100919208366
912.100919208366
912.100919208366
912.100919208366
912.100919208366
912.100919208366
912.100919208366
912.100919208366
912.100919208366
912.100919208366
912.100919208366
912.100919208366
912.100919208366
912.100919208366
912.100919208366
912.100919208366
912.100919208366
912.100919208366
912.100919208366
912.100919208366
912.100919208366
912.100919208366
912.100919208366
912.100919208366
912.100919208366
912.100919208366
912.100919208366
912.100919208366
912.100919208366
912.100919208366
912.100919208366
912.100919208366
912.100919208366
912.100919208366
912.100919208366
912.100919208366
912.100919208366
912.100919208366
912.100919208366
912.100919208366
912.100919208366
912.100919208366
912.100919208366
912.100919208366
912.100919208366
912.100919208366
912.100919208366
912.100919208366
912.100919208366
912.100919208366
912.100919208366
912.100919208366
912.100919208366
912.100919208366
912.100919208366
912.100919208366
912.100919208366
912.100919208366
912.100919208366
912.100919208366
912.100919208366
912.100919208366
912.100919208366
912.100919208366
912.100919208366
912.100919208366
912.100919208366
912.100919208366
912.100919208366
912.100919208366
912.100919208366
912.100919208366
912.100919208366
912.100919208366
912.100919208366
912.100919208366
912.100919208366
912.100919208366
912.100919208366
912.100919208366
912.100919208366
912.100919208366
912.100919208366
912.100919208366
912.100919208366
912.100919208366
912.100919208366
912.100919208366
912.100919208366
912.100919208366
912.100919208366
912.100919208366
912.100919208366
912.100919208366
912.100919208366
912.100919208366
912.100919208366
912.100919208366
912.100919208366
912.100919208366
912.100919208366
912.100919208366
912.100919208366
912.100919208366
912.100919208366
912.100919208366
912.100919208366
912.100919208366
912.100919208366
912.100919208366
912.100919208366
912.100919208366
912.100919208366
912.100919208366
912.100919208366
912.100919208366
912.100919208366
912.100919208366
912.100919208366
912.100919208366
912.100919208366
912.100919208366
912.100919208366
912.100919208366
912.100919208366
912.100919208366
912.100919208366
912.100919208366
912.100919208366
912.100919208366
912.100919208366
912.100919208366
912.100919208366
912.100919208366
912.100919208366
912.100919208366
912.100919208366
912.100919208366
912.100919208366
912.100919208366
912.100919208366
912.100919208366
912.100919208366
912.100919208366
912.100919208366
912.100919208366
912.100919208366
912.100919208366
912.100919208366
912.100919208366
912.100919208366
912.100919208366
912.100919208366
912.100919208366

ave
979.602909275546
1031.19892694681
1005.84073918782
1020.68943642410
1066.20002723241
1012.45503400845
1026.20456751119
1009.26559880460
983.270657737986
1046.39302064698
1067.96454849071
1038.95136615667
1069.45491537076
1024.44024205046
980.380639570545
965.166003290859
931.443932369277
931.545993965362
1010.84236674609
934.619802758774
945.457670454314
935.916015448213
938.825531676318
955.801554054492
966.046446147782
920.779282301395
947.680702484304
942.648083400056
937.165399269463
938.095080405442
941.052087548566
926.127160369193
925.799045333669
942.801050417107
918.192918470157
925.178003752470
934.990914394817
931.155554624783
923.154639300568
924.786128660879
916.731771036883
920.071238371347
922.601111558098
927.777206716935
935.827733237553
928.337501606768
920.995484619581
927.161649809575
939.736225145601
927.363286868513
928.046805513165
978.931688515209
946.279654848662
976.644203679416
975.218193514483
929.994164501193
930.890579701198
938.208353478128
931.572829206657
957.127101688909
945.421233580225
925.549882916859
954.531271706062
927.566239622454
923.936812467946
952.889070917889
930.285179726667
963.232384444005
937.568377143730
933.669430090367
939.066071510356
927.194128800386
969.293729255724
967.640945222979
984.992515986324
938.696937313538
953.349914184495
936.765541040781
964.998904778388
948.710591570404
1014.98742030778
985.557634548195
976.524772514747
958.842886948576
995.429484623265
948.477884204705
1066.51607082499
1034.40412829270
980.449312554109
1025.28679173249
941.473106694627
926.980604429877
924.708313502719
958.606119870363
944.604166918352
990.767716560977
927.859645609355
948.755973104080
941.695210969797
948.434571888492
947.288266931114
948.435109925302
921.687774135413
958.084263843684
995.032112529688
956.031622806677
941.164418270583
943.420234815804
920.979928458626
922.549347742459
961.760798327781
952.097637284159
936.551804507290
918.999362880822
931.455560539743
975.917214195580
929.268709270081
957.209396490063
931.807393578808
940.279200423052
960.121954486978
927.386234567960
934.620675631059
921.842904200990
936.768265410962
950.132290723344
919.933893231979
926.688227320248
926.121813192986
946.988258242853
932.222567521319
928.560772093056
937.559511609087
921.949568359002
938.540371968170
922.993296193647
931.767794914913
924.448789795897
941.169145432059
929.308719741899
954.969722499820
926.247002360859
923.540287672578
962.140688720811
932.222046969000
970.819142826291
932.144382638620
962.305636840666
950.062391124024
923.527913853177
949.727275508919
955.890944386184
924.332348240441
949.820778878644
947.836197798596
950.160854786269
922.494761098834
923.860708313322
941.043856342575
925.379838283547
925.205330821716
971.124575518542
931.927495231669
964.257467411091
952.165831578542
938.147814563000
938.941861370663
919.210653892632
951.783188170489
934.555667199887
928.726049366132
919.638851125408
950.036946334870
1002.25423437189
928.679888795873
994.985283251395
933.603020054231
942.891722625703
921.649486299405
969.541862488134
957.908743224021
924.243482958580
952.380150937909
942.131691108876
958.941388115613
923.114446555171
942.220700137326
924.422447558847
926.558372917701
927.274319724401
941.511831283004
945.707937267176
955.247484055814
928.077865888820
934.255066397660
926.438311606596
965.007983248497
929.842579610792
935.500304624565
951.250916813073