实验环境：
VeiNum = 2
Q_ant = 60
AntNum = 20 
iter_max = 100

抽取的客户节点编号为

Cus_select =

    60    34    81    43

各任务对应的的客户节点编号为

Task_Cus =

    60    34    81    43

cus
40	50
40	50
40	50
15	60
85	35
49	58
55	85

task
3	4	3	0	1
4	2	4	1	0
3	5	3	0	1
5	2	4	3	0
3	6	3	0	1
6	2	4	5	0
2	7	1	0	1
7	3	2	7	0


linktime
0	1.17314560089181	0.673145600891813	1.68585412256314	1.18585412256314	0.801039864469807	0.301039864469807	0	0.951971638232989
0.673145600891813	2.01295786845029	0	2.52566639012162	1.85825859341481	1.64085213202829	0.851469318296320	0.839812267558480	1.17924764150708
0	1.17314560089181	0.839812267558480	1.68585412256314	1.35252078922981	0.801039864469807	0.467706531136474	0	1.11863830489966
1.18585412256314	2.52566639012162	1.85825859341481	3.03837491179295	0	2.15356065369962	1.06800046816469	1.35252078922981	1.45773797371133
0	1.17314560089181	0.839812267558480	1.68585412256314	1.35252078922981	0.801039864469807	0.467706531136474	0	1.11863830489966
0.301039864469807	1.64085213202829	0.851469318296320	2.15356065369962	1.06800046816469	1.26874639560628	0	0.467706531136474	0.691465834296967
0	1.17314560089181	0.839812267558480	1.68585412256314	1.35252078922981	0.801039864469807	0.467706531136474	0	1.11863830489966
0.951971638232989	2.29178390579147	1.17924764150708	2.80449242746280	1.45773797371133	1.91967816936946	0.691465834296967	1.11863830489966	0
1.45197163823299	1.17924764150708	2.29178390579147	1.45773797371133	2.80449242746280	0.691465834296967	1.91967816936946	1.45197163823299	2.57060994313264

tasktime
0
0.166666666666667
1.33981226755848
0.166666666666667
1.85252078922981
0.166666666666667
0.967706531136474
1.61863830489966
0.166666666666667


1
4	2	4	0	0
5	2	4	0	0
6	2	4	0	0
2	7	1	0	1

2
3	4	3	0	1
3	5	3	0	1
3	6	3	0	1
7	3	2	0	0


linktime1
0	0.673145600891813	1.18585412256314	0.301039864469807	0
0	0.839812267558480	1.35252078922981	0.467706531136474	0
0	0.839812267558480	1.35252078922981	0.467706531136474	0
0	0.839812267558480	1.35252078922981	0.467706531136474	0
0.951971638232989	1.17924764150708	1.45773797371133	0.691465834296967	1.11863830489966


tasktime1
0
1.33981226755848
1.85252078922981
0.967706531136474
1.61863830489966


linktime2
0	1.17314560089181	1.68585412256314	0.801039864469807	0.951971638232989
0.673145600891813	2.01295786845029	2.52566639012162	1.64085213202829	1.17924764150708
1.18585412256314	2.52566639012162	3.03837491179295	2.15356065369962	1.45773797371133
0.301039864469807	1.64085213202829	2.15356065369962	1.26874639560628	0.691465834296967
1.45197163823299	1.17924764150708	1.45773797371133	0.691465834296967	2.57060994313264

tasktime2
0
0.166666666666667
0.166666666666667
0.166666666666667
0.166666666666667