最优解为:1020.0285
最优解路径:

Best_route =

     9    10     1     2     3     4     6    11    12     0     0     0     0     0     0     0     0
     7     8    13    14    15    16     5     0     0     0     0     0     0     0     0     0     0

本次运算用时:7.81秒
算法在第13代时收敛

best
1022.27563647860
1022.27563647860
1022.27563647860
1022.27563647860
1022.27563647860
1022.27563647860
1022.27563647860
1022.27563647860
1021.66298742773
1021.66298742773
1021.66298742773
1021.66298742773
1020.02847798045
1020.02847798045
1020.02847798045
1020.02847798045
1020.02847798045
1020.02847798045
1020.02847798045
1020.02847798045
1020.02847798045
1020.02847798045
1020.02847798045
1020.02847798045
1020.02847798045
1020.02847798045
1020.02847798045
1020.02847798045
1020.02847798045
1020.02847798045
1020.02847798045
1020.02847798045
1020.02847798045
1020.02847798045
1020.02847798045
1020.02847798045
1020.02847798045
1020.02847798045
1020.02847798045
1020.02847798045
1020.02847798045
1020.02847798045
1020.02847798045
1020.02847798045
1020.02847798045
1020.02847798045
1020.02847798045
1020.02847798045
1020.02847798045
1020.02847798045
1020.02847798045
1020.02847798045
1020.02847798045
1020.02847798045
1020.02847798045
1020.02847798045
1020.02847798045
1020.02847798045
1020.02847798045
1020.02847798045
1020.02847798045
1020.02847798045
1020.02847798045
1020.02847798045
1020.02847798045
1020.02847798045
1020.02847798045
1020.02847798045
1020.02847798045
1020.02847798045
1020.02847798045
1020.02847798045
1020.02847798045
1020.02847798045
1020.02847798045
1020.02847798045
1020.02847798045
1020.02847798045
1020.02847798045
1020.02847798045
1020.02847798045
1020.02847798045
1020.02847798045
1020.02847798045
1020.02847798045
1020.02847798045
1020.02847798045
1020.02847798045
1020.02847798045
1020.02847798045
1020.02847798045
1020.02847798045
1020.02847798045
1020.02847798045
1020.02847798045
1020.02847798045
1020.02847798045
1020.02847798045
1020.02847798045
1020.02847798045
1020.02847798045
1020.02847798045
1020.02847798045
1020.02847798045
1020.02847798045
1020.02847798045
1020.02847798045
1020.02847798045
1020.02847798045
1020.02847798045
1020.02847798045
1020.02847798045
1020.02847798045
1020.02847798045
1020.02847798045
1020.02847798045
1020.02847798045
1020.02847798045
1020.02847798045
1020.02847798045
1020.02847798045
1020.02847798045
1020.02847798045
1020.02847798045
1020.02847798045
1020.02847798045
1020.02847798045
1020.02847798045
1020.02847798045
1020.02847798045
1020.02847798045
1020.02847798045
1020.02847798045
1020.02847798045
1020.02847798045
1020.02847798045
1020.02847798045
1020.02847798045
1020.02847798045
1020.02847798045
1020.02847798045
1020.02847798045
1020.02847798045
1020.02847798045
1020.02847798045
1020.02847798045
1020.02847798045
1020.02847798045
1020.02847798045
1020.02847798045
1020.02847798045
1020.02847798045
1020.02847798045
1020.02847798045
1020.02847798045
1020.02847798045
1020.02847798045
1020.02847798045
1020.02847798045
1020.02847798045
1020.02847798045
1020.02847798045
1020.02847798045
1020.02847798045
1020.02847798045
1020.02847798045
1020.02847798045
1020.02847798045
1020.02847798045
1020.02847798045
1020.02847798045
1020.02847798045
1020.02847798045
1020.02847798045
1020.02847798045
1020.02847798045
1020.02847798045
1020.02847798045
1020.02847798045
1020.02847798045
1020.02847798045
1020.02847798045
1020.02847798045
1020.02847798045
1020.02847798045
1020.02847798045
1020.02847798045
1020.02847798045
1020.02847798045
1020.02847798045
1020.02847798045
1020.02847798045
1020.02847798045
1020.02847798045
1020.02847798045
1020.02847798045
1020.02847798045
1020.02847798045
1020.02847798045
1020.02847798045

ave
1280.96859177750
1229.89943667047
1128.81288275679
1199.82733395887
1261.83428858720
1130.85267257572
1099.73689925811
1182.50744464890
1150.99250461330
1172.91032674862
1200.69371280322
1180.30410758605
1125.00351174736
1111.75754713113
1139.83768624883
1127.57675399981
1160.15298066356
1176.83533322123
1161.61412555889
1166.52323054222
1178.34923616257
1122.50281501998
1074.29633713959
1208.68719131442
1137.61052046117
1185.22360560537
1100.67007011094
1099.62317042189
1199.97643582258
1171.10984911567
1068.16233558126
1129.92384359998
1095.27137597592
1099.44048766322
1068.35741096316
1107.86788855989
1152.36070250988
1093.37120175549
1099.12587119657
1094.62662598650
1084.29602800068
1097.54895226118
1098.04152511309
1092.94678178801
1118.10088706329
1059.63430296893
1059.44321673070
1080.68169102935
1040.28611922513
1032.51202029422
1104.98338297541
1054.85178031402
1071.83124842658
1058.31658644896
1035.18442266758
1066.45177665692
1053.80375714297
1037.92048324793
1066.64482403633
1027.29056712554
1040.19117025024
1036.11563609598
1046.22712820864
1040.40251800529
1032.14777530092
1056.90717680395
1065.41719237016
1084.29333655397
1059.54817556055
1035.93444985447
1067.59160113408
1089.57807900523
1071.13946286227
1067.52547330999
1041.92622414663
1060.14053056647
1071.76126851601
1040.34262556594
1043.93967584960
1083.27402020679
1035.70610382225
1042.35584520840
1029.84044753116
1082.71376892243
1057.69331608612
1113.23217516920
1109.52687580530
1082.77615001077
1032.07698189875
1090.37965083299
1057.25502860694
1042.77344260404
1040.08983721315
1036.94043654272
1096.47631704556
1064.81884388364
1063.28274481583
1065.52731590940
1088.85999901750
1049.30123363710
1051.94929174165
1069.79751255670
1125.93482410739
1062.08152827417
1046.04452390065
1054.50786609061
1072.86068737721
1049.71367073938
1059.73137338518
1078.62075343740
1062.50275550689
1082.95026491381
1050.57156293066
1081.14230940437
1062.10987091435
1065.79103760275
1066.36662949014
1094.58336418688
1062.30220098236
1048.94141217393
1030.32132268400
1065.69628475359
1097.76518896001
1049.57722539961
1038.38740312924
1094.17507599902
1060.29771765543
1057.67706193241
1126.49935595315
1102.29358673866
1048.35753945053
1053.15568074159
1107.38569660579
1103.73986389614
1090.33905411165
1054.15420733304
1076.39418869424
1066.64290445123
1097.85007668410
1054.15659569279
1083.99676629573
1059.04309390384
1075.31465370413
1065.77674379191
1041.35510217370
1090.05584522345
1068.49898172195
1072.33897354331
1059.08763974264
1057.67093063991
1092.47227423488
1140.03798228589
1078.90455335063
1086.72532279129
1101.21072751855
1084.16602400349
1047.76991034188
1074.32085199623
1130.24422301114
1065.24964840488
1067.99746445490
1104.51994780854
1101.25253930980
1059.17995466911
1061.11353686844
1139.40484376072
1070.30832763537
1059.37118541915
1095.18584132564
1053.09314758921
1091.73947979226
1031.74396970250
1063.28816422658
1084.09085932746
1043.18637396229
1063.02862263917
1036.99698542665
1058.81674329331
1045.86574360227
1051.89351870351
1068.42588600516
1060.66904616184
1094.58642927322
1075.16257120109
1054.23133530592
1044.22761771021
1031.96288837262
1048.26550059981
1037.19989259431
1055.78017209909
1063.77090278255
1083.74165938802
1098.63004017487
1051.25662993426
1085.04273341318
1072.74012308951
1074.55067564289
1053.28649533428
1094.99620749850
1130.88072736873