最优解为:608.2436
最优解路径:

Best_route =

     3     4     7     8     5     6     9    10     1     2     0
     0     0     0     0     0     0     0     0     0     0     0

本次运算用时:2.906秒
算法在第1代时收敛

best
608.243558732064
608.243558732064
608.243558732064
608.243558732064
608.243558732064
608.243558732064
608.243558732064
608.243558732064
608.243558732064
608.243558732064
608.243558732064
608.243558732064
608.243558732064
608.243558732064
608.243558732064
608.243558732064
608.243558732064
608.243558732064
608.243558732064
608.243558732064
608.243558732064
608.243558732064
608.243558732064
608.243558732064
608.243558732064
608.243558732064
608.243558732064
608.243558732064
608.243558732064
608.243558732064
608.243558732064
608.243558732064
608.243558732064
608.243558732064
608.243558732064
608.243558732064
608.243558732064
608.243558732064
608.243558732064
608.243558732064
608.243558732064
608.243558732064
608.243558732064
608.243558732064
608.243558732064
608.243558732064
608.243558732064
608.243558732064
608.243558732064
608.243558732064
608.243558732064
608.243558732064
608.243558732064
608.243558732064
608.243558732064
608.243558732064
608.243558732064
608.243558732064
608.243558732064
608.243558732064
608.243558732064
608.243558732064
608.243558732064
608.243558732064
608.243558732064
608.243558732064
608.243558732064
608.243558732064
608.243558732064
608.243558732064
608.243558732064
608.243558732064
608.243558732064
608.243558732064
608.243558732064
608.243558732064
608.243558732064
608.243558732064
608.243558732064
608.243558732064
608.243558732064
608.243558732064
608.243558732064
608.243558732064
608.243558732064
608.243558732064
608.243558732064
608.243558732064
608.243558732064
608.243558732064
608.243558732064
608.243558732064
608.243558732064
608.243558732064
608.243558732064
608.243558732064
608.243558732064
608.243558732064
608.243558732064
608.243558732064

ave
645.625727588209
645.716942274800
621.545333262862
621.502043586573
609.480398748428
620.676452737791
633.020705262366
632.614610736973
608.980508099692
608.875376422585
608.429084734518
608.636255575118
608.450729572663
644.450729572663
608.528546576915
608.488349414242
608.429084734518
608.367242733700
620.466704576097
608.367242733700
608.305400732882
632.367242733700
620.429084734518
620.450729572663
608.429084734518
620.243558732064
620.367242733700
608.243558732064
644.305400732882
620.571836253205
608.305400732882
620.243558732064
620.473619858662
608.243558732064
608.343020574461
608.429084734518
608.305400732882
608.404862575279
608.367242733700
608.305400732882
620.243558732064
620.367242733700
608.388887571845
608.305400732882
608.367242733700
608.367242733700
608.305400732882
620.367242733700
608.243558732064
608.388887571845
608.243558732064
620.305400732882
620.243558732064
620.243558732064
608.367242733700
608.466704576097
620.466704576097
608.367242733700
608.367242733700
608.243558732064
608.305400732882
608.305400732882
608.243558732064
608.305400732882
608.305400732882
608.367242733700
608.367242733700
608.305400732882
608.305400732882
620.305400732882
608.305400732882
608.243558732064
608.305400732882
608.243558732064
620.404862575279
608.442482416858
608.490926735337
608.534216411626
608.305400732882
608.404862575279
620.490926735337
608.343020574461
608.367242733700
608.327045571027
620.450729572663
608.305400732882
608.243558732064
608.243558732064
608.243558732064
608.466704576097
608.305400732882
608.367242733700
608.367242733700
608.305400732882
608.243558732064
608.429084734518
608.367242733700
608.429084734518
608.528546576915
620.404862575279