最优解为:608.2436
最优解路径:

Best_route =

     1     2     9    10     5     6     3     4     7     8     0
     0     0     0     0     0     0     0     0     0     0     0

本次运算用时:2.859秒
算法在第12代时收敛

best
608.243558732064
608.243558732064
608.243558732064
608.243558732064
608.243558732064
608.243558732064
608.243558732064
608.243558732064
608.243558732064
608.243558732064
608.243558732064
608.243558732064
608.243558732064
608.243558732064
608.243558732064
608.243558732064
608.243558732064
608.243558732064
608.243558732064
608.243558732064
608.243558732064
608.243558732064
608.243558732064
608.243558732064
608.243558732064
608.243558732064
608.243558732064
608.243558732064
608.243558732064
608.243558732064
608.243558732064
608.243558732064
608.243558732064
608.243558732064
608.243558732064
608.243558732064
608.243558732064
608.243558732064
608.243558732064
608.243558732064
608.243558732064
608.243558732064
608.243558732064
608.243558732064
608.243558732064
608.243558732064
608.243558732064
608.243558732064
608.243558732064
608.243558732064
608.243558732064
608.243558732064
608.243558732064
608.243558732064
608.243558732064
608.243558732064
608.243558732064
608.243558732064
608.243558732064
608.243558732064
608.243558732064
608.243558732064
608.243558732064
608.243558732064
608.243558732064
608.243558732064
608.243558732064
608.243558732064
608.243558732064
608.243558732064
608.243558732064
608.243558732064
608.243558732064
608.243558732064
608.243558732064
608.243558732064
608.243558732064
608.243558732064
608.243558732064
608.243558732064
608.243558732064
608.243558732064
608.243558732064
608.243558732064
608.243558732064
608.243558732064
608.243558732064
608.243558732064
608.243558732064
608.243558732064
608.243558732064
608.243558732064
608.243558732064
608.243558732064
608.243558732064
608.243558732064
608.243558732064
608.243558732064
608.243558732064
608.243558732064

ave
645.840626276437
621.394334588370
645.539663428151
621.394334588370
609.601505428969
621.020705262366
620.614610736973
620.552768736155
620.698097575936
620.759939576754
608.490926735337
608.689850420130
608.673875416696
608.488349414242
608.819204256478
608.636255575118
644.512571573481
620.388887571845
632.429084734518
608.429084734518
608.490926735337
608.590388577734
620.571836253205
608.466704576097
620.305400732882
608.243558732064
620.388887571845
608.410532409990
620.305400732882
608.305400732882
608.367242733700
620.243558732064
608.367242733700
608.367242733700
620.327045571027
608.305400732882
620.305400732882
608.305400732882
620.305400732882
608.305400732882
620.367242733700
608.367242733700
620.512571573481
608.305400732882
608.243558732064
608.243558732064
608.243558732064
632.243558732064
608.404862575279
608.305400732882
608.243558732064
608.343020574461
608.367242733700
608.429084734518
632.490926735337
608.243558732064
620.305400732882
608.367242733700
608.243558732064
620.305400732882
608.528546576915
608.243558732064
608.243558732064
608.243558732064
608.367242733700
608.305400732882
608.367242733700
608.367242733700
608.243558732064
608.305400732882
620.243558732064
608.388887571845
620.473619858662
608.243558732064
632.535461859480
608.490926735337
608.367242733700
608.466704576097
608.305400732882
608.243558732064
608.429084734518
620.367242733700
620.429084734518
608.305400732882
608.327045571027
620.466704576097
620.590388577734
608.466704576097
620.535461859480
608.243558732064
632.305400732882
608.305400732882
608.466704576097
620.429084734518
620.388887571845
608.367242733700
608.512571573481
608.388887571845
608.305400732882
608.243558732064