最优解为:686.1111
最优解路径:

Best_route =

     0     0     0     0     0     0     0     0     0     0     0     0     0     0     0     0
    13     2    12     0     0     0     0     0     0     0     0     0     0     0     0     0
     9     5    10    11    14     8     3    15     1     4     7     6     0     0     0     0

本次运算用时:8.843秒
算法在第80代时收敛

best
689.002939518876
689.002939518876
689.002939518876
689.002939518876
689.002939518876
689.002939518876
689.002939518876
689.002939518876
689.002939518876
689.002939518876
689.002939518876
689.002939518876
687.761005010870
687.761005010870
687.761005010870
687.761005010870
687.761005010870
687.761005010870
687.761005010870
686.998866245013
686.998866245013
686.998866245013
686.998866245013
686.998866245013
686.998866245013
686.998866245013
686.998866245013
686.998866245013
686.998866245013
686.998866245013
686.998866245013
686.998866245013
686.998866245013
686.998866245013
686.998866245013
686.998866245013
686.998866245013
686.998866245013
686.998866245013
686.998866245013
686.998866245013
686.998866245013
686.998866245013
686.998866245013
686.998866245013
686.998866245013
686.998866245013
686.998866245013
686.998866245013
686.998866245013
686.998866245013
686.998866245013
686.998866245013
686.998866245013
686.998866245013
686.998866245013
686.514656587044
686.514656587044
686.514656587044
686.514656587044
686.514656587044
686.514656587044
686.514656587044
686.514656587044
686.514656587044
686.514656587044
686.514656587044
686.514656587044
686.514656587044
686.514656587044
686.514656587044
686.514656587044
686.514656587044
686.514656587044
686.514656587044
686.514656587044
686.514656587044
686.514656587044
686.111144593672
686.111144593672
686.111144593672
686.111144593672
686.111144593672
686.111144593672
686.111144593672
686.111144593672
686.111144593672
686.111144593672
686.111144593672
686.111144593672
686.111144593672
686.111144593672
686.111144593672
686.111144593672
686.111144593672
686.111144593672
686.111144593672
686.111144593672
686.111144593672
686.111144593672
686.111144593672
686.111144593672
686.111144593672
686.111144593672
686.111144593672
686.111144593672
686.111144593672
686.111144593672
686.111144593672
686.111144593672
686.111144593672
686.111144593672
686.111144593672
686.111144593672
686.111144593672
686.111144593672
686.111144593672
686.111144593672
686.111144593672
686.111144593672
686.111144593672
686.111144593672
686.111144593672
686.111144593672
686.111144593672
686.111144593672
686.111144593672
686.111144593672
686.111144593672
686.111144593672
686.111144593672
686.111144593672
686.111144593672
686.111144593672
686.111144593672
686.111144593672
686.111144593672
686.111144593672
686.111144593672
686.111144593672
686.111144593672
686.111144593672
686.111144593672
686.111144593672
686.111144593672
686.111144593672
686.111144593672
686.111144593672
686.111144593672
686.111144593672
686.111144593672
686.111144593672
686.111144593672
686.111144593672
686.111144593672
686.111144593672
686.111144593672
686.111144593672
686.111144593672
686.111144593672
686.111144593672
686.111144593672
686.111144593672
686.111144593672
686.111144593672
686.111144593672
686.111144593672
686.111144593672
686.111144593672
686.111144593672
686.111144593672
686.111144593672
686.111144593672
686.111144593672
686.111144593672
686.111144593672
686.111144593672
686.111144593672
686.111144593672
686.111144593672
686.111144593672
686.111144593672
686.111144593672
686.111144593672
686.111144593672
686.111144593672
686.111144593672
686.111144593672
686.111144593672
686.111144593672
686.111144593672
686.111144593672
686.111144593672
686.111144593672
686.111144593672
686.111144593672
686.111144593672
686.111144593672
686.111144593672
686.111144593672

ave
731.445523337507
704.814131440265
716.904547251761
719.681888180123
718.932550663407
730.907947653466
703.704008128630
699.634274375541
717.852077117536
717.608459792895
717.111293257112
699.584428426931
699.505050770611
711.046952514827
699.326119865930
715.056424910360
701.313660070065
712.189379046843
713.172483193743
710.027238058354
694.399743820394
711.226772224558
710.070238467518
707.789933688088
709.047698041945
693.313772894077
693.403444551747
693.552412639740
691.850066460527
707.708335032994
736.675315939923
722.907364612621
705.369102020032
690.043523457903
704.089607924157
722.312688822193
735.715689854146
733.862955575695
704.992211853746
704.881288472947
688.878501770929
704.273084821764
719.728242944226
704.816242785706
719.210614705768
732.353937436841
688.434846271496
689.333176955818
687.632567044806
703.676413696555
718.355328579713
717.796036099796
702.896548812888
702.449546691384
688.350740039369
687.582900115182
703.842546236420
687.188571538524
717.683844149400
688.031966284870
702.848182843085
719.074039363781
702.601158480327
703.393468925267
702.599000910404
734.078158662399
717.838795054418
733.773619259187
687.012762700408
687.598811068945
703.986535272204
688.377266349210
702.002671319715
702.491535090503
702.580947818361
687.395744227279
686.690981615774
733.444495810879
703.677152196171
702.375158121964
718.265669807246
718.199434694938
702.868983340545
688.537768477388
702.874741763805
702.138822830216
702.439446512923
688.054803930368
702.386107799932
719.002587209056
686.175706275907
687.013318532033
702.460757871658
686.191846992346
702.331381845708
686.389737488007
701.644941189943
701.778933349932
701.385183962002
686.167461429220
701.648196570477
703.769819480661
701.645567916395
686.784058874731
686.695547959825
687.277903505204
686.350960332225
686.472497556371
702.230680576714
702.265291996611
686.151495793009
686.582307058000
688.319000540365
686.622787127971
688.126152839218
686.495291502217
688.313211397197
687.810674731743
686.506549621391
686.535336497247
686.993922950949
687.067310634381
689.502549873387
686.786894245620
687.392746550653
686.775642183278
687.185827922724
686.181213455250
717.490609565531
687.031429664229
687.641730425424
701.539307884669
702.298371012116
702.091956910011
703.074864327344
687.401219125786
716.831370248522
686.815796610615
687.673643142687
686.276735109180
686.111144593672
687.812352586515
687.561306131946
701.790977565157
686.111144593672
686.883689434598
687.258172792311
686.935271930608
716.510287368294
688.328994601994
687.147844284243
686.289413378872
702.748340331273
686.472497556371
686.766138983519
686.328755893436
686.259676796377
686.688209704952
686.390991807504
702.290446657475
701.410459820448
686.450102012156
701.674027518893
701.200524082371
687.792927501134
701.617059279815
686.839458798928
687.755720361471
688.938617466935
687.335635828064
687.303055746222
702.344670352523
687.677639521378
686.111144593672
688.194061207983
701.900034590339
687.405704689642
702.533584001462
686.758504027323
686.755832114280
702.359193337059
686.252774888355
702.860380418302
702.272879854221
687.201540019319
701.061535272468
716.515328879130
686.535556445248
687.575072022123
688.390599346360
687.384366028053
702.117132438080
686.980679717686
686.948021446919
686.813010453737
687.327571787737
686.642866189787
686.455311890383
686.343095070807
702.498051398052