最优解路径:

Best_route =

     9     4     5    12     6     0     0     0     0     0     0     0     0     0     0     0
    10     8     3    15     1    11    14     2    13     7     0     0     0     0     0     0
     0     0     0     0     0     0     0     0     0     0     0     0     0     0     0     0

本次运算用时:8.805秒
算法在第18代时收敛

best
642.214315341480
642.132914649400
642.132914649400
641.398915721869
641.398915721869
641.128315341480
641.077994053346
639.804980141394
639.804980141394
639.804980141394
639.320770483424
639.320770483424
639.320770483424
639.320770483424
639.320770483424
639.320770483424
639.320770483424
638.769926729631
638.769926729631
638.769926729631
638.769926729631
638.769926729631
638.769926729631
638.769926729631
638.769926729631
638.769926729631
638.769926729631
638.769926729631
638.769926729631
638.769926729631
638.769926729631
638.769926729631
638.769926729631
638.769926729631
638.769926729631
638.769926729631
638.769926729631
638.769926729631
638.769926729631
638.769926729631
638.769926729631
638.769926729631
638.769926729631
638.769926729631
638.769926729631
638.769926729631
638.769926729631
638.769926729631
638.769926729631
638.769926729631
638.769926729631
638.769926729631
638.769926729631
638.769926729631
638.769926729631
638.769926729631
638.769926729631
638.769926729631
638.769926729631
638.769926729631
638.769926729631
638.769926729631
638.769926729631
638.769926729631
638.769926729631
638.769926729631
638.769926729631
638.769926729631
638.769926729631
638.769926729631
638.769926729631
638.769926729631
638.769926729631
638.769926729631
638.769926729631
638.769926729631
638.769926729631
638.769926729631
638.769926729631
638.769926729631
638.769926729631
638.769926729631
638.769926729631
638.769926729631
638.769926729631
638.769926729631
638.769926729631
638.769926729631
638.769926729631
638.769926729631
638.769926729631
638.769926729631
638.769926729631
638.769926729631
638.769926729631
638.769926729631
638.769926729631
638.769926729631
638.769926729631
638.769926729631
638.769926729631
638.769926729631
638.769926729631
638.769926729631
638.769926729631
638.769926729631
638.769926729631
638.769926729631
638.769926729631
638.769926729631
638.769926729631
638.769926729631
638.769926729631
638.769926729631
638.769926729631
638.769926729631
638.769926729631
638.769926729631
638.769926729631
638.769926729631
638.769926729631
638.769926729631
638.769926729631
638.769926729631
638.769926729631
638.769926729631
638.769926729631
638.769926729631
638.769926729631
638.769926729631
638.769926729631
638.769926729631
638.769926729631
638.769926729631
638.769926729631
638.769926729631
638.769926729631
638.769926729631
638.769926729631
638.769926729631
638.769926729631
638.769926729631
638.769926729631
638.769926729631
638.769926729631
638.769926729631
638.769926729631
638.769926729631
638.769926729631
638.769926729631
638.769926729631
638.769926729631
638.769926729631
638.769926729631
638.769926729631
638.769926729631
638.769926729631
638.769926729631
638.769926729631
638.769926729631
638.769926729631
638.769926729631
638.769926729631
638.769926729631
638.769926729631
638.769926729631
638.769926729631
638.769926729631
638.769926729631
638.769926729631
638.769926729631
638.769926729631
638.769926729631
638.769926729631
638.769926729631
638.769926729631
638.769926729631
638.769926729631
638.769926729631
638.769926729631
638.769926729631
638.769926729631
638.769926729631
638.769926729631
638.769926729631
638.769926729631
638.769926729631
638.769926729631
638.769926729631
638.769926729631
638.769926729631
638.769926729631
638.769926729631
638.769926729631
638.769926729631
638.769926729631
638.769926729631
638.769926729631
638.769926729631
638.769926729631

ave
649.284021062349
679.708267802984
648.111245739889
663.307058613368
648.814879543084
679.353447863932
662.734270060998
660.349476573672
645.784979495092
660.605285243804
661.705328218557
644.392465759425
674.928733707797
660.878703089795
646.093652244239
674.466357098477
658.331249854623
644.405899005301
643.465591037391
645.034472345110
643.219778724947
642.508047674149
658.272309850278
687.331245027147
642.020749787451
657.484833734021
642.186643156128
670.397723578777
671.527697054876
642.829448778206
641.625605925356
641.038828042642
641.845960894947
641.402973897439
685.904505495012
656.101817092222
700.929173936920
641.079057066040
654.967464670823
655.411967638396
670.156397967132
639.962025335776
654.893937260202
654.191555746170
640.246717665452
670.651745225641
639.925035752126
639.248592149148
654.792751769824
639.108386861595
640.135222401432
639.052486132591
639.754345929014
639.709960190526
638.935528796207
654.563586981384
639.511917940318
639.344843513544
639.025953679593
638.999179491805
638.925184741395
639.358290249459
654.085503075582
638.873432070807
654.560607145052
639.037851704603
639.330585669334
639.412783768772
639.090726513815
639.324603679593
639.305399807617
639.393390485361
653.836680015394
639.178622844353
654.809631423197
653.885330095817
639.114582857991
638.910797602413
638.885330095817
638.999179491805
653.885330095817
653.831030095817
653.831030095817
639.284749034015
639.044278853266
639.231346724512
639.266562368533
638.769926729631
639.114582857991
653.715626729631
638.955437011739
638.999170700952
638.883776125619
639.140490849670
653.715626729631
653.833546160223
638.883767334766
639.386945994614
639.231153254649
638.769926729631
639.562206317861
653.715626729631
638.887846160223
638.885330095817
639.000733462002
653.923570477042
653.952449807617
638.769926729631
639.660133899116
653.912306550396
639.000733462002
639.070840377925
638.818088323708
653.885298830811
639.467996633111
638.769926729631
639.625875493361
638.885330095817
639.000733462002
639.192604954145
639.000539992140
638.939630095817
668.938170058224
653.829467334766
639.117898881017
638.885330095817
639.284749034015
640.379812700552
638.769926729631
639.033944797704
639.000733462002
639.216905766386
639.531332137263
638.923570477042
639.182179408413
638.885330095817
639.037430171118
639.000539992140
653.831030095817
639.074023562150
638.885330095817
639.116136828188
653.715626729631
653.831030095817
638.769926729631
638.769926729631
639.731081287739
639.029383980126
639.116136828188
638.769926729631
638.885330095817
638.769926729631
654.585983893716
639.578742855003
639.423319238210
639.580440700138
639.119410036986
639.451711600927
638.885330095817
638.885330095817
653.715626729631
639.495396798146
654.329796162028
654.169003371196
639.003249526409
653.887846160223
638.885330095817
638.769926729631
639.117898881017
654.263428274512
639.117898881017
639.242222242765
639.301101001217
639.000733462002
639.245911594931
654.143856201756
638.885330095817
638.937082766405
638.885330095817
638.885330095817
639.233302247203
638.937082766405
638.999179491805
639.114389388129
639.184892865628
654.025936771164
638.885330095817
639.061698479820
638.769926729631
638.887846160223
639.113028887793
639.233302247203
640.311604107624
638.769926729631
638.769926729631
639.349072685242
653.912306550396
653.983551704603
639.588845866534
639.498945982630