最优解为:351.5974
最优解路径:

Best_route =

     0     0     0     0     0     0     0     0     0
     5     2     4     7     1     8     6     3     0

本次运算用时:3.468秒
算法在第1代时收敛

best
351.597359231437
351.597359231437
351.597359231437
351.597359231437
351.597359231437
351.597359231437
351.597359231437
351.597359231437
351.597359231437
351.597359231437
351.597359231437
351.597359231437
351.597359231437
351.597359231437
351.597359231437
351.597359231437
351.597359231437
351.597359231437
351.597359231437
351.597359231437
351.597359231437
351.597359231437
351.597359231437
351.597359231437
351.597359231437
351.597359231437
351.597359231437
351.597359231437
351.597359231437
351.597359231437
351.597359231437
351.597359231437
351.597359231437
351.597359231437
351.597359231437
351.597359231437
351.597359231437
351.597359231437
351.597359231437
351.597359231437
351.597359231437
351.597359231437
351.597359231437
351.597359231437
351.597359231437
351.597359231437
351.597359231437
351.597359231437
351.597359231437
351.597359231437
351.597359231437
351.597359231437
351.597359231437
351.597359231437
351.597359231437
351.597359231437
351.597359231437
351.597359231437
351.597359231437
351.597359231437
351.597359231437
351.597359231437
351.597359231437
351.597359231437
351.597359231437
351.597359231437
351.597359231437
351.597359231437
351.597359231437
351.597359231437
351.597359231437
351.597359231437
351.597359231437
351.597359231437
351.597359231437
351.597359231437
351.597359231437
351.597359231437
351.597359231437
351.597359231437
351.597359231437
351.597359231437
351.597359231437
351.597359231437
351.597359231437
351.597359231437
351.597359231437
351.597359231437
351.597359231437
351.597359231437
351.597359231437
351.597359231437
351.597359231437
351.597359231437
351.597359231437
351.597359231437
351.597359231437
351.597359231437
351.597359231437
351.597359231437
351.597359231437
351.597359231437
351.597359231437
351.597359231437
351.597359231437
351.597359231437
351.597359231437
351.597359231437
351.597359231437
351.597359231437
351.597359231437
351.597359231437
351.597359231437
351.597359231437
351.597359231437
351.597359231437
351.597359231437
351.597359231437
351.597359231437
351.597359231437
351.597359231437
351.597359231437
351.597359231437
351.597359231437
351.597359231437
351.597359231437
351.597359231437
351.597359231437
351.597359231437
351.597359231437
351.597359231437
351.597359231437
351.597359231437
351.597359231437
351.597359231437
351.597359231437
351.597359231437
351.597359231437
351.597359231437
351.597359231437
351.597359231437
351.597359231437
351.597359231437
351.597359231437
351.597359231437
351.597359231437
351.597359231437
351.597359231437
351.597359231437
351.597359231437
351.597359231437
351.597359231437
351.597359231437
351.597359231437
351.597359231437
351.597359231437
351.597359231437
351.597359231437
351.597359231437
351.597359231437
351.597359231437
351.597359231437
351.597359231437
351.597359231437
351.597359231437
351.597359231437
351.597359231437
351.597359231437
351.597359231437
351.597359231437
351.597359231437
351.597359231437
351.597359231437
351.597359231437
351.597359231437
351.597359231437
351.597359231437
351.597359231437
351.597359231437
351.597359231437
351.597359231437
351.597359231437
351.597359231437
351.597359231437
351.597359231437
351.597359231437
351.597359231437
351.597359231437
351.597359231437
351.597359231437
351.597359231437
351.597359231437
351.597359231437
351.597359231437
351.597359231437
351.597359231437
351.597359231437
351.597359231437
351.597359231437
351.597359231437

ave
403.745984474374
390.115055184636
404.461724370264
388.580600252006
406.144573375918
374.132967512533
373.523324210675
386.303086490579
372.009467679393
401.622335041023
383.614375038852
386.302436328064
388.304798674929
385.352077462531
368.700595240592
386.917769412955
354.243238839283
355.834472134687
351.705789634832
383.019579600853
358.203231260094
383.356653828955
412.352870002198
399.537466016491
397.857338703054
355.446253273781
382.552659302360
351.597359231438
368.677144106045
382.378553295309
352.905462662009
366.280768680614
353.060002825661
366.613675915729
367.587566838749
353.926804435454
366.613675915729
366.280768680614
351.597359231438
366.280768680614
352.113014837643
351.597359231438
351.597359231438
351.597359231438
351.597359231438
351.597359231438
351.597359231438
351.597359231438
351.597359231438
352.905462662009
351.597359231438
351.597359231438
352.553945511385
380.844257843844
351.597359231438
351.597359231438
351.597359231438
351.597359231438
351.597359231438
351.597359231438
351.597359231438
351.597359231438
351.597359231438
351.597359231438
351.597359231438
351.597359231438
351.597359231438
351.597359231438
351.597359231438
351.597359231438
351.975276192616
351.597359231438
351.597359231438
351.597359231438
351.597359231438
352.280274463514
352.618701004883
352.456409500317
351.597359231438
351.597359231438
351.597359231438
351.597359231438
351.823778317923
351.597359231438
351.874982547668
351.597359231438
351.597359231438
351.597359231438
351.597359231438
351.597359231438
351.597359231438
351.597359231438
351.597359231438
366.160848394667
351.597359231438
351.597359231438
351.597359231438
351.999502382159
351.597359231438
351.597359231438
366.160848394667
351.597359231438
366.799868004619
351.597359231438
351.597359231438
351.597359231438
351.597359231438
351.597359231438
351.597359231438
351.597359231438
351.597359231438
351.597359231438
351.597359231438
351.597359231438
351.597359231438
351.597359231438
352.152977912218
351.597359231438
367.015778272529
351.597359231438
351.597359231438
351.597359231438
351.597359231438
351.597359231438
352.356317387493
351.597359231438
351.597359231438
351.597359231438
351.597359231438
351.597359231438
351.597359231438
351.597359231438
351.597359231438
351.597359231438
351.597359231438
351.597359231438
351.597359231438
351.597359231438
351.597359231438
351.597359231438
351.597359231438
351.597359231438
351.597359231438
366.934829087008
351.597359231438
351.597359231438
351.597359231438
366.844709235546
351.597359231438
351.597359231438
351.597359231438
351.597359231438
351.597359231438
366.567479390844
351.597359231438
351.597359231438
351.597359231438
351.597359231438
351.597359231438
351.597359231438
351.597359231438
351.597359231438
352.272898198166
351.597359231438
351.597359231438
351.597359231438
351.597359231438
351.597359231438
351.597359231438
366.839522618768
351.597359231438
351.597359231438
366.160848394667
366.613675915729
351.597359231438
352.016405911327
351.597359231438
351.597359231438
352.256825732304
352.272898198166
366.844709235546
351.597359231438
366.160848394667
351.597359231438
351.597359231438
351.597359231438
351.597359231438
351.597359231438
351.597359231438
351.597359231438
351.597359231438
351.597359231438
351.597359231438
351.597359231438
351.597359231438
351.597359231438
351.597359231438
353.403497424464
351.597359231438
351.597359231438