最优解为:1959.5538
最优解路径:

Best_route =

  1 至 24 列

     9    35    36    23    10    25    26     2    11    12    21    22     0     0     0     0     0     0     0     0     0     0     0     0
     7    39     5     6    15     1    24    16    17    18    32     0     0     0     0     0     0     0     0     0     0     0     0     0
     0     0     0     0     0     0     0     0     0     0     0     0     0     0     0     0     0     0     0     0     0     0     0     0
     3     4     8    33    34    14    19    20    38     0     0     0     0     0     0     0     0     0     0     0     0     0     0     0
    27    28    37    13    31    29    30    40     0     0     0     0     0     0     0     0     0     0     0     0     0     0     0     0

  25 至 41 列

     0     0     0     0     0     0     0     0     0     0     0     0     0     0     0     0     0
     0     0     0     0     0     0     0     0     0     0     0     0     0     0     0     0     0
     0     0     0     0     0     0     0     0     0     0     0     0     0     0     0     0     0
     0     0     0     0     0     0     0     0     0     0     0     0     0     0     0     0     0
     0     0     0     0     0     0     0     0     0     0     0     0     0     0     0     0     0

本次运算用时:270.405秒
算法在第423代时收敛

best
2314.49636345529
2314.49636345529
2314.49636345529
2314.49636345529
2314.49636345529
2314.49636345529
2314.49636345529
2314.49636345529
2314.49636345529
2314.49636345529
2314.49636345529
2314.49636345529
2314.49636345529
2314.49636345529
2314.49636345529
2314.49636345529
2314.49636345529
2314.49636345529
2314.49636345529
2314.49636345529
2314.49636345529
2314.49636345529
2314.49636345529
2314.49636345529
2314.49636345529
2314.49636345529
2314.49636345529
2314.49636345529
2314.49636345529
2314.49636345529
2314.49636345529
2314.49636345529
2314.49636345529
2314.49636345529
2314.49636345529
2314.49636345529
2314.49636345529
2314.49636345529
2314.49636345529
2314.49636345529
2314.49636345529
2314.49636345529
2314.49636345529
2314.49636345529
2314.49636345529
2314.49636345529
2314.49636345529
2314.49636345529
2314.49636345529
2314.49636345529
2314.49636345529
2314.49636345529
2314.49636345529
2314.49636345529
2314.49636345529
2314.49636345529
2314.49636345529
2314.49636345529
2314.49636345529
2314.49636345529
2314.49636345529
2314.49636345529
2314.49636345529
2314.49636345529
2314.49636345529
2314.49636345529
2314.49636345529
2314.49636345529
2314.49636345529
2314.49636345529
2314.49636345529
2314.49636345529
2314.49636345529
2314.49636345529
2314.49636345529
2314.49636345529
2314.49636345529
2314.49636345529
2314.49636345529
2314.49636345529
2314.49636345529
2314.49636345529
2314.49636345529
2314.49636345529
2314.49636345529
2314.49636345529
2314.49636345529
2314.49636345529
2314.49636345529
2314.49636345529
2314.49636345529
2314.49636345529
2314.49636345529
2314.49636345529
2314.49636345529
2314.49636345529
2314.49636345529
2314.49636345529
2314.49636345529
2314.49636345529
2314.49636345529
2314.49636345529
2314.49636345529
2314.49636345529
2314.49636345529
2314.49636345529
2314.49636345529
2314.49636345529
2314.49636345529
2314.49636345529
2314.49636345529
2314.49636345529
2314.49636345529
2312.02051215182
2312.02051215182
2312.02051215182
2312.02051215182
2312.02051215182
2312.02051215182
2312.02051215182
2312.02051215182
2312.02051215182
2312.02051215182
2312.02051215182
2312.02051215182
2312.02051215182
2312.02051215182
2312.02051215182
2312.02051215182
2312.02051215182
2312.02051215182
2312.02051215182
2312.02051215182
2312.02051215182
2312.02051215182
2312.02051215182
2312.02051215182
2312.02051215182
2312.02051215182
2312.02051215182
2312.02051215182
2312.02051215182
2312.02051215182
2312.02051215182
2312.02051215182
2312.02051215182
2312.02051215182
2312.02051215182
2312.02051215182
2312.02051215182
2312.02051215182
2312.02051215182
2312.02051215182
2312.02051215182
2312.02051215182
2312.02051215182
2304.20072213168
2304.20072213168
2304.20072213168
2304.20072213168
2304.20072213168
2304.20072213168
2304.20072213168
2304.20072213168
2304.20072213168
2304.20072213168
2304.20072213168
2304.20072213168
2304.20072213168
2304.20072213168
2304.20072213168
2304.20072213168
2304.20072213168
2304.20072213168
2304.20072213168
2304.20072213168
2304.20072213168
2304.20072213168
2304.20072213168
2304.20072213168
2304.20072213168
2304.20072213168
2304.20072213168
2304.20072213168
2304.20072213168
2304.20072213168
2304.20072213168
2304.20072213168
2304.20072213168
2304.20072213168
2304.20072213168
2304.20072213168
2304.20072213168
2304.20072213168
2304.20072213168
2304.20072213168
2304.20072213168
2304.20072213168
2304.20072213168
2304.20072213168
2304.20072213168
2304.20072213168
2304.20072213168
2300.44071225424
2300.44071225424
2300.44071225424
2300.44071225424
2300.44071225424
2300.44071225424
2300.44071225424
2300.44071225424
2300.44071225424
2300.44071225424
2300.44071225424
2300.44071225424
2300.44071225424
2300.44071225424
2300.44071225424
2300.44071225424
2300.44071225424
2300.44071225424
2300.44071225424
2300.44071225424
2300.44071225424
2300.44071225424
2300.44071225424
2300.44071225424
2300.44071225424
2300.44071225424
2300.44071225424
2300.44071225424
2300.44071225424
2300.44071225424
2300.44071225424
2300.44071225424
2300.44071225424
2300.44071225424
2300.44071225424
2300.44071225424
2300.44071225424
2300.44071225424
2300.44071225424
2300.44071225424
2300.44071225424
2300.44071225424
2300.44071225424
2300.44071225424
2300.44071225424
2300.44071225424
2300.44071225424
2300.44071225424
2300.44071225424
2300.44071225424
2300.44071225424
2300.44071225424
2300.44071225424
2300.44071225424
2300.44071225424
2300.44071225424
2300.44071225424
2300.44071225424
2300.44071225424
2300.44071225424
2300.44071225424
2300.44071225424
2300.44071225424
2300.44071225424
2300.44071225424
2300.44071225424
2300.44071225424
2300.44071225424
2300.44071225424
2300.44071225424
2300.44071225424
2300.44071225424
2300.44071225424
2300.44071225424
2300.44071225424
2300.44071225424
2300.44071225424
2300.44071225424
2300.44071225424
2300.44071225424
2300.44071225424
2300.44071225424
2300.44071225424
2300.44071225424
2300.44071225424
2300.44071225424
2300.44071225424
2300.44071225424
2300.44071225424
2300.44071225424
2300.44071225424
2300.44071225424
2300.44071225424
2300.44071225424
2300.44071225424
2300.44071225424
2300.44071225424
2300.44071225424
2300.44071225424
2300.44071225424
2300.44071225424
2300.44071225424
2300.44071225424
2300.44071225424
2300.44071225424
2300.44071225424
2300.44071225424
2300.44071225424
2300.44071225424
2300.44071225424
2300.44071225424
2300.44071225424
2300.44071225424
2300.44071225424
2300.44071225424
2300.44071225424
2300.44071225424
2300.44071225424
2300.44071225424
2300.44071225424
2300.44071225424
2300.44071225424
2300.44071225424
2300.44071225424
2300.44071225424
2278.19400388440
2278.19400388440
2278.19400388440
2278.19400388440
2278.19400388440
2278.19400388440
2278.19400388440
2261.98272741233
2261.98272741233
2261.98272741233
2261.98272741233
2261.98272741233
2261.98272741233
2261.98272741233
2261.98272741233
2261.98272741233
2261.98272741233
2261.98272741233
2261.98272741233
2261.98272741233
2261.98272741233
2261.98272741233
2261.98272741233
2261.98272741233
2261.98272741233
2261.98272741233
2261.98272741233
2261.98272741233
2261.98272741233
2261.98272741233
2261.98272741233
2261.98272741233
2261.98272741233
2261.98272741233
2261.98272741233
2261.98272741233
2261.98272741233
2261.98272741233
2261.98272741233
2261.98272741233
2261.98272741233
2261.98272741233
2261.98272741233
2261.98272741233
2261.98272741233
2261.98272741233
2261.98272741233
2261.98272741233
2261.98272741233
2261.98272741233
2261.98272741233
2261.98272741233
2261.98272741233
2261.98272741233
2261.98272741233
2261.98272741233
2261.98272741233
2261.98272741233
2261.98272741233
2261.98272741233
2261.98272741233
2261.98272741233
2261.98272741233
