最优解为:673.8434
最优解路径:

Best_route =

  1 至 24 列

     0     0     0     0     0     0     0     0     0     0     0     0     0     0     0     0     0     0     0     0     0     0     0     0
    24    23     5     6    19     3    15    28    10    27    29    14     0     0     0     0     0     0     0     0     0     0     0     0
     0     0     0     0     0     0     0     0     0     0     0     0     0     0     0     0     0     0     0     0     0     0     0     0
     0     0     0     0     0     0     0     0     0     0     0     0     0     0     0     0     0     0     0     0     0     0     0     0
     0     0     0     0     0     0     0     0     0     0     0     0     0     0     0     0     0     0     0     0     0     0     0     0
     0     0     0     0     0     0     0     0     0     0     0     0     0     0     0     0     0     0     0     0     0     0     0     0
    20    21     4    11     1    30    12     8    18    16    25     9     7    22     2    26    13    17     0     0     0     0     0     0
     0     0     0     0     0     0     0     0     0     0     0     0     0     0     0     0     0     0     0     0     0     0     0     0

  25 至 31 列

     0     0     0     0     0     0     0
     0     0     0     0     0     0     0
     0     0     0     0     0     0     0
     0     0     0     0     0     0     0
     0     0     0     0     0     0     0
     0     0     0     0     0     0     0
     0     0     0     0     0     0     0
     0     0     0     0     0     0     0

本次运算用时:127.546秒
算法在第317代时收敛

best
705.109404388076
705.109404388076
695.054958188521
695.054958188521
691.058747516982
688.472929417967
688.472929417967
688.472929417967
688.472929417967
688.472929417967
688.472929417967
688.472929417967
688.472929417967
688.472929417967
688.472929417967
688.472929417967
688.472929417967
688.472929417967
688.472929417967
680.425617837921
680.425617837921
680.425617837921
680.425617837921
678.484862622963
678.484862622963
678.484862622963
678.484862622963
678.484862622963
678.484862622963
678.484862622963
678.484862622963
678.484862622963
678.484862622963
678.484862622963
677.787136792400
677.787136792400
677.787136792400
677.534062180938
676.219082640979
675.710954229518
675.710954229518
675.710954229518
675.710954229518
675.710954229518
675.710954229518
675.710954229518
675.710954229518
675.702844704649
675.702844704649
675.702844704649
675.702844704649
675.702844704649
675.702844704649
675.702844704649
675.702844704649
675.702844704649
675.702844704649
675.702844704649
675.702844704649
675.702844704649
675.702844704649
675.702844704649
675.702844704649
675.702844704649
675.648401917145
675.648401917145
675.648401917145
675.648401917145
675.648401917145
675.648401917145
675.648401917145
675.648401917145
674.351480460049
674.351480460049
674.351480460049
674.351480460049
674.351480460049
674.092169060659
674.092169060659
674.092169060659
674.092169060659
674.092169060659
674.092169060659
674.092169060659
674.092169060659
674.092169060659
674.092169060659
674.092169060659
674.092169060659
674.092169060659
674.092169060659
674.092169060659
674.092169060659
674.092169060659
674.092169060659
674.092169060659
674.092169060659
674.092169060659
674.092169060659
674.092169060659
674.092169060659
674.092169060659
674.092169060659
674.092169060659
674.092169060659
674.092169060659
674.092169060659
674.092169060659
674.092169060659
674.092169060659
674.092169060659
674.092169060659
674.059239990222
674.059239990222
674.059239990222
674.059239990222
674.059239990222
674.059239990222
674.059239990222
674.059239990222
674.059239990222
674.059239990222
674.059239990222
674.059239990222
674.059239990222
674.059239990222
674.059239990222
674.059239990222
674.059239990222
674.059239990222
674.059239990222
674.059239990222
674.059239990222
674.059239990222
674.059239990222
674.059239990222
674.059239990222
674.059239990222
674.059239990222
674.059239990222
674.059239990222
674.059239990222
674.059239990222
674.059239990222
674.059239990222
674.059239990222
674.059239990222
674.059239990222
674.059239990222
674.059239990222
674.059239990222
674.059239990222
674.059239990222
674.059239990222
674.059239990222
674.059239990222
674.059239990222
674.059239990222
674.059239990222
674.059239990222
674.059239990222
674.059239990222
674.059239990222
674.059239990222
674.059239990222
674.059239990222
674.059239990222
674.059239990222
674.059239990222
674.059239990222
674.059239990222
674.059239990222
674.059239990222
674.059239990222
674.059239990222
674.059239990222
674.059239990222
674.059239990222
674.059239990222
674.059239990222
674.059239990222
674.059239990222
674.059239990222
674.059239990222
674.059239990222
674.059239990222
674.059239990222
674.059239990222
674.059239990222
674.059239990222
674.059239990222
674.059239990222
674.059239990222
674.059239990222
674.059239990222
674.059239990222
674.059239990222
674.059239990222
674.059239990222
674.059239990222
674.059239990222
674.059239990222
674.059239990222
674.059239990222
674.059239990222
674.059239990222
674.059239990222
674.059239990222
674.059239990222
674.059239990222
674.059239990222
674.059239990222
674.059239990222
674.059239990222
674.059239990222
674.059239990222
674.059239990222
674.059239990222
674.059239990222
674.059239990222
674.059239990222
674.059239990222
674.059239990222
674.059239990222
674.059239990222
674.059239990222
674.059239990222
674.059239990222
674.059239990222
674.059239990222
674.059239990222
674.059239990222
674.059239990222
674.059239990222
674.059239990222
674.059239990222
674.059239990222
674.059239990222
674.059239990222
674.059239990222
674.059239990222
674.059239990222
674.059239990222
674.059239990222
674.059239990222
674.059239990222
674.059239990222
674.059239990222
674.059239990222
674.059239990222
674.059239990222
674.059239990222
674.059239990222
674.059239990222
674.059239990222
674.059239990222
674.059239990222
674.059239990222
674.059239990222
674.059239990222
674.059239990222
674.059239990222
674.059239990222
674.059239990222
674.059239990222
674.059239990222
674.059239990222
674.059239990222
674.059239990222
674.059239990222
674.059239990222
674.059239990222
674.059239990222
674.059239990222
674.059239990222
674.059239990222
674.059239990222
674.059239990222
674.059239990222
674.059239990222
674.059239990222
674.059239990222
674.059239990222
674.059239990222
674.059239990222
674.059239990222
674.059239990222
674.059239990222
674.059239990222
674.059239990222
674.059239990222
674.059239990222
674.059239990222
674.059239990222
674.059239990222
674.059239990222
674.059239990222
674.059239990222
674.059239990222
674.059239990222
674.059239990222
674.059239990222
674.059239990222
674.059239990222
674.059239990222
674.059239990222
674.059239990222
674.059239990222
674.059239990222
674.059239990222
674.059239990222
674.059239990222
674.059239990222
674.059239990222
674.059239990222
674.059239990222
673.843439545458
673.843439545458
673.843439545458
673.843439545458
673.843439545458
673.843439545458
673.843439545458
673.843439545458
673.843439545458
673.843439545458
673.843439545458
673.843439545458
673.843439545458
673.843439545458
673.843439545458
673.843439545458
673.843439545458
673.843439545458
673.843439545458
673.843439545458
673.843439545458
673.843439545458
673.843439545458
673.843439545458
673.843439545458
673.843439545458
673.843439545458
673.843439545458
673.843439545458
673.843439545458
673.843439545458
673.843439545458
673.843439545458
673.843439545458
673.843439545458
673.843439545458
673.843439545458
673.843439545458
673.843439545458
673.843439545458
673.843439545458
673.843439545458
673.843439545458
673.843439545458
673.843439545458
673.843439545458
673.843439545458
673.843439545458
673.843439545458
673.843439545458
673.843439545458
673.843439545458
673.843439545458
673.843439545458
673.843439545458
673.843439545458
673.843439545458
673.843439545458
673.843439545458
673.843439545458
