最优解为:934.8153
最优解路径:

Best_route =

  1 至 24 列

     0     0     0     0     0     0     0     0     0     0     0     0     0     0     0     0     0     0     0     0     0     0     0     0
     0     0     0     0     0     0     0     0     0     0     0     0     0     0     0     0     0     0     0     0     0     0     0     0
     9    24     3     7    21    19    27     5    23    20     0     0     0     0     0     0     0     0     0     0     0     0     0     0
    17    10    28     4    30    12     8    25    16     0     0     0     0     0     0     0     0     0     0     0     0     0     0     0
     0     0     0     0     0     0     0     0     0     0     0     0     0     0     0     0     0     0     0     0     0     0     0     0
     0     0     0     0     0     0     0     0     0     0     0     0     0     0     0     0     0     0     0     0     0     0     0     0
    29    14    15     6    13    22     1    11     2    26    18     0     0     0     0     0     0     0     0     0     0     0     0     0
     0     0     0     0     0     0     0     0     0     0     0     0     0     0     0     0     0     0     0     0     0     0     0     0

  25 至 31 列

     0     0     0     0     0     0     0
     0     0     0     0     0     0     0
     0     0     0     0     0     0     0
     0     0     0     0     0     0     0
     0     0     0     0     0     0     0
     0     0     0     0     0     0     0
     0     0     0     0     0     0     0
     0     0     0     0     0     0     0

本次运算用时:126.683秒
算法在第125代时收敛

best
1249.45291973962
1249.15178596665
1243.98381946950
1243.98381946950
1243.98381946950
1243.98381946950
1243.98381946950
1243.98381946950
1242.75948469500
1239.21085164668
1239.21085164668
1239.21085164668
1239.21085164668
1239.21085164668
947.495940572317
947.495940572317
947.495940572317
947.495940572317
946.470405074000
946.470405074000
945.344713135613
944.048730326723
944.048730326723
944.048730326723
944.048730326723
944.048730326723
938.561726029951
938.561726029951
938.561726029951
938.561726029951
938.561726029951
938.561726029951
938.561726029951
935.718374284926
935.718374284926
935.718374284926
935.718374284926
935.718374284926
935.718374284926
935.718374284926
935.596612285935
935.596612285935
935.596612285935
935.596612285935
935.596612285935
935.596612285935
935.596612285935
935.596612285935
935.280682474567
935.280682474567
935.280682474567
935.280682474567
935.280682474567
935.280682474567
935.280682474567
935.280682474567
935.280682474567
935.280682474567
935.280682474567
935.280682474567
935.280682474567
935.280682474567
935.280682474567
935.280682474567
935.280682474567
935.280682474567
935.280682474567
935.280682474567
935.280682474567
935.280682474567
935.280682474567
935.280682474567
935.280682474567
935.280682474567
935.280682474567
935.280682474567
935.280682474567
935.280682474567
935.280682474567
935.280682474567
935.280682474567
935.280682474567
935.280682474567
935.280682474567
935.280682474567
935.280682474567
935.280682474567
935.280682474567
935.280682474567
935.280682474567
935.280682474567
935.280682474567
935.280682474567
935.280682474567
935.280682474567
935.280682474567
935.280682474567
935.280682474567
935.280682474567
935.280682474567
935.280682474567
935.280682474567
935.280682474567
935.280682474567
935.280682474567
935.280682474567
935.280682474567
935.280682474567
935.280682474567
935.280682474567
935.280682474567
935.280682474567
935.280682474567
935.280682474567
935.280682474567
935.280682474567
935.280682474567
935.280682474567
935.280682474567
935.280682474567
935.280682474567
935.280682474567
935.280682474567
935.280682474567
934.815274865297
934.815274865297
934.815274865297
934.815274865297
934.815274865297
934.815274865297
934.815274865297
934.815274865297
934.815274865297
934.815274865297
934.815274865297
934.815274865297
934.815274865297
934.815274865297
934.815274865297
934.815274865297
934.815274865297
934.815274865297
934.815274865297
934.815274865297
934.815274865297
934.815274865297
934.815274865297
934.815274865297
934.815274865297
934.815274865297
934.815274865297
934.815274865297
934.815274865297
934.815274865297
934.815274865297
934.815274865297
934.815274865297
934.815274865297
934.815274865297
934.815274865297
934.815274865297
934.815274865297
934.815274865297
934.815274865297
934.815274865297
934.815274865297
934.815274865297
934.815274865297
934.815274865297
934.815274865297
934.815274865297
934.815274865297
934.815274865297
934.815274865297
934.815274865297
934.815274865297
934.815274865297
934.815274865297
934.815274865297
934.815274865297
934.815274865297
934.815274865297
934.815274865297
934.815274865297
934.815274865297
934.815274865297
934.815274865297
934.815274865297
934.815274865297
934.815274865297
934.815274865297
934.815274865297
934.815274865297
934.815274865297
934.815274865297
934.815274865297
934.815274865297
934.815274865297
934.815274865297
934.815274865297
934.815274865297
934.815274865297
934.815274865297
934.815274865297
934.815274865297
934.815274865297
934.815274865297
934.815274865297
934.815274865297
934.815274865297
934.815274865297
934.815274865297
934.815274865297
934.815274865297
934.815274865297
934.815274865297
934.815274865297
934.815274865297
934.815274865297
934.815274865297
934.815274865297
934.815274865297
934.815274865297
934.815274865297
934.815274865297
934.815274865297
934.815274865297
934.815274865297
934.815274865297
934.815274865297
934.815274865297
934.815274865297
934.815274865297
934.815274865297
934.815274865297
934.815274865297
934.815274865297
934.815274865297
934.815274865297
934.815274865297
934.815274865297
934.815274865297
934.815274865297
934.815274865297
934.815274865297
934.815274865297
934.815274865297
934.815274865297
934.815274865297
934.815274865297
934.815274865297
934.815274865297
934.815274865297
934.815274865297
934.815274865297
934.815274865297
934.815274865297
934.815274865297
934.815274865297
934.815274865297
934.815274865297
934.815274865297
934.815274865297
934.815274865297
934.815274865297
934.815274865297
934.815274865297
934.815274865297
934.815274865297
934.815274865297
934.815274865297
934.815274865297
934.815274865297
934.815274865297
934.815274865297
934.815274865297
934.815274865297
934.815274865297
934.815274865297
934.815274865297
934.815274865297
934.815274865297
934.815274865297
934.815274865297
934.815274865297
934.815274865297
934.815274865297
934.815274865297
934.815274865297
934.815274865297
934.815274865297
934.815274865297
934.815274865297
934.815274865297
934.815274865297
934.815274865297
934.815274865297
934.815274865297
934.815274865297
934.815274865297
934.815274865297
934.815274865297
934.815274865297
934.815274865297
934.815274865297
934.815274865297
934.815274865297
934.815274865297
934.815274865297
934.815274865297
934.815274865297
934.815274865297
934.815274865297
934.815274865297
934.815274865297
934.815274865297
934.815274865297
934.815274865297
934.815274865297
934.815274865297
934.815274865297
934.815274865297
934.815274865297
934.815274865297
934.815274865297
934.815274865297
934.815274865297
934.815274865297
934.815274865297
934.815274865297
934.815274865297
934.815274865297
934.815274865297
934.815274865297
934.815274865297
934.815274865297
934.815274865297
934.815274865297
934.815274865297
934.815274865297
934.815274865297
934.815274865297
934.815274865297
934.815274865297
934.815274865297
934.815274865297
934.815274865297
934.815274865297
934.815274865297
934.815274865297
934.815274865297
934.815274865297
934.815274865297
934.815274865297
934.815274865297
934.815274865297
934.815274865297
934.815274865297
934.815274865297
934.815274865297
934.815274865297
934.815274865297
934.815274865297
934.815274865297
934.815274865297
934.815274865297
934.815274865297
934.815274865297
934.815274865297
934.815274865297
934.815274865297
934.815274865297
934.815274865297
934.815274865297
934.815274865297
934.815274865297
