实验环境：
VeiNum = 2
Q_ant = 100
AntNum = 20 
iter_max = 200
抽取的客户节点编号为

Cus_select =

    63     3    29     6    12    38

各任务对应的的客户节点编号为

Task_Cus =

    63     3    29     6    12    38

cus
40	50
40	50
40	50
65	20
22	85
90	35
18	75
8	45
62	80


task
2	4	1	0	1
4	3	2	1	0
3	5	3	0	1
5	2	4	3	0
2	6	1	0	1
6	3	2	5	0
3	7	3	0	1
7	2	4	7	0
2	8	1	0	1
8	3	2	9	0
2	9	1	0	1
9	3	2	11	0


linktime
0	0	0.976281209488332	1.48393343270772	0.983933432707722	0	1.30503831361382	1.33254129026734	0.832541290267336	0	0.809706737035082	0	0.930053761886914
0.976281209488332	1.14294787615500	0	2.62688130886272	1.94839677683987	1.14294787615500	29.1547594742265	2.47548916642233	1.80865972476859	1.14294787615500	62.2414652783817	1.14294787615500	60.0749531835024
1.47628120948833	1.47628120948833	2.61922908564333	1.94839677683987	2.62688130886272	1.47628120948833	2.94798618976882	1.80865972476859	2.47548916642233	1.47628120948833	2.45265461319008	1.47628120948833	2.57300163804191
0.983933432707722	1.15060009937439	1.94839677683987	2.63453353208211	0	1.15060009937439	2.11009478460092	2.48314138964172	0.269258240356725	1.15060009937439	1.05948100502085	1.15060009937439	1.00778221853732
0	0	1.14294787615500	1.48393343270772	1.15060009937439	0	1.47170498028049	1.33254129026734	0.999207956934002	0	0.976373403701749	0	1.09672042855358
1.30503831361382	1.47170498028049	29.1547594742265	2.95563841298821	2.11009478460092	1.47170498028049	0	2.80424627054782	2.05912602819740	1.47170498028049	82.6075057122535	1.47170498028049	53
1.80503831361382	1.80503831361382	2.94798618976882	2.11009478460092	2.95563841298821	1.80503831361382	3.27674329389430	2.05912602819740	2.80424627054782	1.80503831361382	2.78141171731557	1.80503831361382	2.90175874216740
0.832541290267336	0.999207956934002	1.80865972476859	2.48314138964172	0.269258240356725	0.999207956934002	2.05912602819740	2.33174924720134	0	0.999207956934002	0.790569415042095	0.999207956934002	1.10707949127423
0	0	1.14294787615500	1.48393343270772	1.15060009937439	0	1.47170498028049	1.33254129026734	0.999207956934002	0	0.976373403701749	0	1.09672042855358
0.809706737035082	0.976373403701749	62.2414652783817	2.46030683640947	1.05948100502085	0.976373403701749	82.6075057122535	2.30891469396908	0.790569415042095	0.976373403701749	0	0.976373403701749	64.3506021727847
1.30970673703508	1.30970673703508	2.45265461319008	1.05948100502085	2.46030683640947	1.30970673703508	2.78141171731557	0.790569415042095	2.30891469396908	1.30970673703508	2.28608014073683	1.30970673703508	2.40642716558866
0.930053761886914	1.09672042855358	60.0749531835024	2.58065386126130	1.00778221853732	1.09672042855358	53	2.42926171882092	1.10707949127423	1.09672042855358	64.3506021727847	1.09672042855358	0
1.43005376188691	1.43005376188691	2.57300163804191	1.00778221853732	2.58065386126130	1.43005376188691	2.90175874216740	1.10707949127423	2.42926171882092	1.43005376188691	2.40642716558866	1.43005376188691	2.52677419044049

tasktime
0
1.64294787615500
0.166666666666667
0.166666666666667
1.65060009937439
1.97170498028049
0.166666666666667
0.166666666666667
1.49920795693400
1.47637340370175
0.166666666666667
1.59672042855358
0.166666666666667


1
2	4	1	0	1
5	2	4	0	0
2	6	1	0	1
7	2	4	0	0
2	8	1	0	1
2	9	1	0	1


2
4	3	2	0	0
3	5	3	0	1
6	3	2	0	0
3	7	3	0	1
8	3	2	0	0
9	3	2	0	0

linktime1
0	0	0.983933432707722	0	0.832541290267336	0	0
0.976281209488332	1.14294787615500	1.94839677683987	1.14294787615500	1.80865972476859	1.14294787615500	1.14294787615500
0	0	1.15060009937439	0	0.999207956934002	0	0
1.30503831361382	1.47170498028049	2.11009478460092	1.47170498028049	2.05912602819740	1.47170498028049	1.47170498028049
0	0	1.15060009937439	0	0.999207956934002	0	0
0.809706737035082	0.976373403701749	1.05948100502085	0.976373403701749	0.790569415042095	0.976373403701749	0.976373403701749
0.930053761886914	1.09672042855358	1.00778221853732	1.09672042855358	1.10707949127423	1.09672042855358	1.09672042855358


tasktime1
0
1.64294787615500
1.65060009937439
1.97170498028049
1.49920795693400
1.47637340370175
1.59672042855358

linktime2
0	0.976281209488332	1.48393343270772	1.30503831361382	1.33254129026734	0.809706737035082	0.930053761886914
1.47628120948833	2.61922908564333	1.94839677683987	2.94798618976882	1.80865972476859	2.45265461319008	2.57300163804191
0.983933432707722	1.94839677683987	2.63453353208211	2.11009478460092	2.48314138964172	1.05948100502085	1.00778221853732
1.80503831361382	2.94798618976882	2.11009478460092	3.27674329389430	2.05912602819740	2.78141171731557	2.90175874216740
0.832541290267336	1.80865972476859	2.48314138964172	2.05912602819740	2.33174924720134	0.790569415042095	1.10707949127423
1.30970673703508	2.45265461319008	1.05948100502085	2.78141171731557	0.790569415042095	2.28608014073683	2.40642716558866
1.43005376188691	2.57300163804191	1.00778221853732	2.90175874216740	1.10707949127423	2.40642716558866	2.52677419044049


tasktime2
0
0.166666666666667
0.166666666666667
0.166666666666667
0.166666666666667
0.166666666666667
0.166666666666667