最优解为:712.0417
最优解路径:

Best_route =

  1 至 24 列

     0     0     0     0     0     0     0     0     0     0     0     0     0     0     0     0     0     0     0     0     0     0     0     0
     0     0     0     0     0     0     0     0     0     0     0     0     0     0     0     0     0     0     0     0     0     0     0     0
     0     0     0     0     0     0     0     0     0     0     0     0     0     0     0     0     0     0     0     0     0     0     0     0
     0     0     0     0     0     0     0     0     0     0     0     0     0     0     0     0     0     0     0     0     0     0     0     0
     0     0     0     0     0     0     0     0     0     0     0     0     0     0     0     0     0     0     0     0     0     0     0     0
     0     0     0     0     0     0     0     0     0     0     0     0     0     0     0     0     0     0     0     0     0     0     0     0
     8    26     9    20    28     6    24    11    23    30     2    27    19    14    22     3    18    15     0     0     0     0     0     0
    17    13     4    21    16    25     7     5    12     1    10    29     0     0     0     0     0     0     0     0     0     0     0     0
     0     0     0     0     0     0     0     0     0     0     0     0     0     0     0     0     0     0     0     0     0     0     0     0

  25 至 31 列

     0     0     0     0     0     0     0
     0     0     0     0     0     0     0
     0     0     0     0     0     0     0
     0     0     0     0     0     0     0
     0     0     0     0     0     0     0
     0     0     0     0     0     0     0
     0     0     0     0     0     0     0
     0     0     0     0     0     0     0
     0     0     0     0     0     0     0

本次运算用时:125.875秒
算法在第323代时收敛

best
744.146713427513
744.146713427513
744.146713427513
744.146713427513
744.146713427513
744.146713427513
744.146713427513
744.146713427513
738.073961707887
738.073961707887
736.415282158376
727.246285446935
727.246285446935
723.330803862064
722.713718316254
722.713718316254
722.713718316254
722.713718316254
722.713718316254
722.713718316254
720.280134790412
720.280134790412
720.280134790412
720.280134790412
720.280134790412
720.280134790412
720.280134790412
720.280134790412
720.280134790412
717.989842182972
717.989842182972
717.989842182972
717.989842182972
716.664706195670
716.664706195670
716.664706195670
716.664706195670
716.604480706819
716.604480706819
716.604480706819
716.604480706819
716.604480706819
716.604480706819
716.604480706819
715.146551273381
715.146551273381
715.146551273381
715.146551273381
715.146551273381
715.146551273381
715.146551273381
715.146551273381
715.146551273381
715.146551273381
715.146551273381
714.314100419312
714.167864136807
714.167864136807
714.167864136807
714.167864136807
714.167864136807
714.167864136807
714.167864136807
714.167864136807
714.167864136807
714.167864136807
714.167864136807
714.167864136807
714.167864136807
714.167864136807
714.167864136807
714.167864136807
714.167864136807
714.167864136807
714.167864136807
714.167864136807
714.167864136807
714.167864136807
714.167864136807
714.167864136807
714.167864136807
714.167864136807
714.167864136807
714.167864136807
714.167864136807
714.167864136807
714.167864136807
714.167864136807
714.167864136807
714.167864136807
714.167864136807
714.167864136807
714.167864136807
714.167864136807
714.167864136807
714.167864136807
714.167864136807
714.167864136807
714.167864136807
714.167864136807
714.167864136807
714.167864136807
714.167864136807
714.167864136807
714.167864136807
714.167864136807
714.167864136807
714.167864136807
714.167864136807
714.167864136807
714.167864136807
714.167864136807
714.167864136807
714.167864136807
714.167864136807
714.167864136807
714.167864136807
714.167864136807
714.167864136807
714.167864136807
714.167864136807
714.167864136807
714.167864136807
714.167864136807
714.167864136807
714.167864136807
714.167864136807
714.167864136807
714.167864136807
714.167864136807
714.167864136807
714.167864136807
714.167864136807
714.167864136807
714.167864136807
714.167864136807
714.167864136807
714.167864136807
714.167864136807
714.167864136807
714.167864136807
714.167864136807
713.600113376656
713.600113376656
713.600113376656
713.600113376656
713.600113376656
713.600113376656
713.600113376656
713.600113376656
713.600113376656
713.600113376656
713.600113376656
713.600113376656
713.600113376656
713.600113376656
713.600113376656
713.600113376656
713.600113376656
713.600113376656
713.600113376656
713.600113376656
713.600113376656
713.600113376656
713.600113376656
713.600113376656
713.600113376656
713.600113376656
713.600113376656
713.600113376656
713.600113376656
712.425670747277
712.425670747277
712.425670747277
712.425670747277
712.425670747277
712.425670747277
712.425670747277
712.425670747277
712.425670747277
712.425670747277
712.425670747277
712.425670747277
712.425670747277
712.425670747277
712.425670747277
712.425670747277
712.425670747277
712.425670747277
712.425670747277
712.425670747277
712.425670747277
712.425670747277
712.425670747277
712.178842568012
712.178842568012
712.178842568012
712.178842568012
712.178842568012
712.178842568012
712.178842568012
712.178842568012
712.178842568012
712.178842568012
712.178842568012
712.178842568012
712.178842568012
712.178842568012
712.178842568012
712.178842568012
712.178842568012
712.178842568012
712.178842568012
712.178842568012
712.178842568012
712.178842568012
712.178842568012
712.178842568012
712.178842568012
712.178842568012
712.178842568012
712.178842568012
712.178842568012
712.178842568012
712.178842568012
712.178842568012
712.178842568012
712.178842568012
712.178842568012
712.178842568012
712.178842568012
712.178842568012
712.178842568012
712.178842568012
712.178842568012
712.178842568012
712.178842568012
712.178842568012
712.178842568012
712.178842568012
712.178842568012
712.178842568012
712.178842568012
712.178842568012
712.178842568012
712.178842568012
712.178842568012
712.178842568012
712.178842568012
712.178842568012
712.178842568012
712.178842568012
712.178842568012
712.178842568012
712.178842568012
712.178842568012
712.178842568012
712.178842568012
712.178842568012
712.178842568012
712.178842568012
712.178842568012
712.178842568012
712.178842568012
712.178842568012
712.178842568012
712.178842568012
712.178842568012
712.178842568012
712.178842568012
712.178842568012
712.178842568012
712.178842568012
712.178842568012
712.178842568012
712.178842568012
712.178842568012
712.178842568012
712.178842568012
712.178842568012
712.178842568012
712.178842568012
712.178842568012
712.178842568012
712.178842568012
712.178842568012
712.178842568012
712.178842568012
712.178842568012
712.178842568012
712.178842568012
712.178842568012
712.178842568012
712.178842568012
712.178842568012
712.178842568012
712.178842568012
712.178842568012
712.178842568012
712.178842568012
712.178842568012
712.178842568012
712.178842568012
712.178842568012
712.178842568012
712.178842568012
712.178842568012
712.178842568012
712.178842568012
712.178842568012
712.178842568012
712.178842568012
712.178842568012
712.178842568012
712.178842568012
712.178842568012
712.178842568012
712.178842568012
712.178842568012
712.178842568012
712.178842568012
712.178842568012
712.041748597634
712.041748597634
712.041748597634
712.041748597634
712.041748597634
712.041748597634
712.041748597634
712.041748597634
712.041748597634
712.041748597634
712.041748597634
712.041748597634
712.041748597634
712.041748597634
712.041748597634
712.041748597634
712.041748597634
712.041748597634
712.041748597634
712.041748597634
712.041748597634
712.041748597634
712.041748597634
712.041748597634
712.041748597634
712.041748597634
712.041748597634
712.041748597634
712.041748597634
712.041748597634
712.041748597634
712.041748597634
712.041748597634
712.041748597634
712.041748597634
712.041748597634
712.041748597634
712.041748597634
712.041748597634
712.041748597634
712.041748597634
712.041748597634
712.041748597634
