最优解为:1244.2861
最优解路径:

Best_route =

  1 至 24 列

    20     2    30    18    15    16    13     9    26     0     0     0     0     0     0     0     0     0     0     0     0     0     0     0
     0     0     0     0     0     0     0     0     0     0     0     0     0     0     0     0     0     0     0     0     0     0     0     0
     0     0     0     0     0     0     0     0     0     0     0     0     0     0     0     0     0     0     0     0     0     0     0     0
     0     0     0     0     0     0     0     0     0     0     0     0     0     0     0     0     0     0     0     0     0     0     0     0
     0     0     0     0     0     0     0     0     0     0     0     0     0     0     0     0     0     0     0     0     0     0     0     0
    27    19    14    10    29    24     6     7     0     0     0     0     0     0     0     0     0     0     0     0     0     0     0     0
    11    12     1    22     3     8    25    17     0     0     0     0     0     0     0     0     0     0     0     0     0     0     0     0
     0     0     0     0     0     0     0     0     0     0     0     0     0     0     0     0     0     0     0     0     0     0     0     0
     4    21    23     5    28     0     0     0     0     0     0     0     0     0     0     0     0     0     0     0     0     0     0     0

  25 至 31 列

     0     0     0     0     0     0     0
     0     0     0     0     0     0     0
     0     0     0     0     0     0     0
     0     0     0     0     0     0     0
     0     0     0     0     0     0     0
     0     0     0     0     0     0     0
     0     0     0     0     0     0     0
     0     0     0     0     0     0     0
     0     0     0     0     0     0     0

本次运算用时:127.147秒
算法在第242代时收敛

best
1270.59429331786
1266.31958547241
1265.47506787625
1265.47506787625
1258.92826797999
1258.92826797999
1258.92826797999
1258.92826797999
1258.92826797999
1258.92826797999
1258.92826797999
1253.04395492007
1253.04395492007
1253.04395492007
1253.04395492007
1253.04395492007
1253.04395492007
1253.04395492007
1253.04395492007
1253.04395492007
1253.04395492007
1253.04395492007
1253.04395492007
1251.54274633862
1251.13939699242
1251.13939699242
1251.13939699242
1251.13939699242
1249.80461775838
1249.80461775838
1249.80461775838
1249.80461775838
1249.80461775838
1249.50087551483
1249.50087551483
1249.50087551483
1249.50087551483
1249.50087551483
1249.50087551483
1249.50087551483
1249.50087551483
1249.50087551483
1249.50087551483
1249.50087551483
1249.50087551483
1249.50087551483
1249.50087551483
1246.71043187294
1246.71043187294
1246.71043187294
1246.71043187294
1246.71043187294
1246.71043187294
1246.71043187294
1246.71043187294
1246.71043187294
1246.71043187294
1246.71043187294
1246.71043187294
1246.71043187294
1246.71043187294
1246.71043187294
1246.71043187294
1246.71043187294
1246.71043187294
1246.71043187294
1246.71043187294
1246.71043187294
1246.71043187294
1246.47491315635
1246.09202865638
1246.09202865638
1246.09202865638
1245.85650993979
1245.85650993979
1245.85650993979
1245.85650993979
1245.85650993979
1245.83579975548
1245.83579975548
1245.83579975548
1245.83579975548
1245.83579975548
1245.83579975548
1245.83579975548
1245.83579975548
1245.83579975548
1245.83579975548
1245.83579975548
1245.83579975548
1245.83579975548
1245.83579975548
1245.83579975548
1245.83579975548
1245.83579975548
1245.83579975548
1245.83579975548
1245.83579975548
1245.83579975548
1245.83579975548
1245.83579975548
1245.83579975548
1245.83579975548
1245.83579975548
1245.83579975548
1245.83579975548
1245.83579975548
1245.83579975548
1245.83579975548
1245.83579975548
1245.83579975548
1245.83579975548
1245.83579975548
1245.83579975548
1245.83579975548
1245.83579975548
1245.83579975548
1245.83579975548
1245.83579975548
1245.83579975548
1245.83579975548
1245.83579975548
1245.83579975548
1245.83579975548
1245.83579975548
1245.83579975548
1245.83579975548
1245.83579975548
1245.83579975548
1245.83579975548
1245.83579975548
1245.83579975548
1245.83579975548
1245.83579975548
1245.83579975548
1245.83579975548
1245.83579975548
1245.83579975548
1245.83579975548
1245.83579975548
1245.83579975548
1245.83579975548
1245.83579975548
1245.83579975548
1245.44289140010
1245.44289140010
1245.44289140010
1245.44289140010
1245.44289140010
1245.44289140010
1245.44289140010
1245.44289140010
1245.15388527132
1244.74026673163
1244.74026673163
1244.74026673163
1244.74026673163
1244.74026673163
1244.74026673163
1244.74026673163
1244.74026673163
1244.74026673163
1244.74026673163
1244.74026673163
1244.74026673163
1244.74026673163
1244.74026673163
1244.74026673163
1244.74026673163
1244.74026673163
1244.74026673163
1244.74026673163
1244.74026673163
1244.74026673163
1244.74026673163
1244.74026673163
1244.74026673163
1244.74026673163
1244.74026673163
1244.74026673163
1244.74026673163
1244.74026673163
1244.74026673163
1244.74026673163
1244.74026673163
1244.74026673163
1244.74026673163
1244.28607204132
1244.28607204132
1244.28607204132
1244.28607204132
1244.28607204132
1244.28607204132
1244.28607204132
1244.28607204132
1244.28607204132
1244.28607204132
1244.28607204132
1244.28607204132
1244.28607204132
1244.28607204132
1244.28607204132
1244.28607204132
1244.28607204132
1244.28607204132
1244.28607204132
1244.28607204132
1244.28607204132
1244.28607204132
1244.28607204132
1244.28607204132
1244.28607204132
1244.28607204132
1244.28607204132
1244.28607204132
1244.28607204132
1244.28607204132
1244.28607204132
1244.28607204132
1244.28607204132
1244.28607204132
1244.28607204132
1244.28607204132
1244.28607204132
1244.28607204132
1244.28607204132
1244.28607204132
1244.28607204132
1244.28607204132
1244.28607204132
1244.28607204132
1244.28607204132
1244.28607204132
1244.28607204132
1244.28607204132
1244.28607204132
1244.28607204132
1244.28607204132
1244.28607204132
1244.28607204132
1244.28607204132
1244.28607204132
1244.28607204132
1244.28607204132
1244.28607204132
1244.28607204132
1244.28607204132
1244.28607204132
1244.28607204132
1244.28607204132
1244.28607204132
1244.28607204132
1244.28607204132
1244.28607204132
1244.28607204132
1244.28607204132
1244.28607204132
1244.28607204132
1244.28607204132
1244.28607204132
1244.28607204132
1244.28607204132
1244.28607204132
1244.28607204132
1244.28607204132
1244.28607204132
1244.28607204132
1244.28607204132
1244.28607204132
1244.28607204132
1244.28607204132
1244.28607204132
1244.28607204132
1244.28607204132
1244.28607204132
1244.28607204132
1244.28607204132
1244.28607204132
1244.28607204132
1244.28607204132
1244.28607204132
1244.28607204132
1244.28607204132
1244.28607204132
1244.28607204132
1244.28607204132
1244.28607204132
1244.28607204132
1244.28607204132
1244.28607204132
1244.28607204132
1244.28607204132
1244.28607204132
1244.28607204132
1244.28607204132
1244.28607204132
1244.28607204132
1244.28607204132
1244.28607204132
1244.28607204132
1244.28607204132
1244.28607204132
1244.28607204132
1244.28607204132
1244.28607204132
1244.28607204132
1244.28607204132
1244.28607204132
1244.28607204132
1244.28607204132
1244.28607204132
1244.28607204132
1244.28607204132
1244.28607204132
1244.28607204132
1244.28607204132
1244.28607204132
1244.28607204132
1244.28607204132
1244.28607204132
1244.28607204132
1244.28607204132
1244.28607204132
1244.28607204132
1244.28607204132
1244.28607204132
1244.28607204132
1244.28607204132
1244.28607204132
1244.28607204132
1244.28607204132
1244.28607204132
1244.28607204132
1244.28607204132
1244.28607204132
1244.28607204132
1244.28607204132
1244.28607204132
1244.28607204132
1244.28607204132
1244.28607204132
1244.28607204132
1244.28607204132
1244.28607204132
1244.28607204132
1244.28607204132
1244.28607204132
1244.28607204132
1244.28607204132
1244.28607204132
1244.28607204132
1244.28607204132
1244.28607204132
1244.28607204132
1244.28607204132
1244.28607204132
1244.28607204132
1244.28607204132
1244.28607204132
1244.28607204132
1244.28607204132
1244.28607204132
1244.28607204132
1244.28607204132
1244.28607204132
