最优解为:690.6912
最优解路径:

Best_route =

  1 至 24 列

     0     0     0     0     0     0     0     0     0     0     0     0     0     0     0     0     0     0     0     0     0     0     0     0
     4     3     7    23    31     2     1    35    33    38    32     6    11    26    30    16    15    10    18    40    37    14     0     0
     0     0     0     0     0     0     0     0     0     0     0     0     0     0     0     0     0     0     0     0     0     0     0     0
     0     0     0     0     0     0     0     0     0     0     0     0     0     0     0     0     0     0     0     0     0     0     0     0
     0     0     0     0     0     0     0     0     0     0     0     0     0     0     0     0     0     0     0     0     0     0     0     0
     0     0     0     0     0     0     0     0     0     0     0     0     0     0     0     0     0     0     0     0     0     0     0     0
     0     0     0     0     0     0     0     0     0     0     0     0     0     0     0     0     0     0     0     0     0     0     0     0
     0     0     0     0     0     0     0     0     0     0     0     0     0     0     0     0     0     0     0     0     0     0     0     0
     0     0     0     0     0     0     0     0     0     0     0     0     0     0     0     0     0     0     0     0     0     0     0     0
     0     0     0     0     0     0     0     0     0     0     0     0     0     0     0     0     0     0     0     0     0     0     0     0
    20    36    27    29    34    22    24    39     5     9    13    19    12     8    17    28    21    25     0     0     0     0     0     0

  25 至 41 列

     0     0     0     0     0     0     0     0     0     0     0     0     0     0     0     0     0
     0     0     0     0     0     0     0     0     0     0     0     0     0     0     0     0     0
     0     0     0     0     0     0     0     0     0     0     0     0     0     0     0     0     0
     0     0     0     0     0     0     0     0     0     0     0     0     0     0     0     0     0
     0     0     0     0     0     0     0     0     0     0     0     0     0     0     0     0     0
     0     0     0     0     0     0     0     0     0     0     0     0     0     0     0     0     0
     0     0     0     0     0     0     0     0     0     0     0     0     0     0     0     0     0
     0     0     0     0     0     0     0     0     0     0     0     0     0     0     0     0     0
     0     0     0     0     0     0     0     0     0     0     0     0     0     0     0     0     0
     0     0     0     0     0     0     0     0     0     0     0     0     0     0     0     0     0
     0     0     0     0     0     0     0     0     0     0     0     0     0     0     0     0     0

本次运算用时:240.256秒
算法在第325代时收敛

best
1058.55930636013
740.383665031233
740.383665031233
740.383665031233
715.014860603033
715.014860603033
715.014860603033
715.014860603033
715.014860603033
715.014860603033
715.014860603033
715.014860603033
715.014860603033
715.014860603033
715.014860603033
715.014860603033
715.014860603033
715.014860603033
715.014860603033
707.888259505997
707.888259505997
706.536491676343
698.343369103602
698.343369103602
698.343369103602
698.343369103602
698.343369103602
698.343369103602
698.343369103602
698.343369103602
696.625135387249
696.625135387249
696.625135387249
696.625135387249
695.159121193467
695.159121193467
695.159121193467
695.159121193467
695.159121193467
695.159121193467
695.159121193467
695.159121193467
694.346594681711
693.797611970114
693.797611970114
693.797611970114
693.797611970114
693.797611970114
693.797611970114
693.797611970114
693.797611970114
693.797611970114
693.797611970114
693.797611970114
693.797611970114
693.797611970114
693.797611970114
693.360458257533
693.360458257533
693.360458257533
693.360458257533
693.360458257533
693.360458257533
693.360458257533
693.360458257533
693.092051268414
693.092051268414
693.092051268414
693.092051268414
693.092051268414
693.092051268414
693.092051268414
693.092051268414
693.092051268414
693.092051268414
693.092051268414
693.092051268414
693.092051268414
693.092051268414
693.092051268414
693.092051268414
693.092051268414
693.092051268414
693.092051268414
693.092051268414
693.092051268414
693.092051268414
693.092051268414
693.092051268414
692.349277198715
692.349277198715
692.349277198715
692.349277198715
692.349277198715
692.349277198715
692.349277198715
692.349277198715
692.349277198715
692.349277198715
692.349277198715
692.349277198715
692.349277198715
692.349277198715
692.349277198715
692.349277198715
692.349277198715
692.349277198715
692.349277198715
692.349277198715
692.349277198715
692.349277198715
692.349277198715
692.349277198715
692.349277198715
692.349277198715
692.349277198715
692.349277198715
692.349277198715
692.349277198715
692.349277198715
692.349277198715
692.349277198715
692.349277198715
692.349277198715
692.349277198715
692.349277198715
692.349277198715
692.349277198715
692.349277198715
692.349277198715
692.349277198715
692.349277198715
692.349277198715
692.349277198715
692.349277198715
692.349277198715
692.349277198715
692.349277198715
692.349277198715
692.349277198715
692.349277198715
692.349277198715
692.349277198715
692.349277198715
692.349277198715
692.349277198715
692.349277198715
692.349277198715
692.349277198715
692.349277198715
692.349277198715
692.349277198715
692.349277198715
692.349277198715
692.349277198715
692.349277198715
692.349277198715
692.349277198715
692.349277198715
692.349277198715
692.349277198715
692.349277198715
692.349277198715
692.349277198715
692.349277198715
692.349277198715
692.349277198715
692.349277198715
692.349277198715
692.349277198715
692.349277198715
692.349277198715
692.349277198715
692.349277198715
692.349277198715
692.349277198715
692.349277198715
692.349277198715
692.349277198715
692.349277198715
692.349277198715
692.349277198715
692.349277198715
692.349277198715
692.349277198715
692.349277198715
692.349277198715
692.349277198715
692.349277198715
692.349277198715
692.349277198715
692.349277198715
692.349277198715
692.349277198715
692.349277198715
692.349277198715
692.349277198715
692.349277198715
692.349277198715
692.349277198715
692.349277198715
692.349277198715
692.349277198715
692.349277198715
692.349277198715
692.349277198715
692.349277198715
692.349277198715
692.349277198715
692.349277198715
692.349277198715
692.349277198715
692.349277198715
692.349277198715
692.349277198715
692.349277198715
692.349277198715
692.349277198715
692.349277198715
692.349277198715
692.349277198715
692.349277198715
692.349277198715
692.349277198715
692.349277198715
692.349277198715
692.349277198715
692.349277198715
692.349277198715
692.349277198715
692.349277198715
692.349277198715
692.349277198715
692.349277198715
692.349277198715
692.349277198715
692.349277198715
692.349277198715
692.349277198715
692.349277198715
692.349277198715
692.349277198715
692.349277198715
692.349277198715
692.349277198715
692.349277198715
692.349277198715
692.349277198715
692.349277198715
692.349277198715
692.349277198715
692.349277198715
692.349277198715
692.349277198715
692.349277198715
692.349277198715
692.349277198715
692.349277198715
692.349277198715
692.349277198715
692.349277198715
692.349277198715
692.349277198715
692.349277198715
692.349277198715
692.349277198715
692.349277198715
692.349277198715
692.349277198715
692.349277198715
692.349277198715
692.349277198715
692.349277198715
692.349277198715
692.349277198715
692.349277198715
692.349277198715
692.349277198715
692.349277198715
692.349277198715
692.349277198715
692.349277198715
692.349277198715
692.349277198715
692.349277198715
692.349277198715
692.349277198715
692.349277198715
692.349277198715
692.349277198715
692.349277198715
692.349277198715
692.349277198715
692.349277198715
692.349277198715
692.349277198715
692.349277198715
692.349277198715
692.349277198715
692.349277198715
692.349277198715
692.349277198715
692.349277198715
692.349277198715
