最优解为:1240.244
最优解路径:

Best_route =

  1 至 24 列

     0     0     0     0     0     0     0     0     0     0     0     0     0     0     0     0     0     0     0     0     0     0     0     0
     0     0     0     0     0     0     0     0     0     0     0     0     0     0     0     0     0     0     0     0     0     0     0     0
    22    31     2    37    14    11     6    30    36    34     0     0     0     0     0     0     0     0     0     0     0     0     0     0
     0     0     0     0     0     0     0     0     0     0     0     0     0     0     0     0     0     0     0     0     0     0     0     0
     0     0     0     0     0     0     0     0     0     0     0     0     0     0     0     0     0     0     0     0     0     0     0     0
     0     0     0     0     0     0     0     0     0     0     0     0     0     0     0     0     0     0     0     0     0     0     0     0
     0     0     0     0     0     0     0     0     0     0     0     0     0     0     0     0     0     0     0     0     0     0     0     0
    33    38     4    23    15    16    12    19    20     0     0     0     0     0     0     0     0     0     0     0     0     0     0     0
     8     7     3    32    26    13    40    27    29     0     0     0     0     0     0     0     0     0     0     0     0     0     0     0
     0     0     0     0     0     0     0     0     0     0     0     0     0     0     0     0     0     0     0     0     0     0     0     0
     1    35    17    28    21    25    18    10     5    39    24     9     0     0     0     0     0     0     0     0     0     0     0     0

  25 至 41 列

     0     0     0     0     0     0     0     0     0     0     0     0     0     0     0     0     0
     0     0     0     0     0     0     0     0     0     0     0     0     0     0     0     0     0
     0     0     0     0     0     0     0     0     0     0     0     0     0     0     0     0     0
     0     0     0     0     0     0     0     0     0     0     0     0     0     0     0     0     0
     0     0     0     0     0     0     0     0     0     0     0     0     0     0     0     0     0
     0     0     0     0     0     0     0     0     0     0     0     0     0     0     0     0     0
     0     0     0     0     0     0     0     0     0     0     0     0     0     0     0     0     0
     0     0     0     0     0     0     0     0     0     0     0     0     0     0     0     0     0
     0     0     0     0     0     0     0     0     0     0     0     0     0     0     0     0     0
     0     0     0     0     0     0     0     0     0     0     0     0     0     0     0     0     0
     0     0     0     0     0     0     0     0     0     0     0     0     0     0     0     0     0

本次运算用时:227.953秒
算法在第88代时收敛

best
1550.25236394780
1550.25236394780
1550.25236394780
1545.41581859548
1545.41581859548
1542.80287955567
1542.80287955567
1542.80287955567
1542.80287955567
1542.80287955567
1542.80287955567
1540.36439151842
1540.36439151842
1540.36439151842
1538.97944477079
1538.97944477079
1538.97944477079
1535.08574137654
1535.08574137654
1535.08574137654
1535.08574137654
1535.08574137654
1535.08574137654
1535.08574137654
1535.08574137654
1535.08574137654
1535.08574137654
1535.08574137654
1535.08574137654
1535.08574137654
1535.08574137654
1535.08574137654
1535.08574137654
1535.08574137654
1535.08574137654
1248.38820291637
1248.38820291637
1248.38820291637
1248.38820291637
1248.38820291637
1248.38820291637
1248.38820291637
1248.38820291637
1248.38820291637
1248.38820291637
1248.38820291637
1248.38820291637
1248.38820291637
1248.38820291637
1245.40573940514
1245.40573940514
1245.40573940514
1245.40573940514
1245.40573940514
1245.40573940514
1245.40573940514
1245.40573940514
1245.40573940514
1245.40573940514
1245.40573940514
1245.40573940514
1245.40573940514
1245.40573940514
1245.40573940514
1245.40573940514
1244.15023180735
1244.15023180735
1244.15023180735
1244.15023180735
1244.15023180735
1244.15023180735
1244.15023180735
1244.15023180735
1244.15023180735
1244.15023180735
1244.15023180735
1244.15023180735
1244.15023180735
1244.15023180735
1244.15023180735
1244.15023180735
1244.15023180735
1244.15023180735
1244.15023180735
1244.15023180735
1244.15023180735
1244.15023180735
1240.24398608277
1240.24398608277
1240.24398608277
1240.24398608277
1240.24398608277
1240.24398608277
1240.24398608277
1240.24398608277
1240.24398608277
1240.24398608277
1240.24398608277
1240.24398608277
1240.24398608277
1240.24398608277
1240.24398608277
1240.24398608277
1240.24398608277
1240.24398608277
1240.24398608277
1240.24398608277
1240.24398608277
1240.24398608277
1240.24398608277
1240.24398608277
1240.24398608277
1240.24398608277
1240.24398608277
1240.24398608277
1240.24398608277
1240.24398608277
1240.24398608277
1240.24398608277
1240.24398608277
1240.24398608277
1240.24398608277
1240.24398608277
1240.24398608277
1240.24398608277
1240.24398608277
1240.24398608277
1240.24398608277
1240.24398608277
1240.24398608277
1240.24398608277
1240.24398608277
1240.24398608277
1240.24398608277
1240.24398608277
1240.24398608277
1240.24398608277
1240.24398608277
1240.24398608277
1240.24398608277
1240.24398608277
1240.24398608277
1240.24398608277
1240.24398608277
1240.24398608277
1240.24398608277
1240.24398608277
1240.24398608277
1240.24398608277
1240.24398608277
1240.24398608277
1240.24398608277
1240.24398608277
1240.24398608277
1240.24398608277
1240.24398608277
1240.24398608277
1240.24398608277
1240.24398608277
1240.24398608277
1240.24398608277
1240.24398608277
1240.24398608277
1240.24398608277
1240.24398608277
1240.24398608277
1240.24398608277
1240.24398608277
1240.24398608277
1240.24398608277
1240.24398608277
1240.24398608277
1240.24398608277
1240.24398608277
1240.24398608277
1240.24398608277
1240.24398608277
1240.24398608277
1240.24398608277
1240.24398608277
1240.24398608277
1240.24398608277
1240.24398608277
1240.24398608277
1240.24398608277
1240.24398608277
1240.24398608277
1240.24398608277
1240.24398608277
1240.24398608277
1240.24398608277
1240.24398608277
1240.24398608277
1240.24398608277
1240.24398608277
1240.24398608277
1240.24398608277
1240.24398608277
1240.24398608277
1240.24398608277
1240.24398608277
1240.24398608277
1240.24398608277
1240.24398608277
1240.24398608277
1240.24398608277
1240.24398608277
1240.24398608277
1240.24398608277
1240.24398608277
1240.24398608277
1240.24398608277
1240.24398608277
1240.24398608277
1240.24398608277
1240.24398608277
1240.24398608277
1240.24398608277
1240.24398608277
1240.24398608277
1240.24398608277
1240.24398608277
1240.24398608277
1240.24398608277
1240.24398608277
1240.24398608277
1240.24398608277
1240.24398608277
1240.24398608277
1240.24398608277
1240.24398608277
1240.24398608277
1240.24398608277
1240.24398608277
1240.24398608277
1240.24398608277
1240.24398608277
1240.24398608277
1240.24398608277
1240.24398608277
1240.24398608277
1240.24398608277
1240.24398608277
1240.24398608277
1240.24398608277
1240.24398608277
1240.24398608277
1240.24398608277
1240.24398608277
1240.24398608277
1240.24398608277
1240.24398608277
1240.24398608277
1240.24398608277
1240.24398608277
1240.24398608277
1240.24398608277
1240.24398608277
1240.24398608277
1240.24398608277
1240.24398608277
1240.24398608277
1240.24398608277
1240.24398608277
1240.24398608277
1240.24398608277
1240.24398608277
1240.24398608277
1240.24398608277
1240.24398608277
1240.24398608277
1240.24398608277
1240.24398608277
1240.24398608277
1240.24398608277
1240.24398608277
1240.24398608277
1240.24398608277
1240.24398608277
1240.24398608277
1240.24398608277
1240.24398608277
1240.24398608277
1240.24398608277
1240.24398608277
1240.24398608277
1240.24398608277
1240.24398608277
1240.24398608277
1240.24398608277
1240.24398608277
1240.24398608277
1240.24398608277
1240.24398608277
1240.24398608277
1240.24398608277
1240.24398608277
1240.24398608277
1240.24398608277
1240.24398608277
1240.24398608277
1240.24398608277
1240.24398608277
1240.24398608277
