最优解为1026.2325
最优解路径

Best_route =

    11    12     3     4     1     2    14     5     6     0     0     0     0     0     0     0     0
    15    16     7     8     9    10    13     0     0     0     0     0     0     0     0     0     0
     0     0     0     0     0     0     0     0     0     0     0     0     0     0     0     0     0

本次运算用时8.686秒
算法在第177代时收敛

best
1076.42320330296
1039.47955917661
1039.47955917661
1039.47955917661
1039.47955917661
1032.27695505294
1030.51600836701
1030.51600836701
1030.51600836701
1030.51600836701
1030.51600836701
1030.51600836701
1030.51600836701
1030.51600836701
1029.58752545950
1029.58752545950
1029.58752545950
1029.58752545950
1029.58752545950
1029.58752545950
1029.58752545950
1029.58752545950
1029.58752545950
1029.58752545950
1029.58752545950
1029.58752545950
1029.58752545950
1029.58752545950
1029.58752545950
1029.58752545950
1029.58752545950
1029.58752545950
1029.58752545950
1029.58752545950
1029.58752545950
1029.58752545950
1029.58752545950
1029.58752545950
1029.58752545950
1027.82657877357
1027.82657877357
1027.82657877357
1027.82657877357
1027.82657877357
1027.82657877357
1027.82657877357
1027.82657877357
1027.82657877357
1027.82657877357
1027.82657877357
1027.82657877357
1027.82657877357
1027.82657877357
1027.82657877357
1027.82657877357
1027.82657877357
1027.82657877357
1027.82657877357
1027.82657877357
1027.82657877357
1027.08764633069
1027.08764633069
1027.08764633069
1027.08764633069
1027.08764633069
1027.08764633069
1027.08764633069
1027.08764633069
1027.08764633069
1027.08764633069
1027.08764633069
1027.08764633069
1027.08764633069
1027.08764633069
1027.08764633069
1027.08764633069
1027.08764633069
1027.08764633069
1027.08764633069
1027.08764633069
1027.08764633069
1027.08764633069
1027.08764633069
1027.08764633069
1027.08764633069
1027.08764633069
1027.08764633069
1027.08764633069
1027.08764633069
1027.08764633069
1027.08764633069
1027.08764633069
1027.08764633069
1027.08764633069
1027.08764633069
1027.08764633069
1027.08764633069
1027.08764633069
1027.08764633069
1027.08764633069
1027.08764633069
1027.08764633069
1027.08764633069
1027.08764633069
1027.08764633069
1027.08764633069
1027.08764633069
1027.08764633069
1027.08764633069
1027.08764633069
1027.08764633069
1027.08764633069
1027.08764633069
1027.08764633069
1027.08764633069
1027.08764633069
1027.08764633069
1027.08764633069
1027.08764633069
1027.08764633069
1027.08764633069
1027.08764633069
1027.08764633069
1027.08764633069
1027.08764633069
1027.08764633069
1027.08764633069
1027.08764633069
1027.08764633069
1027.08764633069
1027.08764633069
1027.08764633069
1027.08764633069
1027.08764633069
1027.08764633069
1027.08764633069
1027.08764633069
1027.08764633069
1027.08764633069
1027.08764633069
1027.08764633069
1027.08764633069
1027.08764633069
1027.08764633069
1027.08764633069
1027.08764633069
1027.08764633069
1027.08764633069
1027.08764633069
1027.08764633069
1027.08764633069
1027.08764633069
1027.08764633069
1027.08764633069
1027.08764633069
1027.08764633069
1027.08764633069
1027.08764633069
1027.08764633069
1027.08764633069
1027.08764633069
1027.08764633069
1027.08764633069
1027.08764633069
1027.08764633069
1027.08764633069
1027.08764633069
1027.08764633069
1027.08764633069
1027.08764633069
1027.08764633069
1027.08764633069
1027.08764633069
1027.08764633069
1027.08764633069
1027.08764633069
1026.23247522564
1026.23247522564
1026.23247522564
1026.23247522564
1026.23247522564
1026.23247522564
1026.23247522564
1026.23247522564
1026.23247522564
1026.23247522564
1026.23247522564
1026.23247522564
1026.23247522564
1026.23247522564
1026.23247522564
1026.23247522564
1026.23247522564
1026.23247522564
1026.23247522564
1026.23247522564
1026.23247522564
1026.23247522564
1026.23247522564
1026.23247522564

ave
1286.64347535573
1189.09577435554
1284.09478759315
1244.66810785176
1322.67060667544
1433.34154819824
1312.13042521310
1393.82179796339
1321.74246164399
1293.07007432998
1419.32923659336
1326.33240102741
1378.03951769062
1284.29625426007
1306.68694571737
1444.67350213734
1406.49584920541
1290.34932715036
1384.99916699589
1379.89020888715
1376.34228804733
1349.29712170016
1276.44651529399
1402.89391327514
1135.12885468215
1360.02483883552
1293.57089260207
1193.81519773213
1301.88134002938
1235.77276333491
1197.47090173854
1149.82209026166
1196.64476774522
1141.61710731647
1199.52161520511
1271.34288646831
1128.55070662268
1202.44105457524
1292.50985444180
1301.59790486193
1319.62044402810
1297.99735987961
1164.87233881884
1323.43198721615
1206.75707311406
1244.74237379308
1158.72436122823
1152.14391755714
1225.09791709223
1167.54238799343
1312.74521565730
1189.17438335740
1245.77634554684
1229.98406078645
1250.23444142375
1298.67641005698
1308.02777931043
1187.36421995176
1206.81050662589
1218.49596952963
1196.60327363127
1306.48808751558
1195.99800383591
1167.87930898405
1178.51403244990
1124.19930039939
1199.10562860436
1158.85459451895
1203.85455754697
1273.45592631624
1474.31526425141
1447.32577791060
1239.08036029571
1154.23694886397
1257.68012216757
1193.80383409972
1151.50683583882
1154.56753114610
1105.29998285966
1135.67898149789
1167.44252128269
1231.18483546616
1293.51062711475
1211.29593400776
1187.96051464140
1262.38366876826
1191.07862594409
1162.87091850870
1150.15096390581
1248.86373812655
1352.14294792756
1178.13468822217
1129.80325185229
1210.70972147176
1090.85881428321
1196.47058930303
1276.28584254791
1158.55457906842
1195.06512818638
1176.50635034539
1230.08435685667
1208.89729041380
1402.70445016422
1431.52325218376
1410.52677867524
1458.68184272421
1394.16178666163
1540.39014861756
1409.32152820328
1455.95968104526
1436.11733251806
1442.92662296776
1420.34511558987
1409.76448544194
1398.04954894841
1441.69747579052
1395.80094237736
1432.01991373093
1538.69217577480
1305.93013275363
1409.81514887439
1232.46651248176
1158.35812978002
1201.48596230597
1214.37586508648
1116.00044676601
1136.40922884472
1126.60620831988
1198.54152517810
1127.58853100160
1197.72463473291
1167.77569905782
1241.23074493933
1276.83577594865
1161.06688893248
1257.33866075922
1239.01656135269
1139.79558102653
1186.19483672426
1224.42264890688
1320.47804346409
1128.06624222952
1205.20045820339
1204.31932932472
1235.20826088486
1145.97801890124
1138.34245810832
1109.37134671597
1136.19933061002
1123.76464326753
1092.40729952448
1111.44774903825
1089.35252210665
1157.27704074410
1215.24469559592
1101.76253428923
1099.27767530334
1077.56359842833
1136.90511352398
1089.60052076060
1116.35620733366
1194.16658184344
1112.18788214126
1144.98792391718
1192.28992477473
1167.67951508651
1201.81606936622
1114.82272472858
1127.84187509743
1127.48036151544
1182.82211785804
1162.80643793725
1124.70879173881
1190.51322529879
1169.04834861013
1179.00488605978
1274.03064172916
1230.84064107758
1152.10711985736
1175.80660015164
1114.28321272202
1114.92128048372
1114.17738303302
1130.59303326329
1091.23410100171
1113.69884287262
1124.96395681064
1182.41735508272
1076.77919325773
1149.04872739391
1125.57700805234
1169.87316855981
1147.45635938536
1164.62883118483
1207.69366147170
1219.24080948427
1077.68135889753
1205.07298816196
1133.78760687934
1189.73010936469