最优解为:536.3969
最优解路径:

Best_route =

     5     6     7     8     1     2     3     4     0
     0     0     0     0     0     0     0     0     0

本次运算用时:15.173秒
算法在第53代时收敛

best
539.042749477361
539.042749477361
539.042749477361
539.042749477361
539.042749477361
539.042749477361
539.042749477361
539.042749477361
539.042749477361
539.042749477361
539.042749477361
539.042749477361
539.042749477361
539.042749477361
539.042749477361
539.042749477361
539.042749477361
539.042749477361
539.042749477361
539.042749477361
539.042749477361
539.042749477361
539.042749477361
539.042749477361
539.042749477361
539.042749477361
539.042749477361
539.042749477361
539.042749477361
539.042749477361
539.042749477361
539.042749477361
539.042749477361
539.042749477361
539.042749477361
539.042749477361
539.042749477361
539.042749477361
539.042749477361
539.042749477361
539.042749477361
539.042749477361
539.042749477361
539.042749477361
539.042749477361
539.042749477361
539.042749477361
539.042749477361
539.042749477361
539.042749477361
539.042749477361
539.042749477361
536.396892652703
536.396892652703
536.396892652703
536.396892652703
536.396892652703
536.396892652703
536.396892652703
536.396892652703
536.396892652703
536.396892652703
536.396892652703
536.396892652703
536.396892652703
536.396892652703
536.396892652703
536.396892652703
536.396892652703
536.396892652703
536.396892652703
536.396892652703
536.396892652703
536.396892652703
536.396892652703
536.396892652703
536.396892652703
536.396892652703
536.396892652703
536.396892652703
536.396892652703
536.396892652703
536.396892652703
536.396892652703
536.396892652703
536.396892652703
536.396892652703
536.396892652703
536.396892652703
536.396892652703
536.396892652703
536.396892652703
536.396892652703
536.396892652703
536.396892652703
536.396892652703
536.396892652703
536.396892652703
536.396892652703
536.396892652703

ave
624.005002372015
658.938274664165
587.340672103493
600.211591690694
599.230914808865
623.947817667208
610.477349970046
611.593399253689
587.223492009129
633.803141633441
633.748632536848
599.836496925334
575.508912608231
598.692005495954
598.281242901308
575.621497673338
562.787041661104
540.248303855192
562.877167671032
585.997589560983
564.037695644998
575.182936340449
539.879864188003
540.079250870891
552.005206183547
539.848982775874
540.509593834286
574.856819600718
550.781459498267
540.197074372748
539.087228167683
539.442070556679
539.087228167683
539.491984624014
551.225259267906
539.935784393654
539.275173335242
552.160661889655
551.841391635996
539.042749477361
539.042749477361
539.087228167683
563.131706858005
539.042749477361
539.491984624014
562.564648209494
551.679929791573
539.087228167683
539.148990991941
575.008447979134
539.355268938899
551.799068708539
538.875559621711
563.502161816109
563.648208031687
539.442070556679
563.732474689124
550.825938188589
538.964517002355
539.075494018141
550.621020434738
550.781459498267
575.020341514055
575.012654680227
573.941783962713
597.642358843824
537.882062565913
608.771961281520
548.914074788764
585.621065221033
549.139340612929
538.113018846422
549.076376980943
572.772216360848
549.989759967550
537.733612731256
537.421093269718
538.115034137337
549.084850429766
536.721146263784
538.278008337132
549.059404394651
548.196958256273
561.702883481392
537.458725473968
536.965559350536
536.396892652703
549.589502846526
548.091123983287
537.834208567492
549.016241119437
549.277531098531
549.284281890652
538.170954342988
537.689134040934
550.288777844845
536.615311990797
538.278008337132
549.932999414143
536.502726925690