最优解为:536.3969
最优解路径:

Best_route =

     0     0     0     0     0     0     0     0     0
     7     8     1     2     5     6     3     4     0

本次运算用时:26.454秒
算法在第3代时收敛

best
539.042749477361
539.042749477361
536.396892652703
536.396892652703
536.396892652703
536.396892652703
536.396892652703
536.396892652703
536.396892652703
536.396892652703
536.396892652703
536.396892652703
536.396892652703
536.396892652703
536.396892652703
536.396892652703
536.396892652703
536.396892652703
536.396892652703
536.396892652703
536.396892652703
536.396892652703
536.396892652703
536.396892652703
536.396892652703
536.396892652703
536.396892652703
536.396892652703
536.396892652703
536.396892652703
536.396892652703
536.396892652703
536.396892652703
536.396892652703
536.396892652703
536.396892652703
536.396892652703
536.396892652703
536.396892652703
536.396892652703
536.396892652703
536.396892652703
536.396892652703
536.396892652703
536.396892652703
536.396892652703
536.396892652703
536.396892652703
536.396892652703
536.396892652703
536.396892652703
536.396892652703
536.396892652703
536.396892652703
536.396892652703
536.396892652703
536.396892652703
536.396892652703
536.396892652703
536.396892652703
536.396892652703
536.396892652703
536.396892652703
536.396892652703
536.396892652703
536.396892652703
536.396892652703
536.396892652703
536.396892652703
536.396892652703
536.396892652703
536.396892652703
536.396892652703
536.396892652703
536.396892652703
536.396892652703
536.396892652703
536.396892652703
536.396892652703
536.396892652703
536.396892652703
536.396892652703
536.396892652703
536.396892652703
536.396892652703
536.396892652703
536.396892652703
536.396892652703
536.396892652703
536.396892652703
536.396892652703
536.396892652703
536.396892652703
536.396892652703
536.396892652703
536.396892652703
536.396892652703
536.396892652703
536.396892652703
536.396892652703

ave
611.437271715889
598.964262098949
623.888201475128
624.016399109344
565.684734996071
612.854421993501
600.875222083408
612.547885622519
647.064164373252
682.197540133903
645.983591530994
587.179064410680
612.142740838024
624.067335957574
587.739801970834
657.029703967581
587.879170801993
670.121622631217
609.760685457148
621.461667579853
586.916325767643
598.154475465502
563.834463168886
548.803352852306
538.625217625061
537.226849329630
585.809192821729
537.228457378952
560.198566305595
536.984044292200
536.509477717811
560.440823629482
560.048253342286
560.997208464230
536.921080660214
537.209424723745
536.509477717811
548.740134140991
536.653039888998
536.653039888998
561.171696825545
537.721330868170
548.203709048395
548.978513221236
537.164946033423
549.122075392423
584.247640025174
548.702113608577
561.528147263862
548.396892652703
537.883925694564
560.085981240487
549.171696825545
548.640758025913
536.915842223464
548.857861948899
536.927831452335
548.354022011703
560.646193402926
536.509477717811
548.504334975011
536.659790681119
549.052360968315
536.509477717811
537.627778458269
536.509477717811
560.466607076811
536.789755574113
537.427844061839
549.277531098531
548.865928156128
549.310116253932
548.915937917414
548.796506366235
560.823057515128
549.052360968315
536.659790681119
548.654647938320
536.396892652703
548.091123983287
536.396892652703
560.997208464230
548.616920040119
548.091123983287
536.765624954106
548.865928156128
536.622062782919
548.746592298899
560.816306723006
560.898513311529
537.322009788853
536.659790681119
536.547205616012
537.164946033423
548.502726925689
537.322009788853
536.810103644428
537.164946033423
560.447574421604
549.301661718538