最优解为:2014.5815
最优解路径:

Best_route =

  1 至 24 列

    15    16    19    20    29    30    23    24    22     0     0     0     0     0     0     0     0     0     0     0     0     0     0     0
     7     8     5     6    13    14     2     0     0     0     0     0     0     0     0     0     0     0     0     0     0     0     0     0
    25    26     3     4    27    28     1     0     0     0     0     0     0     0     0     0     0     0     0     0     0     0     0     0
    17    18     9    10    11    12    21     0     0     0     0     0     0     0     0     0     0     0     0     0     0     0     0     0

  25 至 31 列

     0     0     0     0     0     0     0
     0     0     0     0     0     0     0
     0     0     0     0     0     0     0
     0     0     0     0     0     0     0

本次运算用时:28.687秒
算法在第93代时收敛

best
2086.78712376732
2086.78712376732
2065.02052484522
2065.02052484522
2064.87671733385
2064.87671733385
2064.87671733385
2063.03311705092
2063.03311705092
2063.03311705092
2063.03311705092
2059.32874331390
2059.32874331390
2059.32874331390
2059.32874331390
2059.32874331390
2059.32874331390
2059.32874331390
2059.32874331390
2059.32874331390
2059.32874331390
2059.32874331390
2059.32874331390
2059.32874331390
2059.32874331390
2059.32874331390
2059.32874331390
2059.32874331390
2059.32874331390
2059.32874331390
2059.32874331390
2059.32874331390
2059.32874331390
2059.32874331390
2059.32874331390
2059.32874331390
2059.32874331390
2059.32874331390
2059.32874331390
2059.32874331390
2059.32874331390
2059.32874331390
2059.32874331390
2059.32874331390
2059.32874331390
2059.32874331390
2059.32874331390
2059.32874331390
2059.32874331390
2059.32874331390
2059.32874331390
2059.32874331390
2059.32874331390
2059.32874331390
2059.32874331390
2059.32874331390
2059.32874331390
2059.32874331390
2059.32874331390
2059.32874331390
2059.32874331390
2059.32874331390
2059.32874331390
2059.32874331390
2059.32874331390
2059.32874331390
2059.32874331390
2059.32874331390
2059.32874331390
2059.32874331390
2059.32874331390
2059.32874331390
2059.32874331390
2059.32874331390
2059.32874331390
2059.32874331390
2059.32874331390
2059.32874331390
2059.32874331390
2059.32874331390
2059.32874331390
2059.32874331390
2059.32874331390
2059.32874331390
2059.32874331390
2059.32874331390
2059.32874331390
2059.32874331390
2059.32874331390
2059.32874331390
2059.32874331390
2059.32874331390
2014.58152436438
2014.58152436438
2014.58152436438
2014.58152436438
2014.58152436438
2014.58152436438
2014.58152436438
2014.58152436438
2014.58152436438
2014.58152436438
2014.58152436438
2014.58152436438
2014.58152436438
2014.58152436438
2014.58152436438
2014.58152436438
2014.58152436438
2014.58152436438
2014.58152436438
2014.58152436438
2014.58152436438
2014.58152436438
2014.58152436438
2014.58152436438
2014.58152436438
2014.58152436438
2014.58152436438
2014.58152436438
2014.58152436438
2014.58152436438
2014.58152436438
2014.58152436438
2014.58152436438
2014.58152436438
2014.58152436438
2014.58152436438
2014.58152436438
2014.58152436438
2014.58152436438
2014.58152436438
2014.58152436438
2014.58152436438
2014.58152436438
2014.58152436438
2014.58152436438
2014.58152436438
2014.58152436438
2014.58152436438
2014.58152436438
2014.58152436438
2014.58152436438
2014.58152436438
2014.58152436438
2014.58152436438
2014.58152436438
2014.58152436438
2014.58152436438
2014.58152436438
2014.58152436438
2014.58152436438
2014.58152436438
2014.58152436438
2014.58152436438
2014.58152436438
2014.58152436438
2014.58152436438
2014.58152436438
2014.58152436438
2014.58152436438
2014.58152436438
2014.58152436438
2014.58152436438
2014.58152436438
2014.58152436438
2014.58152436438
2014.58152436438
2014.58152436438
2014.58152436438
2014.58152436438
2014.58152436438
2014.58152436438
2014.58152436438
2014.58152436438
2014.58152436438
2014.58152436438
2014.58152436438
2014.58152436438
2014.58152436438
2014.58152436438
2014.58152436438
2014.58152436438
2014.58152436438
2014.58152436438
2014.58152436438
2014.58152436438
2014.58152436438
2014.58152436438
2014.58152436438
2014.58152436438
2014.58152436438
2014.58152436438
2014.58152436438
2014.58152436438
2014.58152436438
2014.58152436438
2014.58152436438
2014.58152436438
2014.58152436438

ave
2352.04779407052
2440.84172185143
2358.08479341123
2411.20975194673
2411.59409505274
2417.59638878787
2336.34819020784
2424.88963960138
2357.59128389545
2355.30564102490
2414.70540243933
2443.79204157827
2379.73596654173
2344.92500021607
2397.29453237834
2328.82013584204
2470.12621554964
2319.47665292092
2335.73612717592
2390.34821632529
2403.27519608325
2481.89662313124
2406.72683457694
2437.85514483619
2376.33315273417
2365.98279339531
2268.96860474602
2369.26451129205
2172.19144521984
2276.56411263320
2328.67612743907
2172.82182035410
2185.93420866071
2225.82209898169
2320.38275535959
2211.08728681710
2273.07856241194
2225.95126288678
2252.44343657675
2278.30974358103
2327.11266033757
2290.80461526289
2182.68684798189
2236.95583073151
2250.90189440292
2309.10973634039
2234.83987016277
2237.55861221488
2322.51568080003
2207.52549974845
2361.27881414015
2193.58076189624
2148.71255938428
2167.95041601924
2262.50609591540
2174.74317359676
2295.19486244086
2200.74611922076
2189.15979595791
2206.82205113896
2268.96770473424
2238.81145109936
2283.88590143165
2349.68878416011
2308.35638629825
2316.15703962107
2181.29597055193
2282.59897206565
2258.89854071672
2260.79892338592
2316.57323738546
2173.99659440848
2300.47508202173
2324.12614166745
2233.74281669175
2269.27705052976
2217.35115134999
2237.62237964647
2232.86337805702
2253.77196803561
2137.48336147819
2231.41885318216
2262.33183602628
2402.10022812289
2329.61951147489
2286.28421058362
2475.88452650326
2261.38857953689
2316.20740440862
2330.68203977694
2254.93915260117
2249.06089558481
2277.99650925868
2231.05381264133
2224.46289001104
2368.82740407339
2239.80372837147
2248.28568974352
2397.70007664364
2212.55918798089
2287.48887809046
2260.49874105943
2195.57606627786
2267.83054035454
2106.11331027653
2198.99486239858
2250.46488312242
2308.00290051476
2276.34197879626
2267.79983080039
2361.01474894094
2220.97757130557
2178.93754637769
2293.90861349979
2304.76771381661
2172.48505001763
2172.35709956572
2239.44865925932
2243.46787972364
2162.18991782669
2266.86401607487
2196.19488075500
2238.14524798215
2263.87673252492
2206.85855070666
2258.27053971780
2253.49486678986
2241.98259038788
2201.56239152770
2218.54758759639
2281.82984698541
2221.85500561442
2169.50826340988
2261.27702653672
2190.71926370017
2417.77406440161
2294.80734848676
2225.80130655106
2358.34353478810
2184.96230831633
2264.59052027084
2299.38929549028
2330.63691492300
2365.06591693991
2307.50949566046
2275.83155101717
2265.82308607030
2326.43526980187
2287.96142657408
2353.32033003135
2295.54801680973
2184.86248524560
2238.69183848959
2137.01888559965
2183.66379645483
2147.35218331366
2246.41225146732
2233.80714764713
2268.61418326789
2285.27181066601
2217.20625676086
2244.96045849554
2224.38641526634
2260.81092582400
2305.03852577084
2279.91459226651
2230.72688832896
2204.98314059601
2252.96132220735
2178.53281295386
2197.11788511532
2234.34649841273
2299.62826648730
2206.28851391611
2224.18132644463
2234.39853044734
2293.49756215777
2242.07950152512
2293.77340984133
2223.05580931247
2295.13632473858
2316.17828130094
2322.09822173029
2307.68943405017
2345.14737810424
2316.96102472914
2267.17404440211
2294.15812791741
2296.58629468487
2250.49344965432
2337.63451680168
2288.69414315155
2297.82824024589
2244.43322637103
2291.86559767811
2266.12970079043
2354.86575276952
2304.37735149327
2229.52989119941
2197.52554536400