最优解为:1122.7494
最优解路径:

Best_route =

    13    14    19    20     1     2     5     6     4    11    12     0     0     0     0     0     0     0     0     0     0
     9    10     7     8    15    16    17    18     3     0     0     0     0     0     0     0     0     0     0     0     0

本次运算用时:10.282秒
算法在第82代时收敛

best
1165.13690110457
1165.13690110457
1165.13690110457
1150.34102956826
1150.34102956826
1137.23706873746
1131.72591094374
1131.72591094374
1131.72591094374
1131.72591094374
1131.72591094374
1131.72591094374
1128.78936895507
1128.78936895507
1128.78936895507
1128.78936895507
1128.78936895507
1128.78936895507
1128.78936895507
1128.78936895507
1128.78936895507
1128.78936895507
1128.78936895507
1126.28040475097
1126.28040475097
1126.28040475097
1126.28040475097
1126.28040475097
1126.28040475097
1126.28040475097
1126.28040475097
1126.28040475097
1126.28040475097
1126.28040475097
1126.28040475097
1126.28040475097
1126.28040475097
1126.28040475097
1126.28040475097
1126.28040475097
1126.28040475097
1126.28040475097
1126.28040475097
1126.28040475097
1126.28040475097
1126.28040475097
1126.28040475097
1126.28040475097
1126.28040475097
1126.28040475097
1126.28040475097
1126.28040475097
1126.28040475097
1126.28040475097
1126.28040475097
1126.28040475097
1126.28040475097
1126.28040475097
1126.28040475097
1126.28040475097
1126.28040475097
1126.28040475097
1126.28040475097
1126.28040475097
1126.28040475097
1126.28040475097
1126.28040475097
1126.28040475097
1126.28040475097
1126.28040475097
1126.28040475097
1126.28040475097
1126.28040475097
1126.28040475097
1126.28040475097
1126.28040475097
1126.28040475097
1126.28040475097
1126.28040475097
1126.28040475097
1126.28040475097
1122.74942148216
1122.74942148216
1122.74942148216
1122.74942148216
1122.74942148216
1122.74942148216
1122.74942148216
1122.74942148216
1122.74942148216
1122.74942148216
1122.74942148216
1122.74942148216
1122.74942148216
1122.74942148216
1122.74942148216
1122.74942148216
1122.74942148216
1122.74942148216
1122.74942148216
1122.74942148216
1122.74942148216
1122.74942148216
1122.74942148216
1122.74942148216
1122.74942148216
1122.74942148216
1122.74942148216
1122.74942148216
1122.74942148216
1122.74942148216
1122.74942148216
1122.74942148216
1122.74942148216
1122.74942148216
1122.74942148216
1122.74942148216
1122.74942148216
1122.74942148216
1122.74942148216
1122.74942148216
1122.74942148216
1122.74942148216
1122.74942148216
1122.74942148216
1122.74942148216
1122.74942148216
1122.74942148216
1122.74942148216
1122.74942148216
1122.74942148216
1122.74942148216
1122.74942148216
1122.74942148216
1122.74942148216
1122.74942148216
1122.74942148216
1122.74942148216
1122.74942148216
1122.74942148216
1122.74942148216
1122.74942148216
1122.74942148216
1122.74942148216
1122.74942148216
1122.74942148216
1122.74942148216
1122.74942148216
1122.74942148216
1122.74942148216
1122.74942148216
1122.74942148216
1122.74942148216
1122.74942148216
1122.74942148216
1122.74942148216
1122.74942148216
1122.74942148216
1122.74942148216
1122.74942148216
1122.74942148216
1122.74942148216
1122.74942148216
1122.74942148216
1122.74942148216
1122.74942148216
1122.74942148216
1122.74942148216
1122.74942148216
1122.74942148216
1122.74942148216
1122.74942148216
1122.74942148216
1122.74942148216
1122.74942148216
1122.74942148216
1122.74942148216
1122.74942148216
1122.74942148216
1122.74942148216
1122.74942148216
1122.74942148216
1122.74942148216
1122.74942148216
1122.74942148216
1122.74942148216
1122.74942148216
1122.74942148216
1122.74942148216
1122.74942148216
1122.74942148216
1122.74942148216
1122.74942148216
1122.74942148216
1122.74942148216
1122.74942148216
1122.74942148216
1122.74942148216
1122.74942148216
1122.74942148216

ave
1240.97719209246
1239.92121152657
1266.73174055085
1264.29702189490
1249.34805642705
1200.52185301862
1213.08442753773
1220.57881189911
1238.25664225291
1202.14411687112
1263.97763435190
1215.47255574003
1235.05577370398
1306.50662510977
1275.42155098584
1258.68309281903
1263.86424391749
1294.89266092092
1260.57026974582
1235.73088106028
1275.23350921549
1255.67576096308
1242.22938205825
1278.60886282265
1225.67184004562
1228.05424489895
1252.03690727969
1246.53560595515
1235.97547287853
1265.31696509548
1217.56571150570
1229.73369154972
1210.26969888840
1263.92733122346
1255.59390174177
1226.96691794727
1232.79533652772
1214.79804237906
1254.78219251655
1189.04355614443
1204.53590699274
1234.10070949793
1233.21810623502
1218.35958782740
1207.92710868426
1172.18516597707
1220.65556471854
1261.39973817576
1251.63037973170
1197.51826859155
1222.06424360455
1208.15878455112
1212.24207131410
1179.21982165171
1206.00693303647
1240.63043384443
1204.57651299448
1204.19042713499
1193.38960088128
1231.88694442411
1218.36998347300
1210.91123623814
1229.03120451424
1229.32694323591
1249.80498787793
1178.11212972372
1176.46025187496
1217.05507292061
1253.88213079620
1171.39641088278
1237.14200909979
1234.58696507666
1256.72991252919
1245.64115387543
1225.17920721152
1312.36553605564
1218.50002724691
1209.05188029098
1244.12644453833
1226.78876318441
1305.68307864853
1288.40974601994
1298.96869659327
1285.54822225268
1234.72141585547
1196.47135688849
1178.17501200942
1223.59056661307
1198.25334315684
1225.34499178903
1283.83102021858
1234.17110941002
1206.27793915134
1229.95139947349
1228.73414111150
1187.03375681540
1231.53132609360
1194.21668742911
1239.30584422043
1231.79669959692
1293.65952749515
1272.87777788440
1305.98347831638
1285.75211977306
1276.56022162572
1287.27131050610
1232.36709993016
1285.12422329504
1247.16077221590
1273.99435603772
1245.98100594248
1173.92364062232
1251.57116396035
1264.75185430371
1192.26549923805
1229.99628062729
1258.02750902224
1262.50637647116
1261.06532116430
1187.48089940921
1207.50533078247
1213.81064330218
1212.82305425298
1230.84045153747
1231.71407631244
1264.50195897686
1276.37603768065
1223.81565404404
1229.62350118437
1284.47520779630
1254.88893982929
1263.23149415769
1237.99257175806
1301.98879972992
1272.15033916771
1209.47790087504
1276.20101701476
1249.41694086905
1271.71000328150
1216.65186014818
1210.38549402274
1216.06137039451
1252.57531036491
1222.00639024819
1261.68778171251
1241.72453125049
1226.86747136112
1247.19388815689
1200.42692484753
1237.44768980480
1219.73159881027
1282.98437921887
1242.24873202750
1290.79069847741
1223.29331963135
1244.99123385087
1205.75632193156
1232.34242144990
1266.51043403805
1246.10190610026
1274.09075443347
1233.61504144675
1255.68253215312
1225.65147192391
1279.11740327016
1209.97800369760
1226.35859967754
1226.26369335265
1237.21455694803
1236.83579492488
1232.75810061108
1258.56483828605
1203.13590799824
1211.08051489090
1210.06237194093
1232.47480607910
1231.46773363650
1201.19158733585
1181.94061741822
1211.05156684518
1213.87926345471
1253.48563592139
1281.24032640477
1294.41609763996
1220.22724468332
1292.32347362863
1217.59852944796
1208.24864457513
1253.32542160908
1219.45029050148
1305.99485812837
1229.08145352436
1220.26968492935
1298.09543211916
1248.81190357977
1263.82814619078
1242.76307427134
1200.83750471211
1233.51581768911
1204.47762208175