最优解为:850.6505
最优解路径:

Best_route =

     9    10     3     4     2     5     6     0     0     0     0
     7     8     1     0     0     0     0     0     0     0     0

本次运算用时:2.94秒
算法在第3代时收敛

best
901.516091172062
857.330452709745
850.650490776575
850.650490776575
850.650490776575
850.650490776575
850.650490776575
850.650490776575
850.650490776575
850.650490776575
850.650490776575
850.650490776575
850.650490776575
850.650490776575
850.650490776575
850.650490776575
850.650490776575
850.650490776575
850.650490776575
850.650490776575
850.650490776575
850.650490776575
850.650490776575
850.650490776575
850.650490776575
850.650490776575
850.650490776575
850.650490776575
850.650490776575
850.650490776575
850.650490776575
850.650490776575
850.650490776575
850.650490776575
850.650490776575
850.650490776575
850.650490776575
850.650490776575
850.650490776575
850.650490776575
850.650490776575
850.650490776575
850.650490776575
850.650490776575
850.650490776575
850.650490776575
850.650490776575
850.650490776575
850.650490776575
850.650490776575
850.650490776575
850.650490776575
850.650490776575
850.650490776575
850.650490776575
850.650490776575
850.650490776575
850.650490776575
850.650490776575
850.650490776575
850.650490776575
850.650490776575
850.650490776575
850.650490776575
850.650490776575
850.650490776575
850.650490776575
850.650490776575
850.650490776575
850.650490776575
850.650490776575
850.650490776575
850.650490776575
850.650490776575
850.650490776575
850.650490776575
850.650490776575
850.650490776575
850.650490776575
850.650490776575
850.650490776575
850.650490776575
850.650490776575
850.650490776575
850.650490776575
850.650490776575
850.650490776575
850.650490776575
850.650490776575
850.650490776575
850.650490776575
850.650490776575
850.650490776575
850.650490776575
850.650490776575
850.650490776575
850.650490776575
850.650490776575
850.650490776575
850.650490776575

ave
1379.10931163129
1158.56592506049
1161.90206425399
1095.38310973993
1115.62498938099
1092.26704529893
1271.96518388267
1047.32007217797
1109.71508210089
1108.66465003248
1251.77557779552
1270.59035592373
1292.79211470125
1369.13066384648
1308.28839744568
1266.59672963368
1374.33632684540
1459.71245288165
1140.55329566181
1093.42693727457
1206.58829713376
1113.03518908973
1103.81303993982
976.416460848179
958.571552585358
917.276041889456
1004.89785705571
980.665486728143
873.906073872531
905.971763432019
1078.61837669563
908.936318869423
956.307896436975
863.239032376568
919.395431178460
871.321092140450
916.030902157245
1039.54436752320
968.083918531756
955.800811045566
858.435725818741
958.410176846785
958.248321975644
936.817104037235
902.683268199202
869.866455982683
875.152315808277
916.551214310072
914.855051758790
905.446734049413
903.361027878840
864.105774719448
954.653256691055
958.458025730110
859.343542647550
914.573443455675
913.803856031271
859.704268224580
946.663646533262
903.968117518016
1012.15311365320
865.555049889907
905.519786564190
956.227532982662
912.197171108822
912.409702890546
859.595896626396
912.046279180995
868.592340675386
952.149879097956
909.735378852616
944.953512229061
870.938245029814
1003.20363317509
1006.43497710951
906.194798893044
973.445655767298
870.200454079341
872.307721478313
862.608384374426
1008.02580161459
949.638586940134
994.646200089116
882.806056906826
946.828796055518
955.955505461781
875.506888776702
901.232199251470
952.958277882370
902.194486264949
921.165094657033
918.351843234267
960.376387608698
914.204963414023
918.141566311361
948.131044826244
906.907159337817
1033.12949138060
862.851706160554
902.892577119476