最优解为:892.0254
最优解路径:

Best_route =

    15    16     9    13    14     7     8     5     0     0     0     0     0     0     0     0     0
     1     3     2     4    10    11    12     6     0     0     0     0     0     0     0     0     0

本次运算用时:7.795秒
算法在第174代时收敛

best
947.308843637845
943.120705843543
943.120705843543
911.342315757017
911.342315757017
911.342315757017
911.342315757017
911.342315757017
911.342315757017
911.342315757017
911.342315757017
911.342315757017
911.342315757017
911.342315757017
911.342315757017
911.342315757017
911.342315757017
911.342315757017
911.342315757017
911.342315757017
911.342315757017
911.342315757017
911.342315757017
911.342315757017
911.342315757017
911.342315757017
911.342315757017
911.342315757017
911.342315757017
911.342315757017
911.342315757017
911.342315757017
911.342315757017
911.342315757017
911.342315757017
911.342315757017
911.342315757017
911.342315757017
911.342315757017
911.342315757017
911.342315757017
911.342315757017
911.342315757017
911.342315757017
911.342315757017
911.342315757017
911.342315757017
911.342315757017
911.342315757017
911.342315757017
911.342315757017
911.342315757017
911.342315757017
911.342315757017
911.342315757017
911.342315757017
911.342315757017
911.342315757017
911.342315757017
911.342315757017
911.342315757017
911.342315757017
911.342315757017
911.342315757017
911.342315757017
911.342315757017
911.342315757017
911.342315757017
911.342315757017
911.342315757017
911.342315757017
911.342315757017
911.342315757017
911.342315757017
911.342315757017
911.342315757017
911.342315757017
911.342315757017
911.342315757017
911.342315757017
911.342315757017
911.342315757017
911.342315757017
911.342315757017
911.342315757017
911.342315757017
911.342315757017
911.342315757017
911.342315757017
911.342315757017
911.342315757017
911.342315757017
911.342315757017
911.342315757017
911.342315757017
911.342315757017
911.342315757017
911.342315757017
911.342315757017
911.342315757017
911.342315757017
911.342315757017
911.342315757017
911.342315757017
911.342315757017
911.342315757017
911.342315757017
911.342315757017
911.342315757017
911.342315757017
898.622540766583
898.622540766583
898.622540766583
898.622540766583
898.622540766583
898.622540766583
898.622540766583
898.622540766583
898.622540766583
898.622540766583
898.622540766583
898.622540766583
898.622540766583
898.622540766583
898.622540766583
898.622540766583
898.622540766583
898.622540766583
898.622540766583
898.622540766583
898.622540766583
898.622540766583
898.622540766583
898.622540766583
898.622540766583
898.622540766583
898.622540766583
898.622540766583
898.622540766583
898.622540766583
898.622540766583
898.622540766583
898.622540766583
898.622540766583
898.622540766583
898.622540766583
898.622540766583
898.622540766583
898.622540766583
898.622540766583
898.622540766583
898.622540766583
898.622540766583
898.622540766583
898.622540766583
898.622540766583
898.622540766583
898.622540766583
898.622540766583
898.622540766583
898.622540766583
898.622540766583
898.622540766583
898.622540766583
898.622540766583
898.622540766583
898.622540766583
898.622540766583
898.622540766583
898.622540766583
898.622540766583
898.622540766583
898.622540766583
892.025361023969
892.025361023969
892.025361023969
892.025361023969
892.025361023969
892.025361023969
892.025361023969
892.025361023969
892.025361023969
892.025361023969
892.025361023969
892.025361023969
892.025361023969
892.025361023969
892.025361023969
892.025361023969
892.025361023969
892.025361023969
892.025361023969
892.025361023969
892.025361023969
892.025361023969
892.025361023969
892.025361023969
892.025361023969
892.025361023969
892.025361023969

ave
1089.89276358058
1106.73711190291
1162.13914580631
1171.24264588931
1120.10310298197
1085.59737466948
1073.09246445678
1104.33892553216
1146.83190303681
1067.27570088614
1101.92756206497
1076.01061578022
1132.94997496270
1073.91482375193
1121.68190496800
1094.59186300778
1106.81495977295
1087.36972528036
1057.35551060408
1150.69229619720
1112.16199706468
1135.82368389607
1108.26392675755
1070.28045812473
1057.41715250885
1072.94177445282
1057.90846773467
1107.98277202557
1125.39537455321
1088.12584401820
1172.99636676945
1108.85262801527
1161.98116578562
1107.63911328963
1256.49128751936
1171.23046432172
1106.14122666816
1129.42638793361
1098.74655830672
1007.08901545525
1000.96355694287
987.919289697880
1042.69078564232
1044.95663432439
1054.16001243172
1105.82736194132
1059.18708324496
1035.59406328448
991.173434180252
984.470170158197
997.151714214592
1003.04620458188
993.337779990100
984.202934088188
1009.41418374334
946.974294449999
981.636844548285
988.008397050213
990.732865289376
976.884603959529
984.033650451249
1046.60888801663
1000.73231087509
954.445320881823
968.203789880148
991.980474806526
960.905124216107
987.433187199376
971.849608954814
964.915927511146
958.822486839480
967.733685635451
961.562118218527
1027.11957308595
986.164206726635
967.695042291075
968.813469218834
964.088494559075
965.085352143503
972.652842048162
976.674848611458
956.163850839079
993.583921280375
1027.62117295863
962.165455131934
1012.75846163833
995.889300234473
962.974333047314
982.891815317391
969.125184336707
982.379448582187
988.703790182122
954.516192476316
1021.42209225187
968.377490032664
999.184844958711
964.598783035104
970.412633436826
1023.44810683055
1020.15749366341
934.509687991271
980.982724556725
954.867047746894
955.182412229671
992.994260792665
980.927385734082
1000.43616993217
995.304129590439
976.240345219491
967.553703914441
976.326047853130
988.592956735449
1046.65726702075
1009.24205980150
1005.74604733845
987.770127593490
1036.73489364345
1020.90981877157
1009.83003578411
960.289080058718
966.282853631786
991.762167955531
1016.85898516222
969.086290161671
1021.09199851377
998.659899769327
990.462294846910
976.211965951752
988.718029560518
990.626102536252
975.759853591034
970.524966591021
989.175642071030
978.521079800025
964.911030615135
991.989133165792
984.749207611058
954.829349098854
958.932860813111
979.184125179713
980.443784158025
965.614386570114
948.171464008484
992.936828387821
997.922643393545
979.002608298081
959.609931844868
959.316465927306
965.666452903963
957.420001993479
973.112157123875
977.892743723516
989.213928467924
991.623952234538
998.210326778107
978.505413916895
958.105292395070
958.754574548370
975.675692390638
1007.75713470002
1003.07359544740
973.846484149364
972.051646101810
968.409942755257
975.521354943547
960.816239211948
936.309114587117
934.973160327359
941.688378715787
938.799910855700
962.404425378704
959.646680366372
937.576147655299
962.459302983938
954.398788459748
955.724167658392
940.563544497314
944.380459369472
954.451056644805
984.937830808208
951.206607559485
974.780408164226
942.031668885397
963.669836147930
1023.78723629571
977.957506843701
960.933267498528
956.233306453340
989.980542775533
937.212583195885
956.060790956353
958.289718622862
940.285582414925
949.777466532597
1005.30817081013
951.977309669315
970.110014355776
936.688684656696
968.337643431266
972.569881884172