最优解为:678.8627
最优解路径:

Best_route =

    16    11    19     4    12    10     0     0     0     0     0     0     0     0     0     0     0     0     0     0     0
     0     0     0     0     0     0     0     0     0     0     0     0     0     0     0     0     0     0     0     0     0
     0     0     0     0     0     0     0     0     0     0     0     0     0     0     0     0     0     0     0     0     0
     0     0     0     0     0     0     0     0     0     0     0     0     0     0     0     0     0     0     0     0     0
     2    13     9     5     8     7    18     1    15    17     3     6    14    20     0     0     0     0     0     0     0

本次运算用时:36.468秒
算法在第289代时收敛

best
703.297949278298
698.654652666697
698.654652666697
698.654652666697
693.578751556413
693.578751556413
693.454050458491
693.454050458491
693.454050458491
689.764241681655
689.764241681655
689.699876944207
688.714529126181
688.714529126181
688.714529126181
688.714529126181
686.415492146475
686.415492146475
685.486481723391
684.248366617970
684.248366617970
684.248366617970
684.248366617970
684.248366617970
684.248366617970
684.248366617970
684.248366617970
683.227802497175
682.097984253389
680.954807779536
680.954807779536
680.954807779536
680.510856197396
679.868106360844
679.868106360844
679.868106360844
679.868106360844
679.868106360844
679.868106360844
679.868106360844
679.868106360844
679.868106360844
679.868106360844
679.868106360844
679.868106360844
679.868106360844
679.868106360844
679.868106360844
679.868106360844
679.868106360844
679.868106360844
679.868106360844
679.868106360844
679.868106360844
679.868106360844
679.868106360844
679.868106360844
679.868106360844
679.868106360844
679.868106360844
679.868106360844
679.868106360844
679.868106360844
679.868106360844
679.868106360844
679.868106360844
679.868106360844
679.868106360844
679.868106360844
679.868106360844
679.868106360844
679.868106360844
679.868106360844
679.868106360844
679.868106360844
679.868106360844
679.868106360844
679.868106360844
679.868106360844
679.868106360844
679.868106360844
679.868106360844
679.868106360844
679.868106360844
679.868106360844
679.868106360844
679.868106360844
679.868106360844
679.868106360844
679.868106360844
679.868106360844
679.868106360844
679.868106360844
679.868106360844
679.868106360844
679.868106360844
679.868106360844
679.868106360844
679.868106360844
679.868106360844
679.868106360844
679.868106360844
679.868106360844
679.868106360844
679.868106360844
679.868106360844
679.868106360844
679.868106360844
679.868106360844
679.868106360844
679.868106360844
679.868106360844
679.868106360844
679.868106360844
679.868106360844
679.868106360844
679.868106360844
679.868106360844
679.868106360844
679.868106360844
679.868106360844
679.868106360844
679.868106360844
679.868106360844
679.868106360844
679.868106360844
679.868106360844
679.868106360844
679.868106360844
679.868106360844
679.868106360844
679.868106360844
679.868106360844
679.868106360844
679.868106360844
679.868106360844
679.868106360844
679.868106360844
679.868106360844
679.868106360844
679.868106360844
679.868106360844
679.868106360844
679.868106360844
679.868106360844
679.868106360844
679.868106360844
679.868106360844
679.868106360844
679.868106360844
679.868106360844
679.868106360844
679.868106360844
679.868106360844
679.868106360844
679.868106360844
679.868106360844
679.868106360844
679.868106360844
679.868106360844
679.868106360844
679.868106360844
679.868106360844
679.868106360844
679.868106360844
679.868106360844
679.868106360844
679.868106360844
679.868106360844
679.868106360844
679.868106360844
679.868106360844
679.868106360844
679.868106360844
679.868106360844
679.868106360844
679.868106360844
679.868106360844
679.868106360844
679.868106360844
679.868106360844
679.868106360844
679.868106360844
679.868106360844
679.868106360844
679.868106360844
679.868106360844
679.868106360844
679.868106360844
679.868106360844
679.868106360844
679.868106360844
679.868106360844
679.868106360844
679.868106360844
679.868106360844
679.868106360844
679.868106360844
679.868106360844
679.868106360844
679.868106360844
679.868106360844
679.868106360844
679.868106360844
679.868106360844
679.868106360844
679.868106360844
679.868106360844
679.868106360844
679.868106360844
679.868106360844
679.868106360844
679.868106360844
679.868106360844
679.868106360844
679.868106360844
679.868106360844
679.868106360844
679.868106360844
679.868106360844
679.868106360844
679.868106360844
679.868106360844
679.868106360844
679.868106360844
679.868106360844
679.868106360844
679.868106360844
679.868106360844
679.868106360844
679.868106360844
679.868106360844
679.868106360844
679.868106360844
679.868106360844
679.868106360844
679.868106360844
679.868106360844
679.868106360844
679.868106360844
679.868106360844
679.868106360844
679.868106360844
679.868106360844
679.868106360844
679.868106360844
679.868106360844
679.868106360844
679.658169723462
679.658169723462
679.658169723462
679.658169723462
679.658169723462
679.658169723462
679.658169723462
679.658169723462
679.658169723462
679.658169723462
679.658169723462
679.658169723462
679.658169723462
679.658169723462
679.658169723462
679.658169723462
679.658169723462
679.658169723462
679.658169723462
679.658169723462
679.658169723462
679.658169723462
679.658169723462
679.658169723462
679.658169723462
679.658169723462
679.658169723462
679.658169723462
679.658169723462
679.658169723462
679.658169723462
679.658169723462
679.658169723462
679.658169723462
679.658169723462
679.658169723462
679.658169723462
679.658169723462
679.658169723462
679.658169723462
678.862689683964
678.862689683964
678.862689683964
678.862689683964
678.862689683964
678.862689683964
678.862689683964
678.862689683964
678.862689683964
678.862689683964
678.862689683964
678.862689683964
678.862689683964
678.862689683964
678.862689683964
678.862689683964
678.862689683964
678.862689683964
678.862689683964
678.862689683964
678.862689683964
678.862689683964
678.862689683964
678.862689683964
678.862689683964
678.862689683964
678.862689683964
678.862689683964
678.862689683964
678.862689683964
678.862689683964
678.862689683964
678.862689683964
678.862689683964
678.862689683964
678.862689683964
678.862689683964
678.862689683964
678.862689683964
678.862689683964
678.862689683964
678.862689683964
678.862689683964
678.862689683964
678.862689683964
678.862689683964
678.862689683964
678.862689683964
678.862689683964
678.862689683964
678.862689683964
678.862689683964
678.862689683964
678.862689683964
678.862689683964
678.862689683964
678.862689683964
678.862689683964
678.862689683964
678.862689683964
678.862689683964
678.862689683964
678.862689683964
678.862689683964
678.862689683964
678.862689683964
678.862689683964
678.862689683964
678.862689683964
678.862689683964
678.862689683964
678.862689683964
678.862689683964
678.862689683964
678.862689683964
678.862689683964
678.862689683964
678.862689683964
678.862689683964
678.862689683964
678.862689683964
678.862689683964
678.862689683964
678.862689683964
678.862689683964
678.862689683964
678.862689683964
678.862689683964
678.862689683964
678.862689683964
678.862689683964
678.862689683964
678.862689683964
678.862689683964
678.862689683964
678.862689683964
678.862689683964
678.862689683964
678.862689683964
678.862689683964
678.862689683964
678.862689683964
678.862689683964
678.862689683964
678.862689683964
678.862689683964
678.862689683964
678.862689683964
678.862689683964
678.862689683964
678.862689683964
678.862689683964
678.862689683964
678.862689683964
678.862689683964
678.862689683964
678.862689683964
678.862689683964
678.862689683964
678.862689683964
678.862689683964
678.862689683964
678.862689683964
678.862689683964
678.862689683964
678.862689683964
678.862689683964
678.862689683964
678.862689683964
678.862689683964
678.862689683964
678.862689683964
678.862689683964
678.862689683964
678.862689683964
678.862689683964
678.862689683964
678.862689683964
678.862689683964
678.862689683964
678.862689683964
