最优解为:828.6743
最优解路径:

Best_route =

     5    13    14     6    15    16    10     8     0     0     0     0     0     0     0     0     0
    11     3     4     1    12     9     2     7     0     0     0     0     0     0     0     0     0

本次运算用时:9.985秒
算法在第2代时收敛

best
860.105315365940
828.674280643024
828.674280643024
828.674280643024
828.674280643024
828.674280643024
828.674280643024
828.674280643024
828.674280643024
828.674280643024
828.674280643024
828.674280643024
828.674280643024
828.674280643024
828.674280643024
828.674280643024
828.674280643024
828.674280643024
828.674280643024
828.674280643024
828.674280643024
828.674280643024
828.674280643024
828.674280643024
828.674280643024
828.674280643024
828.674280643024
828.674280643024
828.674280643024
828.674280643024
828.674280643024
828.674280643024
828.674280643024
828.674280643024
828.674280643024
828.674280643024
828.674280643024
828.674280643024
828.674280643024
828.674280643024
828.674280643024
828.674280643024
828.674280643024
828.674280643024
828.674280643024
828.674280643024
828.674280643024
828.674280643024
828.674280643024
828.674280643024
828.674280643024
828.674280643024
828.674280643024
828.674280643024
828.674280643024
828.674280643024
828.674280643024
828.674280643024
828.674280643024
828.674280643024
828.674280643024
828.674280643024
828.674280643024
828.674280643024
828.674280643024
828.674280643024
828.674280643024
828.674280643024
828.674280643024
828.674280643024
828.674280643024
828.674280643024
828.674280643024
828.674280643024
828.674280643024
828.674280643024
828.674280643024
828.674280643024
828.674280643024
828.674280643024
828.674280643024
828.674280643024
828.674280643024
828.674280643024
828.674280643024
828.674280643024
828.674280643024
828.674280643024
828.674280643024
828.674280643024
828.674280643024
828.674280643024
828.674280643024
828.674280643024
828.674280643024
828.674280643024
828.674280643024
828.674280643024
828.674280643024
828.674280643024
828.674280643024
828.674280643024
828.674280643024
828.674280643024
828.674280643024
828.674280643024
828.674280643024
828.674280643024
828.674280643024
828.674280643024
828.674280643024
828.674280643024
828.674280643024
828.674280643024
828.674280643024
828.674280643024
828.674280643024
828.674280643024
828.674280643024
828.674280643024
828.674280643024
828.674280643024
828.674280643024
828.674280643024
828.674280643024
828.674280643024
828.674280643024
828.674280643024
828.674280643024
828.674280643024
828.674280643024
828.674280643024
828.674280643024
828.674280643024
828.674280643024
828.674280643024
828.674280643024
828.674280643024
828.674280643024
828.674280643024
828.674280643024
828.674280643024
828.674280643024
828.674280643024
828.674280643024
828.674280643024
828.674280643024
828.674280643024
828.674280643024
828.674280643024
828.674280643024
828.674280643024
828.674280643024
828.674280643024
828.674280643024
828.674280643024
828.674280643024
828.674280643024
828.674280643024
828.674280643024
828.674280643024
828.674280643024
828.674280643024
828.674280643024
828.674280643024
828.674280643024
828.674280643024
828.674280643024
828.674280643024
828.674280643024
828.674280643024
828.674280643024
828.674280643024
828.674280643024
828.674280643024
828.674280643024
828.674280643024
828.674280643024
828.674280643024
828.674280643024
828.674280643024
828.674280643024
828.674280643024
828.674280643024
828.674280643024
828.674280643024
828.674280643024
828.674280643024
828.674280643024
828.674280643024
828.674280643024
828.674280643024
828.674280643024
828.674280643024
828.674280643024
828.674280643024
828.674280643024
828.674280643024
828.674280643024
828.674280643024

ave
931.769252424402
960.351198360620
977.550314413727
971.647042021724
1004.14167808344
1003.64042464154
970.022408002672
1007.44466518645
1001.77389779159
987.004039919595
981.211466913769
984.082330184019
993.186267838390
948.686535816755
957.919659344212
1001.19779753987
959.466803640175
944.882867382616
943.053542542186
949.868322648097
951.368909049489
976.640169064149
931.860435089280
954.339172652635
918.609074089363
915.475030482045
943.255863181228
923.548544880835
913.858920523319
902.917537010507
918.567472818250
919.140848522467
915.508489673498
903.860509131254
913.386293799983
900.619690288760
916.266774763203
910.138681098501
913.334688813570
908.126777043159
894.302695149489
902.167386778887
929.581727295966
900.809366152796
897.077265921087
895.909647382017
900.448985516482
893.439560182304
898.564206372827
912.564361429954
902.479637661674
899.201638722777
901.425557776466
901.609412665193
901.365649288931
904.834224435711
898.516459036138
898.723619586722
896.081589884513
900.281132706587
904.709181732915
901.365649288931
900.281132706587
902.067807900697
896.081589884513
901.365649288931
893.439560182304
904.218323382954
901.158825801060
896.081589884513
900.891488764627
901.365649288931
911.924427445818
896.081589884513
893.439560182304
893.439560182304
913.173405111975
900.281132706587
900.281132706587
896.081589884513
898.516796098851
897.639103004378
893.439560182304
902.923162408796
902.923162408796
898.766744733379
898.517337522587
896.081589884513
898.723619586722
901.045510541263
898.723619586722
896.081589884513
908.085845616729
896.081589884513
905.565192111005
896.081589884513
893.439560182304
902.923162408796
901.365649288931
898.723619586722
898.723619586722
898.723619586722
896.081589884513
900.281132706587
898.564206372827
905.510346232745
893.439560182304
900.978248058863
896.305996817522
893.439560182304
896.964921400064
900.030494742856
896.081589884513
913.454098331476
893.439560182304
896.081589884513
901.164464222138
896.081589884513
898.723619586722
896.081589884513
893.439560182304
904.480675528661
896.081589884513
896.081589884513
903.718198344992
902.079059201550
893.439560182304
896.081589884513
896.258625410399
893.439560182304
895.874429333929
902.923162408796
905.177790880937
901.158488738348
891.718100943297
896.081589884513
893.439560182304
893.439560182304
898.723619586722
898.723619586722
907.907580777990
903.623574991475
893.439560182304
897.702492841807
898.723619586722
898.723619586722
898.723619586722
896.081589884513
896.081589884513
898.723619586722
898.723619586722
894.569981280967
901.535816839074
911.628924703807
902.716001858213
913.077634241892
901.464297914608
904.538974316316
896.081589884513
893.439560182304
907.971768947239
905.565192111005
893.439560182304
896.081589884513
901.838645826452
900.527209529266
901.365649288931
904.093512027456
901.365649288931
901.158488738348
896.081589884513
914.578514787176
902.176100767578
901.412100941393
893.439560182304
893.439560182304
893.290065777002
917.690824039707
926.820282884406
918.257780830367
919.859857204395
929.482414914625
930.467402841301
925.178861319101
930.607655980770
926.898051357697
931.482516621498
953.359419844013
917.011954165663
952.311287337461
924.130620130607
954.005452536857
951.032580476359
932.110071896830
941.397052494304
919.360990280972
936.059429723734
913.837397251953
920.180102852814
934.235234321603