最优解为:870.7019
最优解路径:

Best_route =

     7     8     0     0     0     0     0     0     0     0     0     0     0
    11     5     6     1    12     3     4     2     9    10     0     0     0

本次运算用时:6.342秒
算法在第147代时收敛

best
923.069693613098
923.069693613098
923.069693613098
923.069693613098
923.069693613098
923.069693613098
923.069693613098
923.069693613098
923.069693613098
923.069693613098
923.069693613098
923.069693613098
880.769904447375
880.769904447375
880.769904447375
880.769904447375
880.769904447375
880.769904447375
880.769904447375
880.769904447375
880.769904447375
880.769904447375
880.769904447375
880.769904447375
880.769904447375
880.769904447375
880.769904447375
880.769904447375
880.769904447375
880.769904447375
880.769904447375
880.769904447375
880.769904447375
880.769904447375
880.769904447375
880.769904447375
880.769904447375
880.769904447375
880.769904447375
880.769904447375
880.769904447375
880.769904447375
880.769904447375
880.769904447375
880.769904447375
880.769904447375
880.769904447375
880.769904447375
880.769904447375
880.769904447375
880.769904447375
880.769904447375
880.769904447375
880.769904447375
880.769904447375
880.769904447375
880.769904447375
880.769904447375
880.769904447375
880.769904447375
880.769904447375
880.769904447375
880.769904447375
880.769904447375
880.769904447375
880.769904447375
880.769904447375
880.769904447375
880.769904447375
880.769904447375
880.769904447375
880.769904447375
880.769904447375
880.769904447375
880.769904447375
880.769904447375
880.769904447375
880.769904447375
880.769904447375
880.769904447375
880.769904447375
880.769904447375
880.769904447375
880.769904447375
880.769904447375
880.769904447375
880.769904447375
880.769904447375
880.769904447375
880.769904447375
880.769904447375
880.769904447375
880.769904447375
880.769904447375
880.769904447375
880.769904447375
880.769904447375
880.769904447375
880.769904447375
880.769904447375
880.769904447375
880.769904447375
880.769904447375
880.769904447375
880.769904447375
880.769904447375
880.769904447375
880.769904447375
880.769904447375
880.769904447375
880.769904447375
880.769904447375
880.769904447375
880.769904447375
880.769904447375
880.769904447375
880.769904447375
880.769904447375
880.769904447375
880.769904447375
880.769904447375
880.769904447375
880.769904447375
880.769904447375
880.769904447375
880.769904447375
880.769904447375
880.769904447375
880.769904447375
880.769904447375
880.769904447375
880.769904447375
880.769904447375
880.769904447375
880.769904447375
880.769904447375
880.769904447375
880.769904447375
880.769904447375
880.769904447375
880.769904447375
880.769904447375
880.769904447375
880.769904447375
880.769904447375
880.769904447375
870.701852206400
870.701852206400
870.701852206400
870.701852206400
870.701852206400
870.701852206400
870.701852206400
870.701852206400
870.701852206400
870.701852206400
870.701852206400
870.701852206400
870.701852206400
870.701852206400
870.701852206400
870.701852206400
870.701852206400
870.701852206400
870.701852206400
870.701852206400
870.701852206400
870.701852206400
870.701852206400
870.701852206400
870.701852206400
870.701852206400
870.701852206400
870.701852206400
870.701852206400
870.701852206400
870.701852206400
870.701852206400
870.701852206400
870.701852206400
870.701852206400
870.701852206400
870.701852206400
870.701852206400
870.701852206400
870.701852206400
870.701852206400
870.701852206400
870.701852206400
870.701852206400
870.701852206400
870.701852206400
870.701852206400
870.701852206400
870.701852206400
870.701852206400
870.701852206400
870.701852206400
870.701852206400
870.701852206400

ave
1254.03130990228
1457.64681878945
1323.02840479974
1307.63166777597
1446.61032758637
1390.66561118183
1243.63236742093
1424.68604071122
1267.06594611162
1408.56122152631
1338.64122174330
1387.77016191148
1298.72239637442
1302.44136407904
1206.36451328845
1236.40232971847
1122.47721803274
1232.22792965889
1212.01532032851
1166.34130854886
1115.01251760145
1256.69444613383
1072.57872108627
1134.31099866624
1080.67572744463
1130.45708270961
1175.30612793415
1198.41702083230
1106.48916549810
1074.09315521204
1102.04838963757
1071.04190518205
992.441314447709
1147.30615865102
1213.19249162253
1046.98230910849
1103.66813379879
1136.11001042787
1073.38847899953
1123.72787559092
1078.25817085179
1047.87978208148
1079.74960979545
1186.34372043428
950.833570182870
1153.41309342176
1006.36132332241
1123.31947833009
1005.15450686826
1172.94458274105
1039.87490116097
1017.81981990567
1050.81150836559
1068.49422299632
984.721923741547
956.583271451653
1168.53359478190
1106.33926150513
1089.65295303173
1067.63877773074
1154.56584543871
1245.72143968694
1123.16653087029
1039.87490116097
1096.83401136190
1039.87490116097
1128.91623213907
1040.21616381413
1127.99935327063
1034.12519989219
1095.40265430052
1123.72198968895
1147.85609848972
1006.36132332241
1117.41682960150
1152.59210230502
1061.88907646196
950.632434107177
978.898572090114
1061.88907646196
1034.12519989219
1006.36132332241
1061.84817050765
1006.36132332241
1061.68794038627
1037.02799694938
1061.68794038627
951.308335164769
1013.73712641677
1011.19414572276
952.843775880097
1010.77554534279
1034.49997561231
1035.53019941287
1006.26017650850
983.703898059189
951.689015448443
1066.31962671091
978.924273064341
955.437760076252
923.706394012992
951.946193116801
921.862877158938
1021.48774217261
1010.34869546567
1045.30059914832
923.405268675521
1014.65388583452
990.024211766434
1071.15244911125
925.434893334123
959.088173645502
985.300232253371
925.236035039541
1210.50033475139
1182.23419676845
1277.11168022995
1293.61450688471
1281.28314998631
1288.49439290564
954.934719237948
1020.23319686159
1047.72206642145
1009.29276923609
981.911829912414
1144.76400329066
919.046972099232
1074.92704104966
1013.06901029516
982.884789173661
952.045943220731
950.642412946512
1007.93506255735
1013.06901029516
975.644258506835
955.161818558203
979.097395553964
1035.90007520281
1009.48275275116
1012.14792309863
1013.29669584911
1003.78918640802
919.833907612020
1003.44427144879
1010.04560445717
954.803872400426
972.559741395522
1013.51218840086
953.034014809212
1012.96902103338
1096.42088086408
950.683318900826
952.129481244661
1013.10991624947
1009.78127543782
947.916518309249
1028.95566873019
987.167085420531
980.010955866197
1010.54709164048
919.750369588090
948.630810489677
978.753779421006
919.951505663783
952.849329971367
931.318034285321
983.480914739161
1007.73392648166
919.824019970740
1063.86508784828
931.519170361014
964.900310089991
952.347068558203
919.951505663783
978.554228186485
921.048992959364
988.160789679702
1003.86472095333
976.041761076094
980.503465342256
953.251602122754
1017.53143975075
986.270904292370
1015.87647763358
982.294787977199
986.224355756140
988.564860300676
958.563521827658
1039.41822269167
1072.05755373140
1008.17710458736
1036.84435716954
1008.79140750601
1013.06901029516
1007.73392648166
976.821413927302
946.971078790383
1015.38521658256
985.346039679702
982.736611295989