实验环境：
VeiNum = 5
Q_ant = 350
AntNum = 20 
iter_max = 500
抽取的客户节点编号为

Cus_select =

    10    76    88    50    59    78    65    24    20    42    61    27    18    60    69    94     6    66    85     7

各任务对应的的客户节点编号为

Task_Cus =

    10    76    88    50    59    78    65    24    20    42    61    27    18    60    69    94     6    66    85     7

cus
40	50
40	50
40	50
10	40
60	12
24	58
72	35
10	20
8	56
35	40
38	15
42	15
55	80
45	65
95	35
44	5
15	60
31	52
57	48
18	75
41	37
63	23
15	75

task
3	4	3	0	1
4	2	4	1	0
2	5	1	0	1
5	3	2	3	0
2	6	1	0	1
6	3	2	5	0
3	7	3	0	1
7	2	4	7	0
3	8	3	0	1
8	2	4	9	0
3	9	3	0	1
9	2	4	11	0
3	10	3	0	1
10	2	4	13	0
2	11	1	0	1
11	3	2	15	0
2	12	1	0	1
12	3	2	17	0
3	13	3	0	1
13	2	4	19	0
3	14	3	0	1
14	2	4	21	0
2	15	1	0	1
15	3	2	23	0
3	16	3	0	1
16	2	4	25	0
2	17	1	0	1
17	3	2	27	0
2	18	1	0	1
18	3	2	29	0
2	19	1	0	1
19	3	2	31	0
3	20	3	0	1
20	2	4	33	0
2	21	1	0	1
21	3	2	35	0
2	22	1	0	1
22	3	2	37	0
3	23	3	0	1
23	2	4	39	0

linktime
0	1.29056941504210	0.790569415042095	0	1.07354552767919	0	0.447213595499958	1.38352985235361	0.883529852353615	1.56066017177982	1.06066017177982	1.31394102980499	0.813941029804985	0.779508497187474	0.279508497187474	0	0.876427407147905	0	0.876427407147905	1.33852549156242	0.838525491562421	0.895284707521048	0.395284707521047	0	1.42521928137392	1.62943569980765	1.12943569980765	0	0.673145600891813	0	0.230488611432322	0	0.427931069215592	1.33254129026734	0.832541290267336	0	0.325960120260133	0	0.886707392548410	1.38388347648318	0.883883476483184
0.790569415042095	2.24780549675086	0	0.957236081708762	1.43265487818944	0.957236081708762	0.570087712549569	2.34076593406238	1.55503215400840	2.51789625348858	0.500000000000000	2.27117711151375	0.403112887414927	1.73674457889624	0.625000000000000	0.957236081708762	0.938416218956173	0.957236081708762	1.01519702521235	2.29576157327118	1.50519932234904	1.85252078922981	1.07529065838033	0.957236081708762	2.12867329574080	2.58667178151641	1.21988728987559	0.957236081708762	0.515388203202208	0.957236081708762	0.604669331122391	0.957236081708762	1.19189974410602	2.28977737197610	0.897566153550812	0.957236081708762	0.778620575119872	0.957236081708762	1.39149200500757	2.34111955819195	0.883883476483184
0	1.29056941504210	0.957236081708762	0	1.24021219434586	0	0.613880262166625	1.38352985235361	1.05019651902028	1.56066017177982	1.22732683844649	1.31394102980499	0.980607696471652	0.779508497187474	0.446175163854140	0	1.04309407381457	0	1.04309407381457	1.33852549156242	1.00519215822909	0.895284707521048	0.561951374187714	0	1.59188594804059	1.62943569980765	1.29610236647432	0	0.839812267558480	0	0.397155278098989	0	0.594597735882259	1.33254129026734	0.999207956934002	0	0.492626786926799	0	1.05337405921508	1.38388347648318	1.05055014314985
1.07354552767919	2.53078160938796	1.43265487818944	1.24021219434586	0	1.24021219434586	58.4123274660409	2.62374204669948	0.648556088553642	2.80087236612568	1.26589889011722	2.55415322415085	1.70293863659264	2.01972069153334	0.938416218956173	1.24021219434586	22.2036033111745	1.24021219434586	18.2482875908947	2.57873768590828	1.70458939337308	2.13549690186691	1.37704393539204	1.24021219434586	41.8807831827439	2.86964789415351	0.436606229914325	1.24021219434586	65.7951365983839	1.24021219434586	49.4064773081425	1.24021219434586	36.1247837363769	2.57275348461320	1.89291441961859	1.24021219434586	31.4006369362152	1.24021219434586	11.4017542509914	2.62409567082905	1.93552318508459
1.57354552767919	1.43265487818944	2.53078160938796	1.57354552767919	2.81375772202506	1.57354552767919	2.18742578984582	0.648556088553642	2.62374204669948	1.26589889011722	2.80087236612568	1.70293863659264	2.55415322415085	0.938416218956173	2.01972069153334	1.57354552767919	2.61663960149377	1.57354552767919	2.61663960149377	1.70458939337308	2.57873768590828	1.37704393539204	2.13549690186691	1.57354552767919	3.16543147571978	0.436606229914325	2.86964789415351	1.57354552767919	2.41335779523767	1.57354552767919	1.97070080577818	1.57354552767919	2.16814326356145	1.89291441961859	2.57275348461320	1.57354552767919	2.06617231460599	1.57354552767919	2.62691958689427	1.93552318508459	2.62409567082905
0.447213595499958	1.90444967720872	0.570087712549569	0.613880262166625	58.4123274660409	0.613880262166625	0	1.99741011452024	1.33064833821713	2.17454043394645	1.01242283656583	1.92782129197161	0.403112887414927	1.39338875935410	0.527375577743225	0.613880262166625	45.2216762183801	0.613880262166625	46.6154480832267	1.95240575372905	0.950328890437411	1.50916496968767	0.553398590529466	0.613880262166625	74.6324326281812	2.24331596197428	1.41620090382685	0.613880262166625	9.21954445729289	0.613880262166625	9.21954445729289	0.613880262166625	34.4818792991333	1.94642155243396	0.450693909432999	0.613880262166625	27.0185121722126	0.613880262166625	52.4022900262956	1.99776373864981	0.480884601541784
0.947213595499958	0.570087712549569	1.90444967720872	0.947213595499958	2.18742578984582	0.947213595499958	1.56109385766658	1.33064833821713	1.99741011452024	1.01242283656583	2.17454043394645	0.403112887414927	1.92782129197161	0.527375577743225	1.39338875935410	0.947213595499958	1.99030766931453	0.947213595499958	1.99030766931453	0.950328890437411	1.95240575372905	0.553398590529466	1.50916496968767	0.947213595499958	2.53909954354055	1.41620090382685	2.24331596197428	0.947213595499958	1.78702586305844	0.947213595499958	1.34436887359895	0.947213595499958	1.54181133138222	0.450693909432999	1.94642155243396	0.947213595499958	1.43984038242676	0.947213595499958	2.00058765471503	0.480884601541784	1.99776373864981
0.883529852353615	2.34076593406238	1.55503215400840	1.05019651902028	0.648556088553642	1.05019651902028	1.33064833821713	2.43372637137390	0	2.61085669080010	1.59471784338171	2.36413754882527	1.68393141190489	1.82970501620776	0.933407735129724	1.05019651902028	0.986154146165801	1.05019651902028	0.901387818865997	2.38872201058270	1.20260134708057	1.94548122654133	1.00902180353053	1.05019651902028	0.575000000000000	2.67963221882793	1.02591422643416	1.05019651902028	1.55603663195954	1.05019651902028	1.10961705105861	1.05019651902028	0.496235831031980	2.38273780928762	1.68002976164114	1.05019651902028	0.776611228350453	1.05019651902028	0.375000000000000	2.43407999550347	1.74086903585537
0	1.29056941504210	0.957236081708762	0	1.24021219434586	0	0.613880262166625	1.38352985235361	1.05019651902028	1.56066017177982	1.22732683844649	1.31394102980499	0.980607696471652	0.779508497187474	0.446175163854140	0	1.04309407381457	0	1.04309407381457	1.33852549156242	1.00519215822909	0.895284707521048	0.561951374187714	0	1.59188594804059	1.62943569980765	1.29610236647432	0	0.839812267558480	0	0.397155278098989	0	0.594597735882259	1.33254129026734	0.999207956934002	0	0.492626786926799	0	1.05337405921508	1.38388347648318	1.05055014314985
1.06066017177982	2.51789625348858	0.500000000000000	1.22732683844649	1.26589889011722	1.22732683844649	1.01242283656583	2.61085669080010	1.59471784338171	2.78798701022631	0	2.54126786825147	0.901387818865997	2.00683533563396	0.800390529679106	1.22732683844649	0.711073132666395	1.22732683844649	0.809706737035082	2.56585233000891	1.87500000000000	2.12261154596754	1.42521928137392	1.22732683844649	2.15783456270401	2.85676253825414	0.929045208803102	1.22732683844649	1.00778221853732	1.22732683844649	0.956882960450232	1.22732683844649	1.36770793665899	2.55986812871382	1.38946932315903	1.22732683844649	0.883883476483184	1.22732683844649	1.32712094399870	2.61121031492967	1.38067012714841
