实验环境：
VeiNum = 5
Q_ant =200
AntNum = 25
iter_max = 500

cus：
40	50
40	50
40	50
20	50
5	45
47	40
48	30
55	85
65	85
68	60
25	35
85	35
28	35
35	32
90	35
85	25
18	75
28	55

task：
2	4	1	0	1
4	3	2	1	0
2	5	1	0	1
5	3	2	3	0
2	6	1	0	1
6	3	2	5	0
3	7	3	0	1
7	2	4	7	0
2	8	1	0	1
8	3	2	9	0
2	9	1	0	1
9	3	2	11	0
2	10	1	0	1
10	3	2	13	0
2	11	1	0	1
11	3	2	15	0
2	12	1	0	1
12	3	2	17	0
3	13	3	0	1
13	2	4	19	0
2	14	1	0	1
14	3	2	21	0
3	15	3	0	1
15	2	4	23	0
3	16	3	0	1
16	2	4	25	0
2	17	1	0	1
17	3	2	27	0
3	18	3	0	1
18	2	4	29	0


抽取的客户节点编号为

Cus_select =

    29    36    67    64   100    93    85    52    81    49    41    76    80    17    23

各任务对应的的客户节点编号为

Task_Cus =

    29    36    67    64   100    93    85    52    81    49    41    76    80    17    23


Task_size: 30



Tasktime:
0
1.16666666666667
0.166666666666667
1.55055014314985
0.166666666666667
0.971830557060009
0.166666666666667
0.166666666666667
1.20518314738012
1.61863830489966
0.166666666666667
1.74195732504700
0.166666666666667
1.40997010403259
0.166666666666667
1.19699675255658
0.166666666666667
1.85252078922981
0.166666666666667
0.166666666666667
1.14690098447413
1.13370520897340
0.166666666666667
0.166666666666667
1.97170498028049
0.166666666666667
1.95362043429004
1.49920795693400
0.166666666666667
0.166666666666667
0.991666666666667


Linktime:
0	0	0.500000000000000	0	0.883883476483184	0	0.305163890393343	1.03851648071345	0.538516480713450	0	0.951971638232989	0	1.07529065838033	0	0.743303437365925	0	0.530330085889911	0	1.18585412256314	0.980234317807464	0.480234317807464	0	0.467038542306735	1.80503831361382	1.30503831361382	1.78695376762338	1.28695376762338	0	0.832541290267336	0.825000000000000	0.325000000000000
0.500000000000000	0.666666666666667	0	0.666666666666667	15.8113883008419	0.666666666666667	28.7923600977759	1.70518314738012	0.860232526704263	0.666666666666667	49.4974746830583	0.666666666666667	57.0087712549569	0.666666666666667	49.0306026885251	0.666666666666667	15.8113883008419	0.666666666666667	66.7083203206317	1.64690098447413	0.425000000000000	0.666666666666667	23.4307490277200	2.47170498028049	1.78972763290954	2.45362043429004	1.74104853464802	0.666666666666667	25.0798724079689	1.49166666666667	0.235849528301415
1	1	1.66666666666667	1	2.05055014314985	1	1.47183055706001	0.860232526704263	1.70518314738012	1	2.11863830489966	1	2.24195732504700	1	1.90997010403259	1	1.69699675255658	1	2.35252078922981	0.425000000000000	1.64690098447413	1	1.63370520897340	1.78972763290954	2.47170498028049	1.74104853464802	2.45362043429004	1	1.99920795693400	0.235849528301415	1.49166666666667
0.883883476483184	1.05055014314985	15.8113883008419	1.05055014314985	0	1.05055014314985	42.2965719651132	2.08906662386330	1.13852975367357	1.05055014314985	64.0312423743285	1.05055014314985	72.1110255092798	1.05055014314985	64.7610994347687	1.05055014314985	22.3606797749979	1.05055014314985	80.6225774829855	2.03078446095731	0.626996810199223	1.05055014314985	32.6955654485436	2.85558845676367	2.13965534607796	2.83750391077323	2.06155281280883	1.05055014314985	32.6955654485436	1.87555014314985	0.626996810199223
1.38388347648318	1.38388347648318	2.05055014314985	1.38388347648318	2.43443361963304	1.38388347648318	1.85571403354319	1.13852975367357	2.08906662386330	1.38388347648318	2.50252178138284	1.38388347648318	2.62584080153018	1.38388347648318	2.29385358051578	1.38388347648318	2.08088022903976	1.38388347648318	2.73640426571299	0.626996810199223	2.03078446095731	1.38388347648318	2.01758868545659	2.13965534607796	2.85558845676367	2.06155281280883	2.83750391077323	1.38388347648318	2.38309143341719	0.626996810199223	1.87555014314985
0.305163890393343	0.471830557060009	28.7923600977759	0.471830557060009	42.2965719651132	0.471830557060009	0	1.51034703777346	0.251246890528022	0.471830557060009	45.7055795281058	0.471830557060009	48.4664832642105	0.471830557060009	29	0.471830557060009	22.5610283453570	0.471830557060009	38.3275357934736	1.45206487486747	0.491172067609713	0.471830557060009	14.4222051018560	2.27686887067383	1.08224304109567	2.25878432468338	1.02133491079077	0.471830557060009	45.4532727094541	1.29683055706001	0.605185921845510
0.805163890393343	0.805163890393343	1.47183055706001	0.805163890393343	1.85571403354319	0.805163890393343	1.27699444745335	0.251246890528022	1.51034703777346	0.805163890393343	1.92380219529300	0.805163890393343	2.04712121544034	0.805163890393343	1.71513399442593	0.805163890393343	1.50216064294992	0.805163890393343	2.15768467962315	0.491172067609713	1.45206487486747	0.805163890393343	1.43886909936674	1.08224304109567	2.27686887067383	1.02133491079077	2.25878432468338	0.805163890393343	1.80437184732735	0.605185921845510	1.29683055706001
0.538516480713450	0.705183147380117	0.860232526704263	0.705183147380117	1.13852975367357	0.705183147380117	0.251246890528022	1.74369962809357	0	0.705183147380117	1.38609162756291	0.705183147380117	1.43918379646243	0.705183147380117	0.901387818865997	0.705183147380117	0.588430114796991	0.705183147380117	0.933407735129724	1.68541746518758	0.515388203202208	0.705183147380117	0.328823660949148	2.51022146099394	1.05741429912783	2.49213691500349	0.933407735129724	0.705183147380117	1.35208172829900	1.53018314738012	0.800390529679106
0	0	0.666666666666667	0	1.05055014314985	0	0.471830557060009	1.03851648071345	0.705183147380117	0	1.11863830489966	0	1.24195732504700	0	0.909970104032592	0	0.696996752556577	0	1.35252078922981	0.980234317807464	0.646900984474130	0	0.633705208973402	1.80503831361382	1.47170498028049	1.78695376762338	1.45362043429004	0	0.999207956934002	0.825000000000000	0.491666666666667
0.951971638232989	1.11863830489966	49.4974746830583	1.11863830489966	64.0312423743285	1.11863830489966	45.7055795281058	2.15715478561311	1.38609162756291	1.11863830489966	0	1.11863830489966	10	1.11863830489966	28.1780056072107	1.11863830489966	58.3095189484530	1.11863830489966	58.3095189484530	2.09887262270712	1.42060726451754	1.11863830489966	56.6480361530742	2.92367661851347	1.52581945196671	2.90559207252303	1.67705098312484	1.11863830489966	38.3275357934736	1.94363830489966	1.00902180353053
1.45197163823299	1.45197163823299	2.11863830489966	1.45197163823299	2.50252178138284	1.45197163823299	1.92380219529300	1.38609162756291	2.15715478561311	1.45197163823299	2.57060994313264	1.45197163823299	2.69392896327998	1.45197163823299	2.36194174226558	1.45197163823299	2.14896839078957	1.45197163823299	2.80449242746280	1.42060726451754	2.09887262270712	1.45197163823299	2.08567684720639	1.52581945196671	2.92367661851347	1.67705098312484	2.90559207252303	1.45197163823299	2.45117959516699	1.00902180353053	1.94363830489966
1.07529065838033	1.24195732504700	57.0087712549569	1.24195732504700	72.1110255092798	1.24195732504700	48.4664832642105	2.28047380576045	1.43918379646243	1.24195732504700	10	1.24195732504700	0	1.24195732504700	25.1793566240283	1.24195732504700	64.0312423743285	1.24195732504700	53.8516480713450	2.22219164285446	1.55503215400840	1.24195732504700	60.9015599143405	3.04699563866081	1.39754248593737	3.02891109267037	1.58113883008419	1.24195732504700	48.0520551069359	2.06695732504700	1.19085053638146
1.57529065838033	1.57529065838033	2.24195732504700	1.57529065838033	2.62584080153018	1.57529065838033	2.04712121544034	1.43918379646243	2.28047380576045	1.57529065838033	2.69392896327998	1.57529065838033	2.81724798342732	1.57529065838033	2.48526076241292	1.57529065838033	2.27228741093691	1.57529065838033	2.92781144761014	1.55503215400840	2.22219164285446	1.57529065838033	2.20899586735373	1.39754248593737	3.04699563866081	1.58113883008419	3.02891109267037	1.57529065838033	2.57449861531433	1.19085053638146	2.06695732504700
0.743303437365925	0.909970104032592	49.0306026885251	0.909970104032592	64.7610994347687	0.909970104032592	29	1.94848658474604	0.901387818865997	0.909970104032592	28.1780056072107	0.909970104032592	25.1793566240283	0.909970104032592	0	0.909970104032592	49.7393204617836	0.909970104032592	30.2324329156620	1.89020442184006	1.17924764150708	0.909970104032592	43.2781700167648	2.71500841764641	0.832541290267336	2.69692387165597	0.972753822917186	0.909970104032592	52.2015325445528	1.73497010403259	1.00778221853732
1.24330343736593	1.24330343736593	1.90997010403259	1.24330343736593	2.29385358051578	1.24330343736593	1.71513399442593	0.901387818865997	1.94848658474604	1.24330343736593	2.36194174226558	1.24330343736593	2.48526076241292	1.24330343736593	2.15327354139852	1.24330343736593	1.94030018992250	1.24330343736593	2.59582422659573	1.17924764150708	1.89020442184006	1.24330343736593	1.87700864633933	0.832541290267336	2.71500841764641	0.972753822917186	2.69692387165597	1.24330343736593	2.24251139429993	1.00778221853732	1.73497010403259
0.530330085889911	0.696996752556577	15.8113883008419	0.696996752556577	22.3606797749979	0.696996752556577	22.5610283453570	1.73551323327003	0.588430114796991	0.696996752556577	58.3095189484530	0.696996752556577	64.0312423743285	0.696996752556577	49.7393204617836	0.696996752556577	0	0.696996752556577	60	1.67723107036404	0.0750000000000000	0.696996752556577	10.4403065089106	2.50203506617040	1.62500000000000	2.48395052017995	1.52069063257456	0.696996752556577	40.6078810084939	1.52199675255658	0.505593710403917
1.03033008588991	1.03033008588991	1.69699675255658	1.03033008588991	2.08088022903976	1.03033008588991	1.50216064294992	0.588430114796991	1.73551323327003	1.03033008588991	2.14896839078957	1.03033008588991	2.27228741093691	1.03033008588991	1.94030018992250	1.03033008588991	1.72732683844649	1.03033008588991	2.38285087511972	0.0750000000000000	1.67723107036404	1.03033008588991	1.66403529486331	1.62500000000000	2.50203506617040	1.52069063257456	2.48395052017995	1.03033008588991	2.02953804282391	0.505593710403917	1.52199675255658
1.18585412256314	1.35252078922981	66.7083203206317	1.35252078922981	80.6225774829855	1.35252078922981	38.3275357934736	2.39103726994326	0.933407735129724	1.35252078922981	58.3095189484530	1.35252078922981	53.8516480713450	1.35252078922981	30.2324329156620	1.35252078922981	60	1.35252078922981	0	2.33275510703727	1.42500000000000	1.35252078922981	50.0899191454728	3.15755910284363	0.125000000000000	3.13947455685318	0.250000000000000	1.35252078922981	78.0320446995976	2.17752078922981	1.51017383105390
1.68585412256314	1.68585412256314	2.35252078922981	1.68585412256314	2.73640426571299	1.68585412256314	2.15768467962315	0.933407735129724	2.39103726994326	1.68585412256314	2.80449242746280	1.68585412256314	2.92781144761014	1.68585412256314	2.59582422659573	1.68585412256314	2.38285087511972	1.68585412256314	3.03837491179295	1.42500000000000	2.33275510703727	1.68585412256314	2.31955933153654	0.125000000000000	3.15755910284363	0.250000000000000	3.13947455685318	1.68585412256314	2.68506207949714	1.51017383105390	2.17752078922981
0.480234317807464	0.646900984474130	0.425000000000000	0.646900984474130	0.626996810199223	0.646900984474130	0.491172067609713	1.68541746518758	0.515388203202208	0.646900984474130	1.42060726451754	0.646900984474130	1.55503215400840	0.646900984474130	1.17924764150708	0.646900984474130	0.0750000000000000	0.646900984474130	1.42500000000000	1.62713530228159	0	0.646900984474130	0.190394327646598	2.45193929808795	1.55000000000000	2.43385475209751	1.44676362962303	0.646900984474130	1.03077640640442	1.47190098447413	0.500000000000000
0	0	0.666666666666667	0	1.05055014314985	0	0.471830557060009	1.03851648071345	0.705183147380117	0	1.11863830489966	0	1.24195732504700	0	0.909970104032592	0	0.696996752556577	0	1.35252078922981	0.980234317807464	0.646900984474130	0	0.633705208973402	1.80503831361382	1.47170498028049	1.78695376762338	1.45362043429004	0	0.999207956934002	0.825000000000000	0.491666666666667
0.467038542306735	0.633705208973402	23.4307490277200	0.633705208973402	32.6955654485436	0.633705208973402	14.4222051018560	1.67222168968685	0.328823660949148	0.633705208973402	56.6480361530742	0.633705208973402	60.9015599143405	0.633705208973402	43.2781700167648	0.633705208973402	10.4403065089106	0.633705208973402	50.0899191454728	1.61393952678087	0.190394327646598	0.633705208973402	0	2.43874352258722	1.37704393539204	2.42065897659678	1.26219055613643	0.633705208973402	46.2385120867876	1.45870520897340	0.601040764008565
0.967038542306735	0.967038542306735	1.63370520897340	0.967038542306735	2.01758868545659	0.967038542306735	1.43886909936674	0.328823660949148	1.67222168968685	0.967038542306735	2.08567684720639	0.967038542306735	2.20899586735373	0.967038542306735	1.87700864633933	0.967038542306735	1.66403529486331	0.967038542306735	2.31955933153654	0.190394327646598	1.61393952678087	0.967038542306735	1.60074375128014	1.37704393539204	2.43874352258722	1.26219055613643	2.42065897659678	0.967038542306735	1.96624649924074	0.601040764008565	1.45870520897340
1.30503831361382	1.47170498028049	1.78972763290954	1.47170498028049	2.13965534607796	1.47170498028049	1.08224304109567	2.51022146099394	1.05741429912783	1.47170498028049	1.52581945196671	1.47170498028049	1.39754248593737	1.47170498028049	0.832541290267336	1.47170498028049	1.62500000000000	1.47170498028049	0.125000000000000	2.45193929808795	1.55000000000000	1.47170498028049	1.37704393539204	3.27674329389430	0	3.25865874790386	0.279508497187474	1.47170498028049	2.05912602819740	2.29670498028049	1.62864974749023
0	0	0.666666666666667	0	1.05055014314985	0	0.471830557060009	1.03851648071345	0.705183147380117	0	1.11863830489966	0	1.24195732504700	0	0.909970104032592	0	0.696996752556577	0	1.35252078922981	0.980234317807464	0.646900984474130	0	0.633705208973402	1.80503831361382	1.47170498028049	1.78695376762338	1.45362043429004	0	0.999207956934002	0.825000000000000	0.491666666666667
1.28695376762338	1.45362043429004	1.74104853464802	1.45362043429004	2.06155281280883	1.45362043429004	1.02133491079077	2.49213691500349	0.933407735129724	1.45362043429004	1.67705098312484	1.45362043429004	1.58113883008419	1.45362043429004	0.972753822917186	1.45362043429004	1.52069063257456	1.45362043429004	0.250000000000000	2.43385475209751	1.44676362962303	1.45362043429004	1.26219055613643	3.25865874790386	0.279508497187474	3.24057420191342	0	1.45362043429004	2.09000598085269	2.27862043429004	1.61031829151879
0	0	0.666666666666667	0	1.05055014314985	0	0.471830557060009	1.03851648071345	0.705183147380117	0	1.11863830489966	0	1.24195732504700	0	0.909970104032592	0	0.696996752556577	0	1.35252078922981	0.980234317807464	0.646900984474130	0	0.633705208973402	1.80503831361382	1.47170498028049	1.78695376762338	1.45362043429004	0	0.999207956934002	0.825000000000000	0.491666666666667
0.832541290267336	0.999207956934002	25.0798724079689	0.999207956934002	32.6955654485436	0.999207956934002	45.4532727094541	2.03772443764745	1.35208172829900	0.999207956934002	38.3275357934736	0.999207956934002	48.0520551069359	0.999207956934002	52.2015325445528	0.999207956934002	40.6078810084939	0.999207956934002	78.0320446995976	1.97944227474147	1.03077640640442	0.999207956934002	46.2385120867876	2.80424627054782	2.05912602819740	2.78616172455738	2.09000598085269	0.999207956934002	0	1.82420795693400	0.559016994374948
1.33254129026734	1.33254129026734	1.99920795693400	1.33254129026734	2.38309143341719	1.33254129026734	1.80437184732735	1.35208172829900	2.03772443764745	1.33254129026734	2.45117959516699	1.33254129026734	2.57449861531433	1.33254129026734	2.24251139429993	1.33254129026734	2.02953804282391	1.33254129026734	2.68506207949714	1.03077640640442	1.97944227474147	1.33254129026734	1.96624649924074	2.05912602819740	2.80424627054782	2.09000598085269	2.78616172455738	1.33254129026734	2.33174924720134	0.559016994374948	1.82420795693400
0.325000000000000	0.491666666666667	0.235849528301415	0.491666666666667	0.626996810199223	0.491666666666667	0.605185921845510	1.53018314738012	0.800390529679106	0.491666666666667	1.00902180353053	0.491666666666667	1.19085053638146	0.491666666666667	1.00778221853732	0.491666666666667	0.505593710403917	0.491666666666667	1.51017383105390	1.47190098447413	0.500000000000000	0.491666666666667	0.601040764008565	2.29670498028049	1.62864974749023	2.27862043429004	1.61031829151879	0.491666666666667	0.559016994374948	1.31666666666667	0
0	0	0.666666666666667	0	1.05055014314985	0	0.471830557060009	1.03851648071345	0.705183147380117	0	1.11863830489966	0	1.24195732504700	0	0.909970104032592	0	0.696996752556577	0	1.35252078922981	0.980234317807464	0.646900984474130	0	0.633705208973402	1.80503831361382	1.47170498028049	1.78695376762338	1.45362043429004	0	0.999207956934002	0.825000000000000	0.491666666666667



2	4	1	0	1
2	5	1	0	1
2	6	1	0	1
7	2	4	0	0
2	8	1	0	1
2	9	1	0	1
2	10	1	0	1
2	11	1	0	1
2	12	1	0	1
13	2	4	0	0
2	14	1	0	1
15	2	4	0	0
16	2	4	0	0
2	17	1	0	1
18	2	4	0	0



4	3	2	0	0
5	3	2	0	0
6	3	2	0	0
3	7	3	0	1
8	3	2	0	0
9	3	2	0	0
10	3	2	0	0
11	3	2	0	0
12	3	2	0	0
3	13	3	0	1
14	3	2	0	0
3	15	3	0	1
3	16	3	0	1
17	3	2	0	0
3	18	3	0	1







linktime（task1）
0	0	0	0	0.538516480713450	0	0	0	0	0	0.480234317807464	0	1.30503831361382	1.28695376762338	0	0.325000000000000
0.500000000000000	0.666666666666667	0.666666666666667	0.666666666666667	0.860232526704263	0.666666666666667	0.666666666666667	0.666666666666667	0.666666666666667	0.666666666666667	0.425000000000000	0.666666666666667	1.78972763290954	1.74104853464802	0.666666666666667	0.235849528301415
0.883883476483184	1.05055014314985	1.05055014314985	1.05055014314985	1.13852975367357	1.05055014314985	1.05055014314985	1.05055014314985	1.05055014314985	1.05055014314985	0.626996810199223	1.05055014314985	2.13965534607796	2.06155281280883	1.05055014314985	0.626996810199223
0.305163890393343	0.471830557060009	0.471830557060009	0.471830557060009	0.251246890528022	0.471830557060009	0.471830557060009	0.471830557060009	0.471830557060009	0.471830557060009	0.491172067609713	0.471830557060009	1.08224304109567	1.02133491079077	0.471830557060009	0.605185921845510
0	0	0	0	0.705183147380117	0	0	0	0	0	0.646900984474130	0	1.47170498028049	1.45362043429004	0	0.491666666666667
0.951971638232989	1.11863830489966	1.11863830489966	1.11863830489966	1.38609162756291	1.11863830489966	1.11863830489966	1.11863830489966	1.11863830489966	1.11863830489966	1.42060726451754	1.11863830489966	1.52581945196671	1.67705098312484	1.11863830489966	1.00902180353053
1.07529065838033	1.24195732504700	1.24195732504700	1.24195732504700	1.43918379646243	1.24195732504700	1.24195732504700	1.24195732504700	1.24195732504700	1.24195732504700	1.55503215400840	1.24195732504700	1.39754248593737	1.58113883008419	1.24195732504700	1.19085053638146
0.743303437365925	0.909970104032592	0.909970104032592	0.909970104032592	0.901387818865997	0.909970104032592	0.909970104032592	0.909970104032592	0.909970104032592	0.909970104032592	1.17924764150708	0.909970104032592	0.832541290267336	0.972753822917186	0.909970104032592	1.00778221853732
0.530330085889911	0.696996752556577	0.696996752556577	0.696996752556577	0.588430114796991	0.696996752556577	0.696996752556577	0.696996752556577	0.696996752556577	0.696996752556577	0.0750000000000000	0.696996752556577	1.62500000000000	1.52069063257456	0.696996752556577	0.505593710403917
1.18585412256314	1.35252078922981	1.35252078922981	1.35252078922981	0.933407735129724	1.35252078922981	1.35252078922981	1.35252078922981	1.35252078922981	1.35252078922981	1.42500000000000	1.35252078922981	0.125000000000000	0.250000000000000	1.35252078922981	1.51017383105390
0	0	0	0	0.705183147380117	0	0	0	0	0	0.646900984474130	0	1.47170498028049	1.45362043429004	0	0.491666666666667
0.467038542306735	0.633705208973402	0.633705208973402	0.633705208973402	0.328823660949148	0.633705208973402	0.633705208973402	0.633705208973402	0.633705208973402	0.633705208973402	0.190394327646598	0.633705208973402	1.37704393539204	1.26219055613643	0.633705208973402	0.601040764008565
0	0	0	0	0.705183147380117	0	0	0	0	0	0.646900984474130	0	1.47170498028049	1.45362043429004	0	0.491666666666667
0	0	0	0	0.705183147380117	0	0	0	0	0	0.646900984474130	0	1.47170498028049	1.45362043429004	0	0.491666666666667
0.832541290267336	0.999207956934002	0.999207956934002	0.999207956934002	1.35208172829900	0.999207956934002	0.999207956934002	0.999207956934002	0.999207956934002	0.999207956934002	1.03077640640442	0.999207956934002	2.05912602819740	2.09000598085269	0.999207956934002	0.559016994374948
0	0	0	0	0.705183147380117	0	0	0	0	0	0.646900984474130	0	1.47170498028049	1.45362043429004	0	0.491666666666667



linktime（task2）
0	0.500000000000000	0.883883476483184	0.305163890393343	1.03851648071345	0.951971638232989	1.07529065838033	0.743303437365925	0.530330085889911	1.18585412256314	0.980234317807464	0.467038542306735	1.80503831361382	1.78695376762338	0.832541290267336	0.825000000000000
1	1.66666666666667	2.05055014314985	1.47183055706001	0.860232526704263	2.11863830489966	2.24195732504700	1.90997010403259	1.69699675255658	2.35252078922981	0.425000000000000	1.63370520897340	1.78972763290954	1.74104853464802	1.99920795693400	0.235849528301415
1.38388347648318	2.05055014314985	2.43443361963304	1.85571403354319	1.13852975367357	2.50252178138284	2.62584080153018	2.29385358051578	2.08088022903976	2.73640426571299	0.626996810199223	2.01758868545659	2.13965534607796	2.06155281280883	2.38309143341719	0.626996810199223
0.805163890393343	1.47183055706001	1.85571403354319	1.27699444745335	0.251246890528022	1.92380219529300	2.04712121544034	1.71513399442593	1.50216064294992	2.15768467962315	0.491172067609713	1.43886909936674	1.08224304109567	1.02133491079077	1.80437184732735	0.605185921845510
0.538516480713450	0.860232526704263	1.13852975367357	0.251246890528022	1.74369962809357	1.38609162756291	1.43918379646243	0.901387818865997	0.588430114796991	0.933407735129724	1.68541746518758	0.328823660949148	2.51022146099394	2.49213691500349	1.35208172829900	1.53018314738012
1.45197163823299	2.11863830489966	2.50252178138284	1.92380219529300	1.38609162756291	2.57060994313264	2.69392896327998	2.36194174226558	2.14896839078957	2.80449242746280	1.42060726451754	2.08567684720639	1.52581945196671	1.67705098312484	2.45117959516699	1.00902180353053
1.57529065838033	2.24195732504700	2.62584080153018	2.04712121544034	1.43918379646243	2.69392896327998	2.81724798342732	2.48526076241292	2.27228741093691	2.92781144761014	1.55503215400840	2.20899586735373	1.39754248593737	1.58113883008419	2.57449861531433	1.19085053638146
1.24330343736593	1.90997010403259	2.29385358051578	1.71513399442593	0.901387818865997	2.36194174226558	2.48526076241292	2.15327354139852	1.94030018992250	2.59582422659573	1.17924764150708	1.87700864633933	0.832541290267336	0.972753822917186	2.24251139429993	1.00778221853732
1.03033008588991	1.69699675255658	2.08088022903976	1.50216064294992	0.588430114796991	2.14896839078957	2.27228741093691	1.94030018992250	1.72732683844649	2.38285087511972	0.0750000000000000	1.66403529486331	1.62500000000000	1.52069063257456	2.02953804282391	0.505593710403917
1.68585412256314	2.35252078922981	2.73640426571299	2.15768467962315	0.933407735129724	2.80449242746280	2.92781144761014	2.59582422659573	2.38285087511972	3.03837491179295	1.42500000000000	2.31955933153654	0.125000000000000	0.250000000000000	2.68506207949714	1.51017383105390
0.480234317807464	0.425000000000000	0.626996810199223	0.491172067609713	1.68541746518758	1.42060726451754	1.55503215400840	1.17924764150708	0.0750000000000000	1.42500000000000	1.62713530228159	0.190394327646598	2.45193929808795	2.43385475209751	1.03077640640442	1.47190098447413
0.967038542306735	1.63370520897340	2.01758868545659	1.43886909936674	0.328823660949148	2.08567684720639	2.20899586735373	1.87700864633933	1.66403529486331	2.31955933153654	0.190394327646598	1.60074375128014	1.37704393539204	1.26219055613643	1.96624649924074	0.601040764008565
1.30503831361382	1.78972763290954	2.13965534607796	1.08224304109567	2.51022146099394	1.52581945196671	1.39754248593737	0.832541290267336	1.62500000000000	0.125000000000000	2.45193929808795	1.37704393539204	3.27674329389430	3.25865874790386	2.05912602819740	2.29670498028049
1.28695376762338	1.74104853464802	2.06155281280883	1.02133491079077	2.49213691500349	1.67705098312484	1.58113883008419	0.972753822917186	1.52069063257456	0.250000000000000	2.43385475209751	1.26219055613643	3.25865874790386	3.24057420191342	2.09000598085269	2.27862043429004
1.33254129026734	1.99920795693400	2.38309143341719	1.80437184732735	1.35208172829900	2.45117959516699	2.57449861531433	2.24251139429993	2.02953804282391	2.68506207949714	1.03077640640442	1.96624649924074	2.05912602819740	2.09000598085269	2.33174924720134	0.559016994374948
0.325000000000000	0.235849528301415	0.626996810199223	0.605185921845510	1.53018314738012	1.00902180353053	1.19085053638146	1.00778221853732	0.505593710403917	1.51017383105390	1.47190098447413	0.601040764008565	2.29670498028049	2.27862043429004	0.559016994374948	1.31666666666667


tasktime（1）
0
1.16666666666667
1.55055014314985
0.971830557060009
1.20518314738012
1.61863830489966
1.74195732504700
1.40997010403259
1.19699675255658
1.85252078922981
1.14690098447413
1.13370520897340
1.97170498028049
1.95362043429004
1.49920795693400
0.991666666666667


tasktime（2）
0
0.166666666666667
0.166666666666667
0.166666666666667
0.166666666666667
0.166666666666667
0.166666666666667
0.166666666666667
0.166666666666667
0.166666666666667
0.166666666666667
0.166666666666667
0.166666666666667
0.166666666666667
0.166666666666667
0.166666666666667