最优解为:3576.9371
最优解路径:

Best_route =

  1 至 24 列

    27    28    49    50    21    22    15    16    23    24     0     0     0     0     0     0     0     0     0     0     0     0     0     0
     0     0     0     0     0     0     0     0     0     0     0     0     0     0     0     0     0     0     0     0     0     0     0     0
     3     4    25    26    29    30    59    60     5     6     0     0     0     0     0     0     0     0     0     0     0     0     0     0
    19    20    11    12    37    38    17    18     7     8     0     0     0     0     0     0     0     0     0     0     0     0     0     0
    57    58    51    52    47    48    31    32     0     0     0     0     0     0     0     0     0     0     0     0     0     0     0     0
    13    14    41    42     9    10    33    34    39    40     0     0     0     0     0     0     0     0     0     0     0     0     0     0
     0     0     0     0     0     0     0     0     0     0     0     0     0     0     0     0     0     0     0     0     0     0     0     0
    43    44    53    54     1     2    45    46    55    56    35    36     0     0     0     0     0     0     0     0     0     0     0     0

  25 至 48 列

     0     0     0     0     0     0     0     0     0     0     0     0     0     0     0     0     0     0     0     0     0     0     0     0
     0     0     0     0     0     0     0     0     0     0     0     0     0     0     0     0     0     0     0     0     0     0     0     0
     0     0     0     0     0     0     0     0     0     0     0     0     0     0     0     0     0     0     0     0     0     0     0     0
     0     0     0     0     0     0     0     0     0     0     0     0     0     0     0     0     0     0     0     0     0     0     0     0
     0     0     0     0     0     0     0     0     0     0     0     0     0     0     0     0     0     0     0     0     0     0     0     0
     0     0     0     0     0     0     0     0     0     0     0     0     0     0     0     0     0     0     0     0     0     0     0     0
     0     0     0     0     0     0     0     0     0     0     0     0     0     0     0     0     0     0     0     0     0     0     0     0
     0     0     0     0     0     0     0     0     0     0     0     0     0     0     0     0     0     0     0     0     0     0     0     0

  49 至 61 列

     0     0     0     0     0     0     0     0     0     0     0     0     0
     0     0     0     0     0     0     0     0     0     0     0     0     0
     0     0     0     0     0     0     0     0     0     0     0     0     0
     0     0     0     0     0     0     0     0     0     0     0     0     0
     0     0     0     0     0     0     0     0     0     0     0     0     0
     0     0     0     0     0     0     0     0     0     0     0     0     0
     0     0     0     0     0     0     0     0     0     0     0     0     0
     0     0     0     0     0     0     0     0     0     0     0     0     0

本次运算用时:395.212秒
算法在第291代时收敛

best
3848.84867781671
3726.74537229086
3726.74537229086
3726.74537229086
3726.74537229086
3726.74537229086
3726.74537229086
3676.36569699020
3676.36569699020
3676.36569699020
3676.36569699020
3676.36569699020
3585.92575769191
3585.92575769191
3585.92575769191
3585.92575769191
3585.92575769191
3585.92575769191
3585.92575769191
3585.92575769191
3585.92575769191
3585.92575769191
3585.92575769191
3585.92575769191
3585.92575769191
3585.92575769191
3585.92575769191
3585.92575769191
3585.92575769191
3585.92575769191
3585.92575769191
3585.92575769191
3585.92575769191
3585.92575769191
3585.92575769191
3585.92575769191
3584.35610676243
3582.24667903614
3582.24667903614
3582.24667903614
3582.24667903614
3582.24667903614
3582.24667903614
3582.24667903614
3582.24667903614
3582.24667903614
3582.24667903614
3582.24667903614
3582.24667903614
3582.24667903614
3582.24667903614
3582.24667903614
3582.24667903614
3582.24667903614
3582.24667903614
3582.24667903614
3582.24667903614
3582.24667903614
3582.24667903614
3582.24667903614
3582.24667903614
3582.24667903614
3582.24667903614
3578.40249385707
3578.40249385707
3578.40249385707
3578.40249385707
3578.40249385707
3578.40249385707
3578.40249385707
3578.40249385707
3578.40249385707
3578.40249385707
3578.40249385707
3578.40249385707
3578.40249385707
3578.40249385707
3578.40249385707
3578.40249385707
3578.40249385707
3578.40249385707
3578.40249385707
3578.40249385707
3578.40249385707
3578.40249385707
3578.40249385707
3578.40249385707
3578.40249385707
3578.40249385707
3578.40249385707
3578.40249385707
3578.40249385707
3578.40249385707
3578.40249385707
3578.40249385707
3578.40249385707
3578.40249385707
3578.40249385707
3578.40249385707
3578.40249385707
3578.40249385707
3578.40249385707
3578.40249385707
3578.40249385707
3578.40249385707
3578.40249385707
3578.40249385707
3578.40249385707
3578.40249385707
3578.40249385707
3578.40249385707
3578.40249385707
3578.40249385707
3578.40249385707
3578.40249385707
3578.40249385707
3578.40249385707
3578.40249385707
3578.40249385707
3578.40249385707
3578.40249385707
3578.40249385707
3578.40249385707
3578.40249385707
3578.40249385707
3578.40249385707
3578.40249385707
3578.40249385707
3578.40249385707
3578.40249385707
3578.40249385707
3578.40249385707
3578.40249385707
3578.40249385707
3578.40249385707
3578.40249385707
3578.40249385707
3578.40249385707
3578.40249385707
3578.40249385707
3578.40249385707
3578.40249385707
3578.40249385707
3578.40249385707
3578.40249385707
3578.40249385707
3578.40249385707
3578.40249385707
3578.40249385707
3578.40249385707
3578.40249385707
3578.40249385707
3578.40249385707
3578.40249385707
3578.40249385707
3578.40249385707
3578.40249385707
3578.40249385707
3578.40249385707
3578.40249385707
3578.40249385707
3578.40249385707
3578.40249385707
3578.40249385707
3578.40249385707
3578.40249385707
3578.40249385707
3578.40249385707
3578.40249385707
3578.40249385707
3578.40249385707
3578.40249385707
3578.40249385707
3578.40249385707
3578.40249385707
3578.40249385707
3578.40249385707
3578.40249385707
3578.40249385707
3578.40249385707
3578.40249385707
3578.40249385707
3578.40249385707
3578.40249385707
3578.40249385707
3578.40249385707
3578.40249385707
3578.40249385707
3578.40249385707
3578.40249385707
3578.40249385707
3578.40249385707
3578.40249385707
3578.40249385707
3578.40249385707
3577.51629040162
3577.51629040162
3577.51629040162
3577.51629040162
3577.51629040162
3577.51629040162
3577.51629040162
3577.51629040162
3577.51629040162
3577.51629040162
3577.51629040162
3577.51629040162
3577.51629040162
3577.51629040162
3577.51629040162
3577.51629040162
3577.51629040162
3577.51629040162
3577.51629040162
3577.51629040162
3577.51629040162
3577.51629040162
3577.51629040162
3577.51629040162
3577.51629040162
3577.51629040162
3577.51629040162
3577.51629040162
3577.51629040162
3577.51629040162
3577.51629040162
3577.51629040162
3577.51629040162
3577.51629040162
3577.51629040162
3577.51629040162
3577.51629040162
3577.51629040162
3577.51629040162
3577.51629040162
3577.51629040162
3577.51629040162
3577.51629040162
3577.51629040162
3577.51629040162
3577.51629040162
3577.51629040162
3577.51629040162
3577.51629040162
3577.51629040162
3577.51629040162
3577.51629040162
3577.51629040162
3577.51629040162
3577.51629040162
3577.51629040162
3577.51629040162
3577.51629040162
3577.51629040162
3577.51629040162
3577.51629040162
3577.51629040162
3577.51629040162
3577.51629040162
3577.51629040162
3577.51629040162
3577.51629040162
3577.51629040162
3577.51629040162
3577.51629040162
3577.51629040162
3577.51629040162
3577.51629040162
3577.51629040162
3577.51629040162
3577.51629040162
3577.51629040162
3577.51629040162
3577.51629040162
3577.51629040162
3577.51629040162
3577.51629040162
3577.51629040162
3577.51629040162
3577.51629040162
3577.51629040162
3577.51629040162
3577.51629040162
3577.51629040162
3577.51629040162
3577.51629040162
3577.51629040162
3577.51629040162
3577.51629040162
3577.51629040162
