最优解为:336.8088
最优解路径:

Best_route =

     1     2     5     3     4     0
     0     0     0     0     0     0

本次运算用时:1.406秒
算法在第8代时收敛

best
339.939165144864
339.939165144864
339.939165144864
339.939165144864
339.939165144864
339.939165144864
339.939165144864
336.808835473450
336.808835473450
336.808835473450
336.808835473450
336.808835473450
336.808835473450
336.808835473450
336.808835473450
336.808835473450
336.808835473450
336.808835473450
336.808835473450
336.808835473450
336.808835473450
336.808835473450
336.808835473450
336.808835473450
336.808835473450
336.808835473450
336.808835473450
336.808835473450
336.808835473450
336.808835473450
336.808835473450
336.808835473450
336.808835473450
336.808835473450
336.808835473450
336.808835473450
336.808835473450
336.808835473450
336.808835473450
336.808835473450
336.808835473450
336.808835473450
336.808835473450
336.808835473450
336.808835473450
336.808835473450
336.808835473450
336.808835473450
336.808835473450
336.808835473450
336.808835473450
336.808835473450
336.808835473450
336.808835473450
336.808835473450
336.808835473450
336.808835473450
336.808835473450
336.808835473450
336.808835473450
336.808835473450
336.808835473450
336.808835473450
336.808835473450
336.808835473450
336.808835473450
336.808835473450
336.808835473450
336.808835473450
336.808835473450
336.808835473450
336.808835473450
336.808835473450
336.808835473450
336.808835473450
336.808835473450
336.808835473450
336.808835473450
336.808835473450
336.808835473450
336.808835473450
336.808835473450
336.808835473450
336.808835473450
336.808835473450
336.808835473450
336.808835473450
336.808835473450
336.808835473450
336.808835473450
336.808835473450
336.808835473450
336.808835473450
336.808835473450
336.808835473450
336.808835473450
336.808835473450
336.808835473450
336.808835473450
336.808835473450

ave
345.694866274942
359.792682461952
357.505024733326
387.583408054486
357.844676005329
343.209289399774
357.442916249474
356.943224434730
356.132534761658
340.252230043585
358.057210905387
356.551596725554
356.818335957782
354.791604832404
354.976955095479
354.521239031981
384.975085983553
338.305839930148
338.494139388421
368.422124513592
352.171549458761
338.393096529461
369.410503370282
337.005718167182
353.022236047486
352.989119150956
352.069515751080
338.962923060145
337.477416476811
337.652643432696
336.965351957021
337.172664316368
352.372396144066
352.276266450808
337.005718167182
337.172664316368
336.808835473450
352.051493698726
337.233340965168
336.808835473450
351.582716510221
336.808835473450
337.172664316368
336.808835473450
336.808835473450
336.808835473450
336.808835473450
336.808835473450
336.808835473450
351.850705518368
352.559652731891
336.808835473450
352.189286942956
336.808835473450
336.808835473450
351.582716510221
336.808835473450
336.808835473450
336.808835473450
336.965351957021
336.808835473450
336.808835473450
336.808835473450
336.808835473450
336.808835473450
336.808835473450
336.808835473450
336.808835473450
336.808835473450
336.965351957021
336.808835473450
336.808835473450
336.808835473450
336.808835473450
336.808835473450
336.808835473450
337.233340965168
351.582716510221
336.808835473450
336.808835473450
336.808835473450
336.808835473450
336.808835473450
336.808835473450
336.808835473450
336.808835473450
336.808835473450
336.808835473450
336.808835473450
336.808835473450
336.808835473450
336.808835473450
336.808835473450
336.808835473450
336.808835473450
336.808835473450
336.808835473450
336.808835473450
336.808835473450
336.808835473450