最优解为:947.2142
最优解路径:

Best_route =

     5     6     0     0     0     0     0     0     0     0     0     0     0
     9    10     1     2     3     4     7     8    11    12     0     0     0

本次运算用时:141.086秒
算法在第1代时收敛

best
947.214217959563
947.214217959563
947.214217959563
947.214217959563
947.214217959563
947.214217959563
947.214217959563
947.214217959563
947.214217959563
947.214217959563
947.214217959563
947.214217959563
947.214217959563
947.214217959563
947.214217959563
947.214217959563
947.214217959563
947.214217959563
947.214217959563
947.214217959563
947.214217959563
947.214217959563
947.214217959563
947.214217959563
947.214217959563
947.214217959563
947.214217959563
947.214217959563
947.214217959563
947.214217959563
947.214217959563
947.214217959563
947.214217959563
947.214217959563
947.214217959563
947.214217959563
947.214217959563
947.214217959563
947.214217959563
947.214217959563
947.214217959563
947.214217959563
947.214217959563
947.214217959563
947.214217959563
947.214217959563
947.214217959563
947.214217959563
947.214217959563
947.214217959563
947.214217959563
947.214217959563
947.214217959563
947.214217959563
947.214217959563
947.214217959563
947.214217959563
947.214217959563
947.214217959563
947.214217959563
947.214217959563
947.214217959563
947.214217959563
947.214217959563
947.214217959563
947.214217959563
947.214217959563
947.214217959563
947.214217959563
947.214217959563
947.214217959563
947.214217959563
947.214217959563
947.214217959563
947.214217959563
947.214217959563
947.214217959563
947.214217959563
947.214217959563
947.214217959563
947.214217959563
947.214217959563
947.214217959563
947.214217959563
947.214217959563
947.214217959563
947.214217959563
947.214217959563
947.214217959563
947.214217959563
947.214217959563
947.214217959563
947.214217959563
947.214217959563
947.214217959563
947.214217959563
947.214217959563
947.214217959563
947.214217959563
947.214217959563
947.214217959563
947.214217959563
947.214217959563
947.214217959563
947.214217959563
947.214217959563
947.214217959563
947.214217959563
947.214217959563
947.214217959563
947.214217959563
947.214217959563
947.214217959563
947.214217959563
947.214217959563
947.214217959563
947.214217959563
947.214217959563
947.214217959563
947.214217959563
947.214217959563
947.214217959563
947.214217959563
947.214217959563
947.214217959563
947.214217959563
947.214217959563
947.214217959563
947.214217959563
947.214217959563
947.214217959563
947.214217959563
947.214217959563
947.214217959563
947.214217959563
947.214217959563
947.214217959563
947.214217959563
947.214217959563
947.214217959563
947.214217959563
947.214217959563
947.214217959563
947.214217959563
947.214217959563
947.214217959563
947.214217959563
947.214217959563
947.214217959563
947.214217959563
947.214217959563
947.214217959563
947.214217959563
947.214217959563
947.214217959563
947.214217959563
947.214217959563
947.214217959563
947.214217959563
947.214217959563
947.214217959563
947.214217959563
947.214217959563
947.214217959563
947.214217959563
947.214217959563
947.214217959563
947.214217959563
947.214217959563
947.214217959563
947.214217959563
947.214217959563
947.214217959563
947.214217959563
947.214217959563
947.214217959563
947.214217959563
947.214217959563
947.214217959563
947.214217959563
947.214217959563
947.214217959563
947.214217959563
947.214217959563
947.214217959563
947.214217959563
947.214217959563
947.214217959563
947.214217959563
947.214217959563
947.214217959563
947.214217959563
947.214217959563
947.214217959563
947.214217959563
947.214217959563
947.214217959563
947.214217959563
947.214217959563
947.214217959563

ave
952.480266823766
951.280798107518
953.730179373302
950.556402374156
949.287592142063
949.637243096518
950.465045084414
949.158930214497
949.621823187761
949.924828932268
949.110198002084
947.591405436906
947.477154590723
947.856146515866
947.715752943433
949.197840265677
948.824619273736
948.166264341006
948.818360721265
947.363155173011
949.189402231532
950.237455461206
950.442658159915
948.169234609867
948.848685053951
948.416218526179
949.446159449296
949.276790854353
948.131055418783
947.586951332237
948.725441033428
949.689241403157
949.982231562734
947.665638487046
950.291090854875
950.094661363031
947.616598452000
949.727769481080
947.715752943433
949.205083650796
948.660899624142
948.603258720608
950.536605539811
949.311536058983
947.353661820840
948.798716468288
948.335507238873
947.658217843520
948.486842680718
948.751001710929
950.155599711954
949.199808756303
948.061837567380
947.989974181418
949.209424556269
948.918952607558
947.786377097972
948.595225993482
948.849169932084
949.034750662875
948.961383033628
948.739589300474
948.332718905396
947.975113955441
948.047763450958
948.099252812073
948.403166478008
948.371625291005
947.214217959564
949.164062473885
949.840892597999
949.121224504095
948.714500787468
948.579097471418
950.080414429136
947.806886796123
949.704380913787
949.269221125934
948.366316449691
950.166846204028
949.251351302201
949.372937954129
948.779709077083
949.153199108399
950.287993990867
947.355466268641
949.949583265174
949.331244893766
949.856388677141
949.509575148147
947.921154474680
948.265125189862
948.431183438074
948.622532995513
948.652457744059
950.342505369445
948.385561178152
948.278562280330
948.096803486005
948.752160244241
948.887991479912
948.519818386777
948.782589154706
948.501633304509
948.037209768664
949.395328031968
950.708445678642
948.540803369961
948.837042222742
948.004764805209
947.935945098470
948.305067054020
948.069127885754
947.659379934576
948.794887161290
947.730004089114
948.359044575636
949.258758908417
949.430042784268
949.006688428923
948.412389945882
947.927163069308
949.741631992312
949.317937900602
948.803952381020
948.977611706730
948.998325996591
948.863336239984
949.509253780182
950.087135879447
948.048851391390
949.242970521872
948.479406828271
949.099464473048
949.222926321595
948.951893364388
948.332064516913
952.067945076470
947.665638487046
950.592874897377
949.285497834821
948.627395448267
950.017779137803
949.008784484103
948.332973075024
947.725877082655
947.659379934576
948.230761476708
947.911678045659
947.962131509455
948.243434865338
948.039014216464
949.317848450280
948.666103109167
947.798897206216
948.562781030027
948.402004386952
949.110102993123
948.476903108938
948.012300359107
949.253307040994
950.068533175330
948.355414714194
948.799267855596
949.036132986143
948.416148923993
949.523930953071
947.806886796123
948.816653649939
948.664223705723
948.182753207565
948.486129098335
947.982302200198
948.031593572938
948.790686744467
947.426090423180
949.205003710688
949.879065719276
950.402913068816
949.311484497651
949.277337965032
948.576217393795
948.884700674780
948.275183805483
948.311125275689
949.194785223470
947.426090423180
947.687222606538
948.667984697336
948.847166361964
947.353661820840
948.302417397150
948.432345529129
949.681496845210
949.198811408519
949.947361527926
948.965786320135
948.356105178865
948.223906049559
949.325177383453