实验环境：
VeiNum = 2
Q_ant = 60
AntNum = 20 
iter_max = 100

抽取的客户节点编号为

Cus_select =

    78    18    55    87    66    24    53    94

各任务对应的的客户节点编号为

Task_Cus =

    78    18    55    87    66    24    53    94

cus：
35	35
35	35
35	35
61	52
20	40
63	23
28	18
49	73
65	35
37	31
26	27


task：
3	4	3	0	1
4	2	4	1	0
3	5	3	0	1
5	2	4	3	0
2	6	1	0	1
6	3	2	5	0
3	7	3	0	1
7	2	4	7	0
2	8	1	0	1
8	3	2	9	0
3	9	3	0	1
9	2	4	11	0
2	10	1	0	1
10	3	2	13	0
3	11	3	0	1
11	2	4	15	0


linktime
0	1.27661122835045	0.776611228350453	0.895284707521048	0.395284707521047	0	0.761577310586391	0.959619407771256	0.459619407771256	0	1.01242283656583	1.25000000000000	0.750000000000000	0	0.111803398874990	0.801039864469807	0.301039864469807
0.776611228350453	2.21988912336757	0	1.83856260253817	1.06800046816469	0.943277895017120	0.726722092687432	1.90289730278838	1.18453577404821	0.943277895017120	0.604669331122391	2.19327789501712	0.436606229914325	0.943277895017120	0.797260935955099	1.74431775948693	1.07529065838033
0	1.27661122835045	0.943277895017120	0.895284707521048	0.561951374187714	0	0.928243977253058	0.959619407771256	0.626286074437923	0	1.17908950323250	1.25000000000000	0.916666666666667	0	0.278470065541656	0.801039864469807	0.467706531136474
0.395284707521047	1.83856260253817	1.06800046816469	1.45723608170876	0	0.561951374187714	1.15596280216969	1.52157078195897	0.585234995535981	0.561951374187714	1.09829413182444	1.81195137418771	1.13192314226718	0.561951374187714	0.480884601541784	1.36299123865752	0.357945526581909
0	1.27661122835045	0.943277895017120	0.895284707521048	0.561951374187714	0	0.928243977253058	0.959619407771256	0.626286074437923	0	1.17908950323250	1.25000000000000	0.916666666666667	0	0.278470065541656	0.801039864469807	0.467706531136474
0.761577310586391	2.20485520560351	0.726722092687432	1.82352868477411	1.15596280216969	0.928243977253058	0	1.88786338502431	0.883883476483184	0.928243977253058	51.9230199429887	2.17824397725306	0.304138126514911	0.928243977253058	27.2029410174709	1.72928384172286	0.930389703296420
1.26157731058639	0.726722092687432	2.20485520560351	1.15596280216969	1.82352868477411	1.26157731058639	2.18982128783945	0.883883476483184	1.88786338502431	1.26157731058639	2.44066681381889	0.304138126514911	2.17824397725306	1.26157731058639	1.54004737612805	0.930389703296420	1.72928384172286
0.459619407771256	1.90289730278838	1.18453577404821	1.52157078195897	0.585234995535981	0.626286074437923	0.883883476483184	1.58590548220918	0	0.626286074437923	1.47181860295350	1.87628607443792	1.01796365357512	0.626286074437923	0.395284707521047	1.42732593890773	0.230488611432322
0	1.27661122835045	0.943277895017120	0.895284707521048	0.561951374187714	0	0.928243977253058	0.959619407771256	0.626286074437923	0	1.17908950323250	1.25000000000000	0.916666666666667	0	0.278470065541656	0.801039864469807	0.467706531136474
1.01242283656583	2.45570073158295	0.604669331122391	2.07437421075354	1.09829413182444	1.17908950323250	51.9230199429887	2.13870891100375	1.47181860295350	1.17908950323250	0	2.42908950323250	1.03077640640442	1.17908950323250	43.6806593356831	1.98012936770230	1.28573908706238
1.51242283656583	0.604669331122391	2.45570073158295	1.09829413182444	2.07437421075354	1.51242283656583	2.44066681381889	1.47181860295350	2.13870891100375	1.51242283656583	2.69151233979833	1.03077640640442	2.42908950323250	1.51242283656583	1.79089290210749	1.28573908706238	1.98012936770230
0.750000000000000	2.19327789501712	0.436606229914325	1.81195137418771	1.13192314226718	0.916666666666667	0.304138126514911	1.87628607443792	1.01796365357512	0.916666666666667	1.03077640640442	2.16666666666667	0	0.916666666666667	0.707106781186548	1.71770653113647	0.995301461869719
0	1.27661122835045	0.943277895017120	0.895284707521048	0.561951374187714	0	0.928243977253058	0.959619407771256	0.626286074437923	0	1.17908950323250	1.25000000000000	0.916666666666667	0	0.278470065541656	0.801039864469807	0.467706531136474
0.111803398874990	1.55508129389211	0.797260935955099	1.17375477306270	0.480884601541784	0.278470065541656	27.2029410174709	1.23808947331291	0.395284707521047	0.278470065541656	43.6806593356831	1.52847006554166	0.707106781186548	0.278470065541656	0	1.07950993001146	0.292617497767991
0.611803398874990	0.797260935955099	1.55508129389211	0.480884601541784	1.17375477306270	0.611803398874990	1.54004737612805	0.395284707521047	1.23808947331291	0.611803398874990	1.79089290210749	0.707106781186548	1.52847006554166	0.611803398874990	0.890273464416646	0.292617497767991	1.07950993001146
0.301039864469807	1.74431775948693	1.07529065838033	1.36299123865752	0.357945526581909	0.467706531136474	0.930389703296420	1.42732593890773	0.230488611432322	0.467706531136474	1.28573908706238	1.71770653113647	0.995301461869719	0.467706531136474	0.292617497767991	1.26874639560628	0
0	1.27661122835045	0.943277895017120	0.895284707521048	0.561951374187714	0	0.928243977253058	0.959619407771256	0.626286074437923	0	1.17908950323250	1.25000000000000	0.916666666666667	0	0.278470065541656	0.801039864469807	0.467706531136474


tasktime
0
0.166666666666667
1.44327789501712
0.166666666666667
1.06195137418771
1.42824397725306
0.166666666666667
0.166666666666667
1.12628607443792
1.67908950323250
0.166666666666667
0.166666666666667
1.41666666666667
0.778470065541656
0.166666666666667
0.166666666666667
0.967706531136474
1
4	2	4	0	0
5	2	4	0	0
2	6	1	0	1
7	2	4	0	0
2	8	1	0	1
9	2	4	0	0
2	10	1	0	1
11	2	4	0	0


2
3	4	3	0	1
3	5	3	0	1
6	3	2	0	0
3	7	3	0	1
8	3	2	0	0
3	9	3	0	1
10	3	2	0	0
3	11	3	0	1



linktime1
0	0.776611228350453	0.395284707521047	0	0.459619407771256	0	0.750000000000000	0	0.301039864469807
0	0.943277895017120	0.561951374187714	0	0.626286074437923	0	0.916666666666667	0	0.467706531136474
0	0.943277895017120	0.561951374187714	0	0.626286074437923	0	0.916666666666667	0	0.467706531136474
0.761577310586391	0.726722092687432	1.15596280216969	0.928243977253058	0.883883476483184	0.928243977253058	0.304138126514911	0.928243977253058	0.930389703296420
0	0.943277895017120	0.561951374187714	0	0.626286074437923	0	0.916666666666667	0	0.467706531136474
1.01242283656583	0.604669331122391	1.09829413182444	1.17908950323250	1.47181860295350	1.17908950323250	1.03077640640442	1.17908950323250	1.28573908706238
0	0.943277895017120	0.561951374187714	0	0.626286074437923	0	0.916666666666667	0	0.467706531136474
0.111803398874990	0.797260935955099	0.480884601541784	0.278470065541656	0.395284707521047	0.278470065541656	0.707106781186548	0.278470065541656	0.292617497767991
0	0.943277895017120	0.561951374187714	0	0.626286074437923	0	0.916666666666667	0	0.467706531136474

tasktime1
0
1.44327789501712
1.06195137418771
1.42824397725306
1.12628607443792
1.67908950323250
1.41666666666667
0.778470065541656
0.967706531136474


linktime2
0	1.27661122835045	0.895284707521048	0.761577310586391	0.959619407771256	1.01242283656583	1.25000000000000	0.111803398874990	0.801039864469807
0.776611228350453	2.21988912336757	1.83856260253817	0.726722092687432	1.90289730278838	0.604669331122391	2.19327789501712	0.797260935955099	1.74431775948693
0.395284707521047	1.83856260253817	1.45723608170876	1.15596280216969	1.52157078195897	1.09829413182444	1.81195137418771	0.480884601541784	1.36299123865752
1.26157731058639	0.726722092687432	1.15596280216969	2.18982128783945	0.883883476483184	2.44066681381889	0.304138126514911	1.54004737612805	0.930389703296420
0.459619407771256	1.90289730278838	1.52157078195897	0.883883476483184	1.58590548220918	1.47181860295350	1.87628607443792	0.395284707521047	1.42732593890773
1.51242283656583	0.604669331122391	1.09829413182444	2.44066681381889	1.47181860295350	2.69151233979833	1.03077640640442	1.79089290210749	1.28573908706238
0.750000000000000	2.19327789501712	1.81195137418771	0.304138126514911	1.87628607443792	1.03077640640442	2.16666666666667	0.707106781186548	1.71770653113647
0.611803398874990	0.797260935955099	0.480884601541784	1.54004737612805	0.395284707521047	1.79089290210749	0.707106781186548	0.890273464416646	0.292617497767991
