最优解为:1014.8367
最优解路径:

Best_route =

     9    10     5     6     1     0     0     0     0     0     0     0     0     0     0     0     0
     7     8    13    14    15    16     2     3     4    11    12     0     0     0     0     0     0
     0     0     0     0     0     0     0     0     0     0     0     0     0     0     0     0     0

本次运算用时:9.247秒
算法在第102代时收敛

best
1023.88151315110
1015.35561198024
1015.35561198024
1015.35561198024
1015.35561198024
1015.35561198024
1015.35561198024
1015.35561198024
1015.35561198024
1015.35561198024
1015.35561198024
1015.35561198024
1015.35561198024
1015.35561198024
1015.35561198024
1015.35561198024
1015.35561198024
1015.35561198024
1015.35561198024
1015.35561198024
1015.35561198024
1015.35561198024
1015.35561198024
1015.35561198024
1015.35561198024
1015.35561198024
1015.35561198024
1015.35561198024
1015.35561198024
1015.35561198024
1015.35561198024
1015.35561198024
1015.35561198024
1015.35561198024
1015.35561198024
1015.35561198024
1015.35561198024
1015.35561198024
1015.35561198024
1015.35561198024
1015.35561198024
1015.35561198024
1015.35561198024
1015.35561198024
1015.35561198024
1015.35561198024
1015.35561198024
1015.35561198024
1015.35561198024
1015.35561198024
1015.35561198024
1015.35561198024
1015.35561198024
1015.35561198024
1015.35561198024
1015.35561198024
1015.35561198024
1015.35561198024
1015.35561198024
1015.35561198024
1015.35561198024
1015.35561198024
1015.35561198024
1015.35561198024
1015.35561198024
1015.35561198024
1015.35561198024
1015.35561198024
1015.35561198024
1015.35561198024
1015.35561198024
1015.35561198024
1015.35561198024
1015.35561198024
1015.35561198024
1015.35561198024
1015.35561198024
1015.35561198024
1015.35561198024
1015.35561198024
1015.35561198024
1015.35561198024
1015.35561198024
1015.35561198024
1015.35561198024
1015.35561198024
1015.35561198024
1015.35561198024
1015.35561198024
1015.35561198024
1015.35561198024
1015.35561198024
1015.35561198024
1015.35561198024
1015.35561198024
1015.35561198024
1015.35561198024
1015.35561198024
1015.35561198024
1015.35561198024
1015.35561198024
1014.83670265445
1014.83670265445
1014.83670265445
1014.83670265445
1014.83670265445
1014.83670265445
1014.83670265445
1014.83670265445
1014.83670265445
1014.83670265445
1014.83670265445
1014.83670265445
1014.83670265445
1014.83670265445
1014.83670265445
1014.83670265445
1014.83670265445
1014.83670265445
1014.83670265445
1014.83670265445
1014.83670265445
1014.83670265445
1014.83670265445
1014.83670265445
1014.83670265445
1014.83670265445
1014.83670265445
1014.83670265445
1014.83670265445
1014.83670265445
1014.83670265445
1014.83670265445
1014.83670265445
1014.83670265445
1014.83670265445
1014.83670265445
1014.83670265445
1014.83670265445
1014.83670265445
1014.83670265445
1014.83670265445
1014.83670265445
1014.83670265445
1014.83670265445
1014.83670265445
1014.83670265445
1014.83670265445
1014.83670265445
1014.83670265445
1014.83670265445
1014.83670265445
1014.83670265445
1014.83670265445
1014.83670265445
1014.83670265445
1014.83670265445
1014.83670265445
1014.83670265445
1014.83670265445
1014.83670265445
1014.83670265445
1014.83670265445
1014.83670265445
1014.83670265445
1014.83670265445
1014.83670265445
1014.83670265445
1014.83670265445
1014.83670265445
1014.83670265445
1014.83670265445
1014.83670265445
1014.83670265445
1014.83670265445
1014.83670265445
1014.83670265445
1014.83670265445
1014.83670265445
1014.83670265445
1014.83670265445
1014.83670265445
1014.83670265445
1014.83670265445
1014.83670265445
1014.83670265445
1014.83670265445
1014.83670265445
1014.83670265445
1014.83670265445
1014.83670265445
1014.83670265445
1014.83670265445
1014.83670265445
1014.83670265445
1014.83670265445
1014.83670265445
1014.83670265445
1014.83670265445
1014.83670265445

ave
1304.37695758367
1344.36458547393
1332.12460207128
1288.78932891263
1356.10647923312
1347.80870627852
1412.33389337069
1280.33684199095
1259.62153813835
1306.04992065984
1255.76481826349
1330.75549912311
1256.31828022262
1278.77652398449
1240.40734792637
1295.37887389355
1290.01948420216
1273.01025445994
1295.42940730686
1264.57379637627
1102.71262691932
1225.12897705283
1313.94264897751
1191.86143387886
1252.84922930923
1250.39128765013
1179.00677678763
1101.95628159206
1137.12755797274
1123.63172649463
1187.90784862139
1138.94884290331
1111.01077116414
1107.21509405644
1256.99322468168
1122.40271129774
1158.70143893508
1101.42929344146
1074.24972946897
1134.86808941662
1109.27067780983
1128.63688694757
1158.62174072612
1202.01985248993
1054.71776968636
1232.13893846901
1104.08259588494
1124.75760402189
1080.50307851912
1164.36482207598
1057.55820340658
1109.81288328314
1145.20867759947
1140.26157398192
1108.40782462856
1148.96052738145
1226.69659629213
1104.41155142925
1115.28768707387
1126.80110418251
1046.12818866104
1050.31328377823
1109.88039525042
1205.73526633124
1063.81897955894
1105.92948132537
1110.65261406877
1103.23532367266
1173.34747869990
1156.41044144725
1150.99024413358
1100.20699966164
1106.81416179004
1143.66805421418
1105.77048876243
1125.86631900380
1158.69656622666
1161.90142631488
1193.26241359339
1187.93160667458
1080.47832901662
1121.92711195591
1053.39114214687
1130.07277568936
1177.84203379363
1139.95538128613
1070.51428407936
1168.15903360420
1115.15664791721
1164.17454621536
1088.98938596028
1119.61249792522
1086.18273299186
1162.35710329019
1103.45373513269
1159.51303113700
1075.59200575532
1159.10588014436
1309.06111325566
1098.06341166414
1090.38984113262
1116.15752209378
1111.92970494175
1170.04686115153
1103.04108394029
1142.90744372055
1132.15006780132
1074.83049163813
1083.26943232449
1078.70850058845
1105.22392346025
1215.65804254780
1105.04308317119
1101.12217008467
1169.85406581390
1110.41189945548
1180.89920993654
1153.85950175580
1106.13107255646
1143.37652030744
1136.09173901893
1132.32056225831
1092.50886834320
1115.42305651712
1129.96382724388
1108.11255937581
1169.69104267861
1068.59454024696
1177.57741702045
1108.40768870937
1080.55141682388
1122.77386803159
1112.15810297944
1064.98418630182
1109.98131175581
1111.26439941326
1105.99736188964
1139.77160403473
1144.34017428641
1094.57181049963
1239.46051735385
1142.70514384695
1173.41204471611
1110.18734455162
1053.32438701737
1133.07797393064
1147.51347042048
1120.01159010925
1142.58682047193
1100.09777591799
1129.77379189523
1087.95215375139
1103.73625556644
1206.62874750921
1106.48252902539
1142.65954981046
1047.21913404326
1119.38829274424
1123.05944024274
1065.10519467942
1156.12310364328
1050.19516642438
1128.63510160741
1185.17685957365
1112.51491746833
1156.13028046110
1123.76549231979
1066.22553011231
1182.90887751793
1135.51660934818
1122.64173920368
1132.38065701630
1116.57025308402
1174.49994519090
1168.45024232074
1084.50424789967
1178.45407502391
1132.86847836055
1045.50395910563
1099.61333207214
1137.95119861850
1122.03675409177
1109.24173420308
1205.13826590045
1062.34267173566
1171.15648318069
1057.53333207464
1140.26795337378
1104.73245984619
1109.74990629941
1113.78795918668
1181.76632753750
1119.98131153452
1170.25298159562
1112.53523360256
1053.88023572664
1103.48230681003
1124.75235240144
1071.06269050996
1082.18749817312