最优解为:860.8916
最优解路径:

Best_route =

     1     5     6     9    10    11     2    12     3     4     0     0     0
     7     8     0     0     0     0     0     0     0     0     0     0     0

本次运算用时:5.53秒
算法在第11代时收敛

best
921.492935916654
914.936854630799
914.936854630799
868.063448884226
868.063448884226
865.256858237339
865.256858237339
865.256858237339
865.256858237339
865.256858237339
860.891617329085
860.891617329085
860.891617329085
860.891617329085
860.891617329085
860.891617329085
860.891617329085
860.891617329085
860.891617329085
860.891617329085
860.891617329085
860.891617329085
860.891617329085
860.891617329085
860.891617329085
860.891617329085
860.891617329085
860.891617329085
860.891617329085
860.891617329085
860.891617329085
860.891617329085
860.891617329085
860.891617329085
860.891617329085
860.891617329085
860.891617329085
860.891617329085
860.891617329085
860.891617329085
860.891617329085
860.891617329085
860.891617329085
860.891617329085
860.891617329085
860.891617329085
860.891617329085
860.891617329085
860.891617329085
860.891617329085
860.891617329085
860.891617329085
860.891617329085
860.891617329085
860.891617329085
860.891617329085
860.891617329085
860.891617329085
860.891617329085
860.891617329085
860.891617329085
860.891617329085
860.891617329085
860.891617329085
860.891617329085
860.891617329085
860.891617329085
860.891617329085
860.891617329085
860.891617329085
860.891617329085
860.891617329085
860.891617329085
860.891617329085
860.891617329085
860.891617329085
860.891617329085
860.891617329085
860.891617329085
860.891617329085
860.891617329085
860.891617329085
860.891617329085
860.891617329085
860.891617329085
860.891617329085
860.891617329085
860.891617329085
860.891617329085
860.891617329085
860.891617329085
860.891617329085
860.891617329085
860.891617329085
860.891617329085
860.891617329085
860.891617329085
860.891617329085
860.891617329085
860.891617329085
860.891617329085
860.891617329085
860.891617329085
860.891617329085
860.891617329085
860.891617329085
860.891617329085
860.891617329085
860.891617329085
860.891617329085
860.891617329085
860.891617329085
860.891617329085
860.891617329085
860.891617329085
860.891617329085
860.891617329085
860.891617329085
860.891617329085
860.891617329085
860.891617329085
860.891617329085
860.891617329085
860.891617329085
860.891617329085
860.891617329085
860.891617329085
860.891617329085
860.891617329085
860.891617329085
860.891617329085
860.891617329085
860.891617329085
860.891617329085
860.891617329085
860.891617329085
860.891617329085
860.891617329085
860.891617329085
860.891617329085
860.891617329085
860.891617329085
860.891617329085
860.891617329085
860.891617329085
860.891617329085
860.891617329085
860.891617329085
860.891617329085
860.891617329085
860.891617329085
860.891617329085
860.891617329085
860.891617329085
860.891617329085
860.891617329085
860.891617329085
860.891617329085
860.891617329085
860.891617329085
860.891617329085
860.891617329085
860.891617329085
860.891617329085
860.891617329085
860.891617329085
860.891617329085
860.891617329085
860.891617329085
860.891617329085
860.891617329085
860.891617329085
860.891617329085
860.891617329085
860.891617329085
860.891617329085
860.891617329085
860.891617329085
860.891617329085
860.891617329085
860.891617329085
860.891617329085
860.891617329085
860.891617329085
860.891617329085
860.891617329085
860.891617329085
860.891617329085
860.891617329085
860.891617329085
860.891617329085
860.891617329085
860.891617329085
860.891617329085
860.891617329085
860.891617329085
860.891617329085
860.891617329085
860.891617329085
860.891617329085

ave
982.280489906460
995.830737465853
1141.05596717438
1045.03814590878
1111.70514233491
1094.33264483083
1009.21354185683
946.744042466096
1040.97473334321
1040.13914964131
1053.91901077813
1106.32998365460
1065.52292652149
973.908578116163
974.657181243557
998.392451416501
1116.62227718285
976.292589407194
1123.33873845071
950.844277055627
1003.27507864180
1013.28034430909
1078.76426632089
1020.61742851347
959.056718634070
999.750582157768
930.893818346538
973.061446152882
973.591404728118
927.325173410959
930.665274993885
1054.66859894591
928.402718895747
965.936516161784
974.833747160705
928.477476662265
999.302117458674
926.220706323687
942.176727781342
1007.02406996041
973.022468348636
928.695738707677
930.716102902458
958.619191354334
926.296406348290
960.053626388116
967.969592021985
928.628876711470
923.963935985109
966.013148248597
925.775214797179
983.170249106108
942.826078715759
923.963935985109
922.201859809432
928.477476662265
928.477476662265
921.707165646532
919.450395307954
949.961901501928
930.734247000843
930.734247000843
930.734247000842
928.477476662265
926.379335411298
930.734247000843
926.220706323687
926.220706323687
932.991017339420
928.477476662265
921.825280229119
923.963935985109
919.450395307954
928.477476662265
934.808227877855
921.707165646532
928.794734837486
919.945089470854
926.220706323687
928.477476662265
926.220706323687
957.299859084548
932.645301662265
921.707165646532
930.734247000843
930.734247000842
926.220706323687
923.963935985109
923.963935985109
923.963935985109
930.388531323687
930.734247000842
928.477476662265
921.707165646532
928.383632539277
969.846414134370
966.158313209915
970.671853887070
968.415083548493
1062.11245172138
928.601894584690
1017.72608912262
928.711805774478
917.005936723401
1159.85413995648
975.091550441239
1048.23207202477
1017.28592766604
928.027342403798
922.743962386275
973.619705288236
1067.75663326126
965.126027857055
924.625356232903
969.170347919274
1016.34748643617
1093.65605224506
1020.73812383198
1063.14924846112
972.129936075577
1109.85716636308
973.840897985782
1051.25603831669
974.194263786863
1109.66947811711
1114.27686291725
950.060481514801
1069.73187123088
973.496200350455
999.914812125634
969.076503796287
1009.10795480550
971.427118257852
1107.50655190152
1103.08685534735
1024.90534717555
1018.13503615981
924.343823863941
1156.56508426504
1071.80095332348
968.730788119131
924.343823863941
1071.98864156946
1106.17587101129
1578.62553959646
1576.08977942717
1393.46942949089
1618.30578554670
1484.64175132922
1489.06887814703
1580.60332010433
1623.66547237869
1709.72729702454
1578.34654976575
1520.62050645300
1578.34654976575
1523.65851740222
1530.89296395639
1621.31485791712
1605.77366934671
1759.15866334176
1324.02832495787
1709.44830719382
1615.52755409223
1571.10467294794
1479.39657272589
1616.46580409223
1617.88572891816
1573.77997584837
1615.09911523653
1616.69350436046
1610.98749679497
1520.74992327924
1667.84855827669
1603.19557341354
1523.81714648984
1622.29150466609
1477.17401355250
1428.46480785158
1227.30034909824
1054.69215537679
1143.18523458350
1091.63144464396
1236.09673311845
1007.15174136504
917.623216233985
945.981463117833
959.567237382342
962.853148042454
1036.75787780989
1010.19082825727
917.717060356972
920.411449613872
1045.65302892604
1005.89554962552
960.080981729368
959.977145386394
996.717151589001
1053.63894085603
1001.52877743310