实验环境：
VeiNum = 2
Q_ant = 150
AntNum = 20 
iter_max = 200
抽取的客户节点编号为

Cus_select =

    95    96    14    69    22    47    41     5

各任务对应的的客户节点编号为

Task_Cus =

    95    96    14    69    22    47    41     5

cus
40	50
40	50
40	50
56	37
55	54
5	45
31	52
40	15
2	45
58	75
20	85

task
2	4	1	0	1
4	3	2	1	0
2	5	1	0	1
5	3	2	3	0
3	6	3	0	1
6	2	4	5	0
3	7	3	0	1
7	2	4	7	0
3	8	3	0	1
8	2	4	9	0
2	9	1	0	1
9	3	2	11	0
3	10	3	0	1
10	2	4	13	0
3	11	3	0	1
11	2	4	15	0

linktime
0	0	0.515388203202208	0	0.388104367406501	1.38388347648318	0.883883476483184	0.730488611432322	0.230488611432322	1.37500000000000	0.875000000000000	0	0.958188394836840	1.27014609003747	0.770146090037468	1.50778221853732	1.00778221853732
0.515388203202208	0.682054869868874	0	0.682054869868874	17.0293863659264	2.06593834635206	1.29059094991403	1.41254348130120	0.728868986855663	2.05705486986887	0.680073525436772	0.682054869868874	54.5893762558247	1.95220095990634	0.951314879522022	2.18983708840619	1.50000000000000
1.01538820320221	1.01538820320221	1.69744307307108	1.01538820320221	1.57015923727538	1.29059094991403	2.06593834635206	0.728868986855663	1.41254348130120	0.680073525436772	2.05705486986887	1.01538820320221	2.14024326470571	0.951314879522022	1.95220095990634	1.50000000000000	2.18983708840619
0.388104367406501	0.554771034073167	17.0293863659264	0.554771034073167	0	1.93865451055635	1.27008857958805	1.28525964550549	0.602079728939615	1.92977103407317	1.04462912078881	0.554771034073167	53.7587202228625	1.82491712411064	0.530330085889911	2.06255325261049	1.16886697275610
0.888104367406501	0.888104367406501	1.57015923727537	0.888104367406501	1.44287540147967	1.27008857958805	1.93865451055635	0.602079728939615	1.28525964550549	1.04462912078881	1.92977103407317	0.888104367406501	2.01295942891001	0.530330085889911	1.82491712411064	1.16886697275610	2.06255325261049
0.883883476483184	1.05055014314985	1.29059094991403	1.05055014314985	1.27008857958805	2.43443361963304	0	1.78103875458217	0.673145600891813	2.42555014314985	1.15244305716161	1.05055014314985	0.0750000000000000	2.32069623318732	1.52253899785851	2.55833236168717	1.06800046816469
0	0	0.682054869868874	0	0.554771034073167	1.38388347648318	1.05055014314985	0.730488611432322	0.397155278098989	1.37500000000000	1.04166666666667	0	1.12485506150351	1.27014609003747	0.936812756704135	1.50778221853732	1.17444888520399
0.230488611432322	0.397155278098989	0.728868986855663	0.397155278098989	0.602079728939615	1.78103875458217	0.673145600891813	1.12764388953131	0	1.77215527809899	0.951971638232989	0.397155278098989	0.745821694508815	1.66730136813646	0.886707392548410	1.90493749663631	0.869626356546304
0	0	0.682054869868874	0	0.554771034073167	1.38388347648318	1.05055014314985	0.730488611432322	0.397155278098989	1.37500000000000	1.04166666666667	0	1.12485506150351	1.27014609003747	0.936812756704135	1.50778221853732	1.17444888520399
0.875000000000000	1.04166666666667	0.680073525436772	1.04166666666667	1.04462912078881	2.42555014314985	1.15244305716161	1.77215527809899	0.951971638232989	2.41666666666667	0	1.04166666666667	1.21037184369102	2.31181275670413	1.56604597633658	2.54944888520399	1.82002747232013
0	0	0.682054869868874	0	0.554771034073167	1.38388347648318	1.05055014314985	0.730488611432322	0.397155278098989	1.37500000000000	1.04166666666667	0	1.12485506150351	1.27014609003747	0.936812756704135	1.50778221853732	1.17444888520399
0.958188394836840	1.12485506150351	54.5893762558247	1.12485506150351	53.7587202228625	2.50873853798669	0.0750000000000000	1.85534367293583	0.745821694508815	2.49985506150351	1.21037184369102	1.12485506150351	0	2.39500115154098	1.58823801742686	2.63263728004083	1.09658560997307
1.45818839483684	1.45818839483684	2.14024326470571	1.45818839483684	2.01295942891001	0.0750000000000000	2.50873853798669	0.745821694508815	1.85534367293583	1.21037184369102	2.49985506150351	1.45818839483684	2.58304345634035	1.58823801742686	2.39500115154098	1.09658560997307	2.63263728004083
0.770146090037468	0.936812756704135	0.951314879522022	0.936812756704135	0.530330085889911	2.32069623318732	1.52253899785851	1.66730136813646	0.886707392548410	2.31181275670413	1.56604597633658	0.936812756704135	1.58823801742686	2.20695884674160	0	2.44459497524145	0.982344135219425
0	0	0.682054869868874	0	0.554771034073167	1.38388347648318	1.05055014314985	0.730488611432322	0.397155278098989	1.37500000000000	1.04166666666667	0	1.12485506150351	1.27014609003747	0.936812756704135	1.50778221853732	1.17444888520399
1.00778221853732	1.17444888520399	1.50000000000000	1.17444888520399	1.16886697275610	2.55833236168717	1.06800046816469	1.90493749663631	0.869626356546304	2.54944888520399	1.82002747232013	1.17444888520399	1.09658560997307	2.44459497524145	0.982344135219425	2.68223110374130	0
0	0	0.682054869868874	0	0.554771034073167	1.38388347648318	1.05055014314985	0.730488611432322	0.397155278098989	1.37500000000000	1.04166666666667	0	1.12485506150351	1.27014609003747	0.936812756704135	1.50778221853732	1.17444888520399

tasktime
0
1.18205486986887
0.166666666666667
1.05477103407317
0.166666666666667
0.166666666666667
1.55055014314985
0.166666666666667
0.897155278098989
0.166666666666667
1.54166666666667
1.62485506150351
0.166666666666667
0.166666666666667
1.43681275670413
0.166666666666667
1.67444888520399


1
2	4	1	0	1
2	5	1	0	1
6	2	4	0	0
7	2	4	0	0
8	2	4	0	0
2	9	1	0	1
10	2	4	0	0
11	2	4	0	0

2
4	3	2	0	0
5	3	2	0	0
3	6	3	0	1
3	7	3	0	1
3	8	3	0	1
9	3	2	0	0
3	10	3	0	1
3	11	3	0	1

linktime1
0	0	0	0.883883476483184	0.230488611432322	0.875000000000000	0	0.770146090037468	1.00778221853732
0.515388203202208	0.682054869868874	0.682054869868874	1.29059094991403	0.728868986855663	0.680073525436772	0.682054869868874	0.951314879522022	1.50000000000000
0.388104367406501	0.554771034073167	0.554771034073167	1.27008857958805	0.602079728939615	1.04462912078881	0.554771034073167	0.530330085889911	1.16886697275610
0	0	0	1.05055014314985	0.397155278098989	1.04166666666667	0	0.936812756704135	1.17444888520399
0	0	0	1.05055014314985	0.397155278098989	1.04166666666667	0	0.936812756704135	1.17444888520399
0	0	0	1.05055014314985	0.397155278098989	1.04166666666667	0	0.936812756704135	1.17444888520399
0.958188394836840	1.12485506150351	1.12485506150351	0.0750000000000000	0.745821694508815	1.21037184369102	1.12485506150351	1.58823801742686	1.09658560997307
0	0	0	1.05055014314985	0.397155278098989	1.04166666666667	0	0.936812756704135	1.17444888520399
0	0	0	1.05055014314985	0.397155278098989	1.04166666666667	0	0.936812756704135	1.17444888520399

tasktime1
0
1.18205486986887
1.05477103407317
1.55055014314985
0.897155278098989
1.54166666666667
1.62485506150351
1.43681275670413
1.67444888520399

linktime2
0	0.515388203202208	0.388104367406501	1.38388347648318	0.730488611432322	1.37500000000000	0.958188394836840	1.27014609003747	1.50778221853732
1.01538820320221	1.69744307307108	1.57015923727538	1.29059094991403	0.728868986855663	0.680073525436772	2.14024326470571	0.951314879522022	1.50000000000000
0.888104367406501	1.57015923727537	1.44287540147967	1.27008857958805	0.602079728939615	1.04462912078881	2.01295942891001	0.530330085889911	1.16886697275610
0.883883476483184	1.29059094991403	1.27008857958805	2.43443361963304	1.78103875458217	2.42555014314985	0.0750000000000000	2.32069623318732	2.55833236168717
0.230488611432322	0.728868986855663	0.602079728939615	1.78103875458217	1.12764388953131	1.77215527809899	0.745821694508815	1.66730136813646	1.90493749663631
0.875000000000000	0.680073525436772	1.04462912078881	2.42555014314985	1.77215527809899	2.41666666666667	1.21037184369102	2.31181275670413	2.54944888520399
1.45818839483684	2.14024326470571	2.01295942891001	0.0750000000000000	0.745821694508815	1.21037184369102	2.58304345634035	1.58823801742686	1.09658560997307
0.770146090037468	0.951314879522022	0.530330085889911	2.32069623318732	1.66730136813646	2.31181275670413	1.58823801742686	2.20695884674160	2.44459497524145
