实验环境：
VeiNum = 2
Q_ant = 100
AntNum = 20 
iter_max = 200
抽取的客户节点编号为

Cus_select =

    28    83    31    51    12    29

各任务对应的的客户节点编号为

Task_Cus =

    28    83    31    51    12    29

cus
40	50
40	50
40	50
92	30
37	31
88	35
55	20
8	45
90	35

task
3	4	3	0	1
4	2	4	1	0
3	5	3	0	1
5	2	4	3	0
3	6	3	0	1
6	2	4	5	0
3	7	3	0	1
7	2	4	7	0
3	8	3	0	1
8	2	4	9	0
2	9	1	0	1
9	3	2	11	0

linktime
0	1.89283882771841	1.39283882771841	0.980884601541784	0.480884601541784	1.75722909606802	1.25722909606802	1.33852549156242	0.838525491562421	1.30970673703508	0.809706737035082	0	1.30503831361382
1.39283882771841	3.45234432210349	0	2.54039009592686	1.37522725394751	3.31673459045309	0.160078105935821	2.89803098594750	0.958188394836840	2.86921223142016	2.13321939799918	1.55950549438508	0.134629120178363
0	1.89283882771841	1.55950549438508	0.980884601541784	0.647551268208450	1.75722909606802	1.42389576273468	1.33852549156242	1.00519215822909	1.30970673703508	0.976373403701749	0	1.47170498028049
0.480884601541784	2.54039009592686	1.37522725394751	1.62843586975023	0	2.40478036427647	1.27891555624287	1.98607675977087	0.527375577743225	1.95725800524353	0.805062109405231	0.647551268208450	1.32876822659183
0	1.89283882771841	1.55950549438508	0.980884601541784	0.647551268208450	1.75722909606802	1.42389576273468	1.33852549156242	1.00519215822909	1.30970673703508	0.976373403701749	0	1.47170498028049
1.25722909606802	3.31673459045309	0.160078105935821	2.40478036427647	1.27891555624287	3.18112485880270	0	2.76242125429710	0.906228448019593	2.73360249976977	2.01556443707464	1.42389576273468	0.0500000000000000
0	1.89283882771841	1.55950549438508	0.980884601541784	0.647551268208450	1.75722909606802	1.42389576273468	1.33852549156242	1.00519215822909	1.30970673703508	0.976373403701749	0	1.47170498028049
0.838525491562421	2.89803098594750	0.958188394836840	1.98607675977087	0.527375577743225	2.76242125429710	0.906228448019593	2.34371764979151	0	2.31489889526417	1.33088316542062	1.00519215822909	0.951971638232989
0	1.89283882771841	1.55950549438508	0.980884601541784	0.647551268208450	1.75722909606802	1.42389576273468	1.33852549156242	1.00519215822909	1.30970673703508	0.976373403701749	0	1.47170498028049
0.809706737035082	2.86921223142016	2.13321939799918	1.95725800524353	0.805062109405231	2.73360249976977	2.01556443707464	2.31489889526417	1.33088316542062	2.28608014073683	0	0.976373403701749	2.06518764280634
0	1.89283882771841	1.55950549438508	0.980884601541784	0.647551268208450	1.75722909606802	1.42389576273468	1.33852549156242	1.00519215822909	1.30970673703508	0.976373403701749	0	1.47170498028049
1.30503831361382	3.36454380799890	0.134629120178363	2.45258958182227	1.32876822659183	3.22893407634850	0.0500000000000000	2.81023047184291	0.951971638232989	2.78141171731557	2.06518764280634	1.47170498028049	0
1.80503831361382	0.134629120178363	3.36454380799890	1.32876822659183	2.45258958182227	0.0500000000000000	3.22893407634850	0.951971638232989	2.81023047184291	2.06518764280634	2.78141171731557	1.80503831361382	3.27674329389430

tasktime
0
0.166666666666667
2.05950549438508
0.166666666666667
1.14755126820845
0.166666666666667
1.92389576273468
0.166666666666667
1.50519215822909
0.166666666666667
1.47637340370175
1.97170498028049
0.166666666666667


1
4	2	4	0	0
5	2	4	0	0
6	2	4	0	0
7	2	4	0	0
8	2	4	0	0
2	9	1	0	1


2
3	4	3	0	1
3	5	3	0	1
3	6	3	0	1
3	7	3	0	1
3	8	3	0	1
9	3	2	0	0


linktime1
0	1.39283882771841	0.480884601541784	1.25722909606802	0.838525491562421	0.809706737035082	0
0	1.55950549438508	0.647551268208450	1.42389576273468	1.00519215822909	0.976373403701749	0
0	1.55950549438508	0.647551268208450	1.42389576273468	1.00519215822909	0.976373403701749	0
0	1.55950549438508	0.647551268208450	1.42389576273468	1.00519215822909	0.976373403701749	0
0	1.55950549438508	0.647551268208450	1.42389576273468	1.00519215822909	0.976373403701749	0
0	1.55950549438508	0.647551268208450	1.42389576273468	1.00519215822909	0.976373403701749	0
1.30503831361382	0.134629120178363	1.32876822659183	0.0500000000000000	0.951971638232989	2.06518764280634	1.47170498028049

tasktime1
0
2.05950549438508
1.14755126820845
1.92389576273468
1.50519215822909
1.47637340370175
1.97170498028049

linktime2
0	1.89283882771841	0.980884601541784	1.75722909606802	1.33852549156242	1.30970673703508	1.30503831361382
1.39283882771841	3.45234432210349	2.54039009592686	3.31673459045309	2.89803098594750	2.86921223142016	0.134629120178363
0.480884601541784	2.54039009592686	1.62843586975023	2.40478036427647	1.98607675977087	1.95725800524353	1.32876822659183
1.25722909606802	3.31673459045309	2.40478036427647	3.18112485880270	2.76242125429710	2.73360249976977	0.0500000000000000
0.838525491562421	2.89803098594750	1.98607675977087	2.76242125429710	2.34371764979151	2.31489889526417	0.951971638232989
0.809706737035082	2.86921223142016	1.95725800524353	2.73360249976977	2.31489889526417	2.28608014073683	2.06518764280634
1.80503831361382	0.134629120178363	1.32876822659183	0.0500000000000000	0.951971638232989	2.06518764280634	3.27674329389430

tasktime2
0
0.166666666666667
0.166666666666667
0.166666666666667
0.166666666666667
0.166666666666667
0.166666666666667