实验环境：
VeiNum = 5
Q_ant =200
AntNum = 25
iter_max = 500

cus：
40	50
40	50
40	50
75	55
60	55
22	75
63	58
50	30
35	66
23	52
25	30
60	85
65	60
20	80
65	55
68	60
33	35
45	35

task：
2	4	1	0	1
4	3	2	1	0
2	5	1	0	1
5	3	2	3	0
3	6	3	0	1
6	2	4	5	0
3	7	3	0	1
7	2	4	7	0
2	8	1	0	1
8	3	2	9	0
3	9	3	0	1
9	2	4	11	0
2	10	1	0	1
10	3	2	13	0
3	11	3	0	1
11	2	4	15	0
3	12	3	0	1
12	2	4	17	0
3	13	3	0	1
13	2	4	19	0
2	14	1	0	1
14	3	2	21	0
3	15	3	0	1
15	2	4	23	0
2	16	1	0	1
16	3	2	25	0
3	17	3	0	1
17	2	4	27	0
2	18	1	0	1
18	3	2	29	0


抽取的客户节点编号为

Cus_select =

    82    90    13    89    61    10    27    51    97    88    15    87    85    43    69

各任务对应的的客户节点编号为

Task_Cus =

    82    90    13    89    61    10    27    51    97    88    15    87    85    43    69




Task_size: 30



Tasktime:
0
1.55055014314985
0.166666666666667
1.18205486986887
0.166666666666667
0.166666666666667
1.43681275670413
0.166666666666667
1.27545644976096
1.22568366104161
0.166666666666667
0.166666666666667
1.08574303202267
1.09459773588226
0.166666666666667
0.166666666666667
1.29166666666667
0.166666666666667
1.67444888520399
0.166666666666667
1.33981226755848
1.56805448553266
0.166666666666667
0.166666666666667
1.30404410586576
1.40997010403259
0.166666666666667
0.166666666666667
1.08049030059784
1.06195137418771
0.166666666666667


Linktime:
0	0	0.883883476483184	0	0.515388203202208	1.27014609003747	0.770146090037468	1.10878978309430	0.608789783094296	0	0.559016994374948	0.919076365356005	0.419076365356005	0	0.427931069215592	1.12500000000000	0.625000000000000	1.50778221853732	1.00778221853732	1.17314560089181	0.673145600891813	0	0.901387818865997	1.13737743919910	0.637377439199098	0	0.743303437365925	0.913823633931171	0.413823633931171	0	0.395284707521047
0.883883476483184	1.05055014314985	0	1.05055014314985	15	2.32069623318732	1.41620090382685	2.15933992624415	0.309232921921325	1.05055014314985	35.3553390593274	1.96962650850586	1.03712342563458	1.05055014314985	52.0864665724217	2.17555014314985	1.39754248593737	2.55833236168717	0.838525491562421	2.22369574404166	0.279508497187474	1.05055014314985	60.4152298679729	2.18792758234895	0.250000000000000	1.05055014314985	8.60232526704263	1.96437377708102	1.16297033496130	1.05055014314985	36.0555127546399
1.38388347648318	1.38388347648318	2.43443361963304	1.38388347648318	2.06593834635206	1.41620090382685	2.32069623318732	0.309232921921325	2.15933992624415	1.38388347648318	2.10956713752480	1.03712342563458	1.96962650850586	1.38388347648318	1.97848121236544	1.39754248593737	2.17555014314985	0.838525491562421	2.55833236168717	0.279508497187474	2.22369574404166	1.38388347648318	2.45193796201585	0.250000000000000	2.18792758234895	1.38388347648318	2.29385358051578	1.16297033496130	1.96437377708102	1.38388347648318	1.94583485067090
0.515388203202208	0.682054869868874	15	0.682054869868874	0	1.95220095990634	1.07354552767919	1.79084465296317	0.106066017177982	0.682054869868874	26.9258240356725	1.60113123522488	0.682825014187383	0.682054869868874	37.1214223865412	1.80705486986887	1.07529065838033	2.18983708840619	0.750000000000000	1.85520047076069	0.176776695296637	0.682054869868874	47.1699056602830	1.81943230906797	0.125000000000000	0.682054869868874	9.43398113205660	1.59587850380005	0.840014880820572	0.682054869868874	25
1.01538820320221	1.01538820320221	2.06593834635206	1.01538820320221	1.69744307307108	1.07354552767919	1.95220095990634	0.106066017177982	1.79084465296317	1.01538820320221	1.74107186424382	0.682825014187383	1.60113123522488	1.01538820320221	1.60998593908447	1.07529065838033	1.80705486986887	0.750000000000000	2.18983708840619	0.176776695296637	1.85520047076069	1.01538820320221	2.08344268873487	0.125000000000000	1.81943230906797	1.01538820320221	1.92535830723480	0.840014880820572	1.59587850380005	1.01538820320221	1.57733957738992
0.770146090037468	0.936812756704135	1.41620090382685	0.936812756704135	1.07354552767919	2.20695884674160	0	2.04560253979843	1.10961705105861	0.936812756704135	1.32500000000000	1.85588912206014	0.395284707521047	0.936812756704135	0.575543221661067	2.06181275670413	1.12749722837797	2.44459497524145	0.982344135219425	2.10995835759595	1.13852975367357	0.936812756704135	0.134629120178363	2.07419019590323	1.18559057013794	0.936812756704135	1.20959704034029	1.85063639063531	1.03712342563458	0.936812756704135	1.15352719950593
0	0	1.05055014314985	0	0.682054869868874	1.27014609003747	0.936812756704135	1.10878978309430	0.775456449760963	0	0.725683661041614	0.919076365356005	0.585743032022672	0	0.594597735882259	1.12500000000000	0.791666666666667	1.50778221853732	1.17444888520399	1.17314560089181	0.839812267558480	0	1.06805448553266	1.13737743919910	0.804044105865765	0	0.909970104032592	0.913823633931171	0.580490300597838	0	0.561951374187714
0.608789783094296	0.775456449760963	0.309232921921325	0.775456449760963	0.106066017177982	2.04560253979843	1.10961705105861	1.88424623285526	0	0.775456449760963	0.771767452021657	1.69453281511697	0.728010988928052	0.775456449760963	1.01118742080783	1.90045644976096	1.18004237212059	2.28323866829828	0.679153885360306	1.94860205065278	0.0707106781186548	0.775456449760963	1.20752846757333	1.91283388896006	0.0901387818865997	0.775456449760963	0.134629120178363	1.68928008369213	0.945052908571790	0.775456449760963	0.730154093325512
0	0	1.05055014314985	0	0.682054869868874	1.27014609003747	0.936812756704135	1.10878978309430	0.775456449760963	0	0.725683661041614	0.919076365356005	0.585743032022672	0	0.594597735882259	1.12500000000000	0.791666666666667	1.50778221853732	1.17444888520399	1.17314560089181	0.839812267558480	0	1.06805448553266	1.13737743919910	0.804044105865765	0	0.909970104032592	0.913823633931171	0.580490300597838	0	0.561951374187714
0.559016994374948	0.725683661041614	35.3553390593274	0.725683661041614	26.9258240356725	1.99582975107908	1.32500000000000	1.83447344413591	0.771767452021657	0.725683661041614	0	1.64476002639762	0.975000000000000	0.725683661041614	34.8281495345360	1.85068366104161	0.625000000000000	2.23346587957893	1.39754248593737	1.89882926193343	0.838525491562421	0.725683661041614	58.3095189484530	1.86306110024071	0.728868986855663	0.725683661041614	34.9857113690718	1.63950729497279	0.443001128666734	0.725683661041614	7.07106781186548
1.05901699437495	1.05901699437495	2.10956713752480	1.05901699437495	1.74107186424382	1.32500000000000	1.99582975107908	0.771767452021657	1.83447344413591	1.05901699437495	1.78470065541656	0.975000000000000	1.64476002639762	1.05901699437495	1.65361473025721	0.625000000000000	1.85068366104161	1.39754248593737	2.23346587957893	0.838525491562421	1.89882926193343	1.05901699437495	2.12707147990761	0.728868986855663	1.86306110024071	1.05901699437495	1.96898709840754	0.443001128666734	1.63950729497279	1.05901699437495	1.62096836856266
0.419076365356005	0.585743032022672	1.03712342563458	0.585743032022672	0.682825014187383	1.85588912206014	0.395284707521047	1.69453281511697	0.728010988928052	0.585743032022672	0.975000000000000	1.50481939737868	0	0.585743032022672	0.460977222864644	1.71074303202267	0.934077084613470	2.09352525055999	0.785015923405379	1.75888863291449	0.764852927038918	0.585743032022672	0.512957113217080	1.72312047122177	0.798827265433523	0.585743032022672	0.838525491562421	1.49956666595384	0.776611228350453	0.585743032022672	0.814324873745117
0	0	1.05055014314985	0	0.682054869868874	1.27014609003747	0.936812756704135	1.10878978309430	0.775456449760963	0	0.725683661041614	0.919076365356005	0.585743032022672	0	0.594597735882259	1.12500000000000	0.791666666666667	1.50778221853732	1.17444888520399	1.17314560089181	0.839812267558480	0	1.06805448553266	1.13737743919910	0.804044105865765	0	0.909970104032592	0.913823633931171	0.580490300597838	0	0.561951374187714
0.427931069215592	0.594597735882259	52.0864665724217	0.594597735882259	37.1214223865412	1.86474382591973	0.575543221661067	1.70338751897656	1.01118742080783	0.594597735882259	34.8281495345360	1.51367410123826	0.460977222864644	0.594597735882259	0	1.71959773588226	0.552268050859363	2.10237995441958	1.23945552562405	1.76774333677407	1.06887791632160	0.594597735882259	28.1602556806574	1.73197517508136	1.05267516357137	0.594597735882259	45.7055795281058	1.50842136981343	0.493077073082901	0.594597735882259	27.8028775489157
0.927931069215592	0.927931069215592	1.97848121236544	0.927931069215592	1.60998593908447	0.575543221661067	1.86474382591973	1.01118742080783	1.70338751897656	0.927931069215592	1.65361473025721	0.460977222864644	1.51367410123826	0.927931069215592	1.52252880509785	0.552268050859363	1.71959773588226	1.23945552562405	2.10237995441958	1.06887791632160	1.76774333677407	0.927931069215592	1.99598555474826	1.05267516357137	1.73197517508136	0.927931069215592	1.83790117324818	0.493077073082901	1.50842136981343	0.927931069215592	1.48988244340331
0.625000000000000	0.791666666666667	1.39754248593737	0.791666666666667	1.07529065838033	2.06181275670413	1.12749722837797	1.90045644976096	1.18004237212059	0.791666666666667	0.625000000000000	1.71074303202267	0.934077084613470	0.791666666666667	0.552268050859363	1.91666666666667	0	2.29944888520399	1.62980060130066	1.96481226755848	1.25000000000000	0.791666666666667	1.25623445264011	1.92904410586576	1.17924764150708	0.791666666666667	1.31077267289183	1.70549030059784	0.235849528301415	0.791666666666667	0.515388203202208
0	0	1.05055014314985	0	0.682054869868874	1.27014609003747	0.936812756704135	1.10878978309430	0.775456449760963	0	0.725683661041614	0.919076365356005	0.585743032022672	0	0.594597735882259	1.12500000000000	0.791666666666667	1.50778221853732	1.17444888520399	1.17314560089181	0.839812267558480	0	1.06805448553266	1.13737743919910	0.804044105865765	0	0.909970104032592	0.913823633931171	0.580490300597838	0	0.561951374187714
1.00778221853732	1.17444888520399	0.838525491562421	1.17444888520399	0.750000000000000	2.44459497524145	0.982344135219425	2.28323866829828	0.679153885360306	1.17444888520399	1.39754248593737	2.09352525055999	0.785015923405379	1.17444888520399	1.23945552562405	2.29944888520399	1.62980060130066	2.68223110374130	0	2.34759448609580	0.637377439199098	1.17444888520399	1.00778221853732	2.31182632440308	0.760345316287278	1.17444888520399	0.656220237420334	2.08827251913516	1.42060726451754	1.17444888520399	1.30503831361382
0	0	1.05055014314985	0	0.682054869868874	1.27014609003747	0.936812756704135	1.10878978309430	0.775456449760963	0	0.725683661041614	0.919076365356005	0.585743032022672	0	0.594597735882259	1.12500000000000	0.791666666666667	1.50778221853732	1.17444888520399	1.17314560089181	0.839812267558480	0	1.06805448553266	1.13737743919910	0.804044105865765	0	0.909970104032592	0.913823633931171	0.580490300597838	0	0.561951374187714
0.673145600891813	0.839812267558480	0.279508497187474	0.839812267558480	0.176776695296637	2.10995835759595	1.13852975367357	1.94860205065278	0.0707106781186548	0.839812267558480	0.838525491562421	1.75888863291448	0.764852927038918	0.839812267558480	1.06887791632160	1.96481226755848	1.25000000000000	2.34759448609580	0.637377439199098	2.01295786845029	0	0.839812267558480	1.23110722522451	1.97718970675758	0.125000000000000	0.839812267558480	0.0750000000000000	1.75363590148965	1.01519702521235	0.839812267558480	0.800390529679106
0	0	1.05055014314985	0	0.682054869868874	1.27014609003747	0.936812756704135	1.10878978309430	0.775456449760963	0	0.725683661041614	0.919076365356005	0.585743032022672	0	0.594597735882259	1.12500000000000	0.791666666666667	1.50778221853732	1.17444888520399	1.17314560089181	0.839812267558480	0	1.06805448553266	1.13737743919910	0.804044105865765	0	0.909970104032592	0.913823633931171	0.580490300597838	0	0.561951374187714
0.901387818865997	1.06805448553266	60.4152298679729	1.06805448553266	47.1699056602830	2.33820057557013	0.134629120178363	2.17684426862696	1.20752846757333	1.06805448553266	58.3095189484530	1.98713085088867	0.512957113217080	1.06805448553266	28.1602556806574	2.19305448553266	1.25623445264011	2.57583670406998	1.00778221853732	2.24120008642448	1.23110722522451	1.06805448553266	0	2.20543192473176	1.28695376762338	1.06805448553266	52	1.98187811946384	1.17100384286304	1.06805448553266	51.4781507049350
1.40138781886600	1.40138781886600	2.45193796201585	1.40138781886600	2.08344268873487	0.134629120178363	2.33820057557013	1.20752846757333	2.17684426862696	1.40138781886600	2.12707147990761	0.512957113217080	1.98713085088867	1.40138781886600	1.99598555474826	1.25623445264011	2.19305448553266	1.00778221853732	2.57583670406998	1.23110722522451	2.24120008642448	1.40138781886600	2.46944230439866	1.28695376762338	2.20543192473176	1.40138781886600	2.31135792289859	1.17100384286304	1.98187811946384	1.40138781886600	1.96333919305371
0.637377439199098	0.804044105865765	0.250000000000000	0.804044105865765	0.125000000000000	2.07419019590323	1.18559057013794	1.91283388896006	0.0901387818865997	0.804044105865765	0.728868986855663	1.72312047122177	0.798827265433523	0.804044105865765	1.05267516357137	1.92904410586576	1.17924764150708	2.31182632440308	0.760345316287278	1.97718970675758	0.125000000000000	0.804044105865765	1.28695376762338	1.94142154506486	0	0.804044105865765	0.145773797371133	1.71786773979694	0.943398113205660	0.804044105865765	0.707106781186548
0	0	1.05055014314985	0	0.682054869868874	1.27014609003747	0.936812756704135	1.10878978309430	0.775456449760963	0	0.725683661041614	0.919076365356005	0.585743032022672	0	0.594597735882259	1.12500000000000	0.791666666666667	1.50778221853732	1.17444888520399	1.17314560089181	0.839812267558480	0	1.06805448553266	1.13737743919910	0.804044105865765	0	0.909970104032592	0.913823633931171	0.580490300597838	0	0.561951374187714
0.743303437365925	0.909970104032592	8.60232526704263	0.909970104032592	9.43398113205660	2.18011619407006	1.20959704034029	2.01875988712689	0.134629120178363	0.909970104032592	34.9857113690718	1.82904646938860	0.838525491562421	0.909970104032592	45.7055795281058	2.03497010403259	1.31077267289183	2.41775232256991	0.656220237420334	2.08311570492441	0.0750000000000000	0.909970104032592	52	2.04734754323169	0.145773797371133	0.909970104032592	0	1.82379373796376	1.07529065838033	0.909970104032592	33.9705755029261
1.24330343736593	1.24330343736593	2.29385358051578	1.24330343736593	1.92535830723480	1.20959704034029	2.18011619407006	0.134629120178363	2.01875988712689	1.24330343736593	1.96898709840754	0.838525491562421	1.82904646938860	1.24330343736593	1.83790117324818	1.31077267289183	2.03497010403259	0.656220237420334	2.41775232256991	0.0750000000000000	2.08311570492441	1.24330343736593	2.31135792289859	0.145773797371133	2.04734754323169	1.24330343736593	2.15327354139852	1.07529065838033	1.82379373796376	1.24330343736593	1.80525481155364
0.413823633931171	0.580490300597838	1.16297033496130	0.580490300597838	0.840014880820572	1.85063639063531	1.03712342563458	1.68928008369213	0.945052908571790	0.580490300597838	0.443001128666734	1.49956666595384	0.776611228350453	0.580490300597838	0.493077073082901	1.70549030059784	0.235849528301415	2.08827251913516	1.42060726451754	1.75363590148965	1.01519702521235	0.580490300597838	1.17100384286304	1.71786773979694	0.943398113205660	0.580490300597838	1.07529065838033	1.49431393452901	0	0.580490300597838	0.300000000000000
0	0	1.05055014314985	0	0.682054869868874	1.27014609003747	0.936812756704135	1.10878978309430	0.775456449760963	0	0.725683661041614	0.919076365356005	0.585743032022672	0	0.594597735882259	1.12500000000000	0.791666666666667	1.50778221853732	1.17444888520399	1.17314560089181	0.839812267558480	0	1.06805448553266	1.13737743919910	0.804044105865765	0	0.909970104032592	0.913823633931171	0.580490300597838	0	0.561951374187714
0.395284707521047	0.561951374187714	36.0555127546399	0.561951374187714	25	1.83209746422518	1.15352719950593	1.67074115728201	0.730154093325512	0.561951374187714	7.07106781186548	1.48102773954372	0.814324873745117	0.561951374187714	27.8028775489157	1.68695137418771	0.515388203202208	2.06973359272503	1.30503831361382	1.73509697507953	0.800390529679106	0.561951374187714	51.4781507049350	1.69932881338681	0.707106781186548	0.561951374187714	33.9705755029261	1.47577500811889	0.300000000000000	0.561951374187714	0
0.895284707521048	0.895284707521048	1.94583485067090	0.895284707521048	1.57733957738992	1.15352719950593	1.83209746422518	0.730154093325512	1.67074115728201	0.895284707521048	1.62096836856266	0.814324873745117	1.48102773954372	0.895284707521048	1.48988244340331	0.515388203202208	1.68695137418771	1.30503831361382	2.06973359272503	0.800390529679106	1.73509697507953	0.895284707521048	1.96333919305371	0.707106781186548	1.69932881338681	0.895284707521048	1.80525481155364	0.300000000000000	1.47577500811889	0.895284707521048	1.45723608170876

2	4	1	0	1
2	5	1	0	1
6	2	4	0	0
7	2	4	0	0
2	8	1	0	1
9	2	4	0	0
2	10	1	0	1
11	2	4	0	0
12	2	4	0	0
13	2	4	0	0
2	14	1	0	1
15	2	4	0	0
2	16	1	0	1
17	2	4	0	0
2	18	1	0	1




4	3	2	0	0
5	3	2	0	0
3	6	3	0	1
3	7	3	0	1
8	3	2	0	0
3	9	3	0	1
10	3	2	0	0
3	11	3	0	1
3	12	3	0	1
3	13	3	0	1
14	3	2	0	0
3	15	3	0	1
16	3	2	0	0
3	17	3	0	1
18	3	2	0	0







linktime（task1）
0	0	0	0.770146090037468	0.608789783094296	0	0.419076365356005	0	0.625000000000000	1.00778221853732	0.673145600891813	0	0.637377439199098	0	0.413823633931171	0
0.883883476483184	1.05055014314985	1.05055014314985	1.41620090382685	0.309232921921325	1.05055014314985	1.03712342563458	1.05055014314985	1.39754248593737	0.838525491562421	0.279508497187474	1.05055014314985	0.250000000000000	1.05055014314985	1.16297033496130	1.05055014314985
0.515388203202208	0.682054869868874	0.682054869868874	1.07354552767919	0.106066017177982	0.682054869868874	0.682825014187383	0.682054869868874	1.07529065838033	0.750000000000000	0.176776695296637	0.682054869868874	0.125000000000000	0.682054869868874	0.840014880820572	0.682054869868874
0	0	0	0.936812756704135	0.775456449760963	0	0.585743032022672	0	0.791666666666667	1.17444888520399	0.839812267558480	0	0.804044105865765	0	0.580490300597838	0
0	0	0	0.936812756704135	0.775456449760963	0	0.585743032022672	0	0.791666666666667	1.17444888520399	0.839812267558480	0	0.804044105865765	0	0.580490300597838	0
0.559016994374948	0.725683661041614	0.725683661041614	1.32500000000000	0.771767452021657	0.725683661041614	0.975000000000000	0.725683661041614	0.625000000000000	1.39754248593737	0.838525491562421	0.725683661041614	0.728868986855663	0.725683661041614	0.443001128666734	0.725683661041614
0	0	0	0.936812756704135	0.775456449760963	0	0.585743032022672	0	0.791666666666667	1.17444888520399	0.839812267558480	0	0.804044105865765	0	0.580490300597838	0
0.427931069215592	0.594597735882259	0.594597735882259	0.575543221661067	1.01118742080783	0.594597735882259	0.460977222864644	0.594597735882259	0.552268050859363	1.23945552562405	1.06887791632160	0.594597735882259	1.05267516357137	0.594597735882259	0.493077073082901	0.594597735882259
0	0	0	0.936812756704135	0.775456449760963	0	0.585743032022672	0	0.791666666666667	1.17444888520399	0.839812267558480	0	0.804044105865765	0	0.580490300597838	0
0	0	0	0.936812756704135	0.775456449760963	0	0.585743032022672	0	0.791666666666667	1.17444888520399	0.839812267558480	0	0.804044105865765	0	0.580490300597838	0
0	0	0	0.936812756704135	0.775456449760963	0	0.585743032022672	0	0.791666666666667	1.17444888520399	0.839812267558480	0	0.804044105865765	0	0.580490300597838	0
0.901387818865997	1.06805448553266	1.06805448553266	0.134629120178363	1.20752846757333	1.06805448553266	0.512957113217080	1.06805448553266	1.25623445264011	1.00778221853732	1.23110722522451	1.06805448553266	1.28695376762338	1.06805448553266	1.17100384286304	1.06805448553266
0	0	0	0.936812756704135	0.775456449760963	0	0.585743032022672	0	0.791666666666667	1.17444888520399	0.839812267558480	0	0.804044105865765	0	0.580490300597838	0
0.743303437365925	0.909970104032592	0.909970104032592	1.20959704034029	0.134629120178363	0.909970104032592	0.838525491562421	0.909970104032592	1.31077267289183	0.656220237420334	0.0750000000000000	0.909970104032592	0.145773797371133	0.909970104032592	1.07529065838033	0.909970104032592
0	0	0	0.936812756704135	0.775456449760963	0	0.585743032022672	0	0.791666666666667	1.17444888520399	0.839812267558480	0	0.804044105865765	0	0.580490300597838	0
0.395284707521047	0.561951374187714	0.561951374187714	1.15352719950593	0.730154093325512	0.561951374187714	0.814324873745117	0.561951374187714	0.515388203202208	1.30503831361382	0.800390529679106	0.561951374187714	0.707106781186548	0.561951374187714	0.300000000000000	0.561951374187714

linktime（task2）
0	0.883883476483184	0.515388203202208	1.27014609003747	1.10878978309430	0.559016994374948	0.919076365356005	0.427931069215592	1.12500000000000	1.50778221853732	1.17314560089181	0.901387818865997	1.13737743919910	0.743303437365925	0.913823633931171	0.395284707521047
1.38388347648318	2.43443361963304	2.06593834635206	1.41620090382685	0.309232921921325	2.10956713752480	1.03712342563458	1.97848121236544	1.39754248593737	0.838525491562421	0.279508497187474	2.45193796201585	0.250000000000000	2.29385358051578	1.16297033496130	1.94583485067090
1.01538820320221	2.06593834635206	1.69744307307108	1.07354552767919	0.106066017177982	1.74107186424382	0.682825014187383	1.60998593908447	1.07529065838033	0.750000000000000	0.176776695296637	2.08344268873487	0.125000000000000	1.92535830723480	0.840014880820572	1.57733957738992
0.770146090037468	1.41620090382685	1.07354552767919	2.20695884674160	2.04560253979843	1.32500000000000	1.85588912206014	0.575543221661067	2.06181275670413	2.44459497524145	2.10995835759595	0.134629120178363	2.07419019590323	1.20959704034029	1.85063639063531	1.15352719950593
0.608789783094296	0.309232921921325	0.106066017177982	2.04560253979843	1.88424623285526	0.771767452021657	1.69453281511697	1.01118742080783	1.90045644976096	2.28323866829828	1.94860205065278	1.20752846757333	1.91283388896006	0.134629120178363	1.68928008369213	0.730154093325512
1.05901699437495	2.10956713752480	1.74107186424382	1.32500000000000	0.771767452021657	1.78470065541656	0.975000000000000	1.65361473025721	0.625000000000000	1.39754248593737	0.838525491562421	2.12707147990761	0.728868986855663	1.96898709840754	0.443001128666734	1.62096836856266
0.419076365356005	1.03712342563458	0.682825014187383	1.85588912206014	1.69453281511697	0.975000000000000	1.50481939737868	0.460977222864644	1.71074303202267	2.09352525055999	1.75888863291449	0.512957113217080	1.72312047122177	0.838525491562421	1.49956666595384	0.814324873745117
0.927931069215592	1.97848121236544	1.60998593908447	0.575543221661067	1.01118742080783	1.65361473025721	0.460977222864644	1.52252880509785	0.552268050859363	1.23945552562405	1.06887791632160	1.99598555474826	1.05267516357137	1.83790117324818	0.493077073082901	1.48988244340331
0.625000000000000	1.39754248593737	1.07529065838033	2.06181275670413	1.90045644976096	0.625000000000000	1.71074303202267	0.552268050859363	1.91666666666667	2.29944888520399	1.96481226755848	1.25623445264011	1.92904410586576	1.31077267289183	1.70549030059784	0.515388203202208
1.00778221853732	0.838525491562421	0.750000000000000	2.44459497524145	2.28323866829828	1.39754248593737	2.09352525055999	1.23945552562405	2.29944888520399	2.68223110374130	2.34759448609580	1.00778221853732	2.31182632440308	0.656220237420334	2.08827251913516	1.30503831361382
0.673145600891813	0.279508497187474	0.176776695296637	2.10995835759595	1.94860205065278	0.838525491562421	1.75888863291448	1.06887791632160	1.96481226755848	2.34759448609580	2.01295786845029	1.23110722522451	1.97718970675758	0.0750000000000000	1.75363590148965	0.800390529679106
1.40138781886600	2.45193796201585	2.08344268873487	0.134629120178363	1.20752846757333	2.12707147990761	0.512957113217080	1.99598555474826	1.25623445264011	1.00778221853732	1.23110722522451	2.46944230439866	1.28695376762338	2.31135792289859	1.17100384286304	1.96333919305371
0.637377439199098	0.250000000000000	0.125000000000000	2.07419019590323	1.91283388896006	0.728868986855663	1.72312047122177	1.05267516357137	1.92904410586576	2.31182632440308	1.97718970675758	1.28695376762338	1.94142154506486	0.145773797371133	1.71786773979694	0.707106781186548
1.24330343736593	2.29385358051578	1.92535830723480	1.20959704034029	0.134629120178363	1.96898709840754	0.838525491562421	1.83790117324818	1.31077267289183	0.656220237420334	0.0750000000000000	2.31135792289859	0.145773797371133	2.15327354139852	1.07529065838033	1.80525481155364
0.413823633931171	1.16297033496130	0.840014880820572	1.85063639063531	1.68928008369213	0.443001128666734	1.49956666595384	0.493077073082901	1.70549030059784	2.08827251913516	1.75363590148965	1.17100384286304	1.71786773979694	1.07529065838033	1.49431393452901	0.300000000000000
0.895284707521048	1.94583485067090	1.57733957738992	1.15352719950593	0.730154093325512	1.62096836856266	0.814324873745117	1.48988244340331	0.515388203202208	1.30503831361382	0.800390529679106	1.96333919305371	0.707106781186548	1.80525481155364	0.300000000000000	1.45723608170876

tasktime（1）
0
1.55055014314985
1.18205486986887
1.43681275670413
1.27545644976096
1.22568366104161
1.08574303202267
1.09459773588226
1.29166666666667
1.67444888520399
1.33981226755848
1.56805448553266
1.30404410586576
1.40997010403259
1.08049030059784
1.06195137418771


tasktime（2）
0
0.166666666666667
0.166666666666667
0.166666666666667
0.166666666666667
0.166666666666667
0.166666666666667
0.166666666666667
0.166666666666667
0.166666666666667
0.166666666666667
0.166666666666667
0.166666666666667
0.166666666666667
0.166666666666667
0.166666666666667
