最优解为:729.1891
最优解路径:

Best_route =

     9    11     7     5    12     3     4     6     8     0     0     0     0
     1    10     2     0     0     0     0     0     0     0     0     0     0

本次运算用时:6.373秒
算法在第1代时收敛

best
729.189110300589
729.189110300589
729.189110300589
729.189110300589
729.189110300589
729.189110300589
729.189110300589
729.189110300589
729.189110300589
729.189110300589
729.189110300589
729.189110300589
729.189110300589
729.189110300589
729.189110300589
729.189110300589
729.189110300589
729.189110300589
729.189110300589
729.189110300589
729.189110300589
729.189110300589
729.189110300589
729.189110300589
729.189110300589
729.189110300589
729.189110300589
729.189110300589
729.189110300589
729.189110300589
729.189110300589
729.189110300589
729.189110300589
729.189110300589
729.189110300589
729.189110300589
729.189110300589
729.189110300589
729.189110300589
729.189110300589
729.189110300589
729.189110300589
729.189110300589
729.189110300589
729.189110300589
729.189110300589
729.189110300589
729.189110300589
729.189110300589
729.189110300589
729.189110300589
729.189110300589
729.189110300589
729.189110300589
729.189110300589
729.189110300589
729.189110300589
729.189110300589
729.189110300589
729.189110300589
729.189110300589
729.189110300589
729.189110300589
729.189110300589
729.189110300589
729.189110300589
729.189110300589
729.189110300589
729.189110300589
729.189110300589
729.189110300589
729.189110300589
729.189110300589
729.189110300589
729.189110300589
729.189110300589
729.189110300589
729.189110300589
729.189110300589
729.189110300589
729.189110300589
729.189110300589
729.189110300589
729.189110300589
729.189110300589
729.189110300589
729.189110300589
729.189110300589
729.189110300589
729.189110300589
729.189110300589
729.189110300589
729.189110300589
729.189110300589
729.189110300589
729.189110300589
729.189110300589
729.189110300589
729.189110300589
729.189110300589
729.189110300589
729.189110300589
729.189110300589
729.189110300589
729.189110300589
729.189110300589
729.189110300589
729.189110300589
729.189110300589
729.189110300589
729.189110300589
729.189110300589
729.189110300589
729.189110300589
729.189110300589
729.189110300589
729.189110300589
729.189110300589
729.189110300589
729.189110300589
729.189110300589
729.189110300589
729.189110300589
729.189110300589
729.189110300589
729.189110300589
729.189110300589
729.189110300589
729.189110300589
729.189110300589
729.189110300589
729.189110300589
729.189110300589
729.189110300589
729.189110300589
729.189110300589
729.189110300589
729.189110300589
729.189110300589
729.189110300589
729.189110300589
729.189110300589
729.189110300589
729.189110300589
729.189110300589
729.189110300589
729.189110300589
729.189110300589
729.189110300589
729.189110300589
729.189110300589
729.189110300589
729.189110300589
729.189110300589
729.189110300589
729.189110300589
729.189110300589
729.189110300589
729.189110300589
729.189110300589
729.189110300589
729.189110300589
729.189110300589
729.189110300589
729.189110300589
729.189110300589
729.189110300589
729.189110300589
729.189110300589
729.189110300589
729.189110300589
729.189110300589
729.189110300589
729.189110300589
729.189110300589
729.189110300589
729.189110300589
729.189110300589
729.189110300589
729.189110300589
729.189110300589
729.189110300589
729.189110300589
729.189110300589
729.189110300589
729.189110300589
729.189110300589
729.189110300589
729.189110300589
729.189110300589
729.189110300589
729.189110300589
729.189110300589
729.189110300589
729.189110300589
729.189110300589
729.189110300589
729.189110300589
729.189110300589
729.189110300589

ave
1071.14739007433
1051.81141504826
995.005957646582
1061.11173134064
1008.23058889180
1078.14790632374
1054.24299673585
1091.47817267016
1113.70892257223
1073.70287086638
1108.73071530408
1040.15190243464
1057.53331974054
984.339376134891
1005.93650271399
1099.86956285302
1121.99756345071
1000.45034474966
993.049026220066
940.229485861349
923.641490017114
1002.02189986631
1017.18845118373
1004.68918827344
965.360151127530
963.388485322074
899.969072140484
948.727480851855
900.046865417944
867.504207449099
956.914428511366
882.793084325861
891.855684350722
954.732946044663
880.533827557208
835.497971457631
871.177785772131
794.979567219294
873.391662439321
795.557372927104
906.547050160798
844.290048439693
928.341863372046
824.577830674746
814.892044025436
822.047776714903
789.732548612573
820.572393835659
800.832482085970
818.364084755488
812.314361622146
830.561289569277
828.678943688187
807.830076520309
782.298705371844
789.378014339332
811.697865694294
785.697327190163
793.394794440391
822.739901437223
848.809048666715
823.164688813756
797.764389740204
803.627948151122
806.640306224893
842.722371662453
824.310732525873
775.850437223979
796.947194349959
823.058495559607
801.935558688297
791.245371724436
808.383533206101
831.642751729117
836.970702485321
787.846749906118
800.448817037301
803.241684406575
822.256757430094
801.367431886612
826.505104629861
790.066922489976
816.487196191077
808.267688044341
790.411672724788
795.114151394122
808.405642671174
817.966200294010
827.922054368486
809.682608127697
826.441255342567
782.093976930444
805.921437896664
818.718386921343
777.853440148284
845.964645324985
820.717638196307
795.066303882118
829.962512976148
802.262539249942
795.416247042468
796.441399445521
858.428510836532
785.697327190163
801.092261690620
853.648646937301
813.102868957451
825.735842069132
832.095056984429
797.083314456988
801.092261690620
803.113714292696
804.933258446456
780.149282655889
806.866462578606
785.697327190163
814.595019423652
792.032864706376
826.788348709950
775.850437223979
808.577153838283
849.185910543348
815.622404097850
802.481210472975
825.120368183659
783.547904474208
805.244687330879
786.594915430035
795.614967024249
785.697327190163
834.248409938770
778.196939301473
798.181757785177
799.715092474378
818.661123902700
787.917499774021
796.489067790081
814.441944122523
808.312783338198
831.314701723426
795.416247042468
839.515121295936
803.136789679881
798.903635696006
792.362375458962
834.974825379803
787.917499774021
807.365516317401
865.428445716572
860.008238466281
799.883363615295
806.288289411705
846.742856573510
803.331546927583
799.015730786581
796.087783433327
828.696435166111
776.337849154625
807.962342994233
813.317059634137
785.827748198983
816.667568085851
831.448767220255
809.043768139294
773.701014508024
775.850437223979
786.416120829305
922.169806163890
944.824958555246
965.912397432910
1028.18331099005
938.901713136465
970.107323514065
972.013160971274
878.990989274722
967.593422803251
954.389356060132
1026.76841207370
1009.44484327727
998.778547668158
974.015356032232
920.213373106616
920.459880529798
985.550715985515
950.611208143642
961.457919485401
929.134517804023
949.392170528817
885.702399265236
898.290507016299
916.168273858806
949.230723831074
935.652368294232
903.704982231622
922.453907206370
932.955168560647
867.092887886087
850.247436524426
909.809890630210
880.393719891848