最优解为:913.9337
最优解路径:

Best_route =

    15    16     9    10    13    14     8    12     0     0     0     0     0     0     0     0     0
     1     3     2     7    11     4     5     6     0     0     0     0     0     0     0     0     0

本次运算用时:7.686秒
算法在第21代时收敛

best
995.164990487445
995.164990487445
995.164990487445
995.164990487445
995.164990487445
995.164990487445
995.164990487445
995.164990487445
956.566141700131
956.566141700131
950.924078499591
950.924078499591
950.924078499591
950.924078499591
950.924078499591
950.924078499591
950.924078499591
950.924078499591
950.924078499591
950.924078499591
913.933726373289
913.933726373289
913.933726373289
913.933726373289
913.933726373289
913.933726373289
913.933726373289
913.933726373289
913.933726373289
913.933726373289
913.933726373289
913.933726373289
913.933726373289
913.933726373289
913.933726373289
913.933726373289
913.933726373289
913.933726373289
913.933726373289
913.933726373289
913.933726373289
913.933726373289
913.933726373289
913.933726373289
913.933726373289
913.933726373289
913.933726373289
913.933726373289
913.933726373289
913.933726373289
913.933726373289
913.933726373289
913.933726373289
913.933726373289
913.933726373289
913.933726373289
913.933726373289
913.933726373289
913.933726373289
913.933726373289
913.933726373289
913.933726373289
913.933726373289
913.933726373289
913.933726373289
913.933726373289
913.933726373289
913.933726373289
913.933726373289
913.933726373289
913.933726373289
913.933726373289
913.933726373289
913.933726373289
913.933726373289
913.933726373289
913.933726373289
913.933726373289
913.933726373289
913.933726373289
913.933726373289
913.933726373289
913.933726373289
913.933726373289
913.933726373289
913.933726373289
913.933726373289
913.933726373289
913.933726373289
913.933726373289
913.933726373289
913.933726373289
913.933726373289
913.933726373289
913.933726373289
913.933726373289
913.933726373289
913.933726373289
913.933726373289
913.933726373289
913.933726373289
913.933726373289
913.933726373289
913.933726373289
913.933726373289
913.933726373289
913.933726373289
913.933726373289
913.933726373289
913.933726373289
913.933726373289
913.933726373289
913.933726373289
913.933726373289
913.933726373289
913.933726373289
913.933726373289
913.933726373289
913.933726373289
913.933726373289
913.933726373289
913.933726373289
913.933726373289
913.933726373289
913.933726373289
913.933726373289
913.933726373289
913.933726373289
913.933726373289
913.933726373289
913.933726373289
913.933726373289
913.933726373289
913.933726373289
913.933726373289
913.933726373289
913.933726373289
913.933726373289
913.933726373289
913.933726373289
913.933726373289
913.933726373289
913.933726373289
913.933726373289
913.933726373289
913.933726373289
913.933726373289
913.933726373289
913.933726373289
913.933726373289
913.933726373289
913.933726373289
913.933726373289
913.933726373289
913.933726373289
913.933726373289
913.933726373289
913.933726373289
913.933726373289
913.933726373289
913.933726373289
913.933726373289
913.933726373289
913.933726373289
913.933726373289
913.933726373289
913.933726373289
913.933726373289
913.933726373289
913.933726373289
913.933726373289
913.933726373289
913.933726373289
913.933726373289
913.933726373289
913.933726373289
913.933726373289
913.933726373289
913.933726373289
913.933726373289
913.933726373289
913.933726373289
913.933726373289
913.933726373289
913.933726373289
913.933726373289
913.933726373289
913.933726373289
913.933726373289
913.933726373289
913.933726373289
913.933726373289
913.933726373289
913.933726373289
913.933726373289
913.933726373289
913.933726373289
913.933726373289
913.933726373289
913.933726373289

ave
1133.68858267482
1184.45812488135
1135.80741888316
1217.54466478826
1100.72926053636
1228.51110351872
1109.15979619758
1156.22859633155
1108.42146586309
1193.73315890884
1142.72371621707
1169.09603142049
1220.15287007942
1129.88721803587
1146.42919921970
1252.53127417801
1159.29310216865
1124.17594923297
1063.61159588445
1188.93087567878
1076.43572451884
1074.15921250738
1176.43040588243
1116.16179361200
1138.45303482547
1087.00725918381
1157.21729143655
1120.09747114516
1062.39506435108
1084.11828084068
1166.85616783624
1091.15096890997
1060.18757104264
1056.08589534703
1051.73699957919
1061.63041501199
1068.30149945895
1106.62714660160
1083.43400748003
1135.41210369974
1119.03162155873
1079.42281286724
1067.42916148925
1049.92227737807
1033.64694111807
1096.11294171693
1075.57802160730
1047.31524102934
1049.00547769144
1013.23614721848
1050.74811958567
998.928303214544
1034.65898738507
1016.98062017081
1027.82496910951
1094.95799335834
1064.58552556960
998.506703642381
1061.51224906047
1030.49981597522
1017.80250831796
1031.80795403772
1015.40787987572
1014.55501878388
1030.83353313654
1037.87662480887
1076.92913120251
1036.02256752774
1013.16039924469
1039.70030084538
1026.65183404446
1036.37702719101
1004.92452437096
1015.78360430372
1037.32833459432
1012.03000217004
1013.23614721848
1043.65112633722
1054.02279419892
1067.43176243401
1031.82126140227
1070.23257673606
1018.09604501893
1038.99520278529
1010.26752255153
1012.71294220136
1013.46221316193
1059.51396635468
1013.53135261574
1013.47028140190
1038.16876175614
1014.55501878388
1012.17953223149
1036.02143386238
1015.85422815929
1013.64310327839
996.422522447085
1012.72050786562
1036.57968292203
1000.86712817903
1030.31356811081
1015.28433020179
1060.17936335448
996.158726326161
1012.10378425770
1013.31189519227
1028.20397992189
1021.69498993669
999.010353284490
1016.89626969619
1031.92805679911
1030.57650829722
996.914370942393
996.310222273741
1026.19406555952
996.461718221322
996.158726326161
1013.31189519227
1027.55360600644
996.566640741665
1013.16039924469
1049.01596434044
1002.92585112891
1031.18671940857
996.234474299951
1011.96711259768
1033.53936030317
1013.31189519227
1030.37671189228
998.575987140627
996.473732601596
996.233296322022
996.824527448873
1013.16039924469
1050.23839980535
1019.25415155738
1015.78478228165
1087.39658372633
1063.77092676910
1048.65576515794
1025.00260392214
1013.63815222027
1013.31189519227
1055.50883092844
1049.58398252918
1012.51907632621
1009.85993114334
1046.00951886792
1031.22632226378
1013.38764316606
996.762066541800
1034.36892069188
1082.25202469189
1010.97479333642
1010.84105096706
1004.30269088652
1034.75622059477
1022.31943529266
1013.38646518813
1015.92185536177
997.176180632376
1046.13300136930
1030.71927339868
1026.77669120463
1050.15249217658
1030.29758998907
1002.30571987807
1033.83305264751
996.461718221322
1037.13077494793
1015.97756100143
1059.71887319130
1033.81779488837
1065.24345540491
996.613214168903
1066.98126921847
1031.80795403772
1025.79908042162
1015.17914976310
996.310222273741
1021.74872946501
1017.80670161762
1049.93183562911
1058.37393826610
1016.12739033005
998.783109363119
1013.46221316193
1019.90000774736
1014.27188665923
998.852555240753
996.422522447085
1013.16039924469
1049.28930712926
1023.78855072809
1036.35728242743
1000.91906841343
1024.87175296629
1017.58156649275
1050.45412459987
1015.21021331841