最优解为:1010.7186
最优解路径:

Best_route =

     1     2     7     8     5     6    14     3     4     9    10     0     0     0     0     0     0
    11    12    15    16    13     0     0     0     0     0     0     0     0     0     0     0     0

本次运算用时:7.939秒
算法在第31代时收敛

best
1024.58615170501
1017.80446373674
1015.06970490886
1015.06970490886
1015.06970490886
1015.06970490886
1015.06970490886
1014.32414506166
1014.32414506166
1014.08514885628
1014.08514885628
1014.08514885628
1014.08514885628
1014.08514885628
1014.08514885628
1014.08514885628
1014.08514885628
1014.08514885628
1014.08514885628
1014.08514885628
1014.08514885628
1014.08514885628
1014.08514885628
1014.08514885628
1012.55280988472
1012.55280988472
1012.55280988472
1012.55280988472
1011.45452088819
1011.45452088819
1010.71862439965
1010.71862439965
1010.71862439965
1010.71862439965
1010.71862439965
1010.71862439965
1010.71862439965
1010.71862439965
1010.71862439965
1010.71862439965
1010.71862439965
1010.71862439965
1010.71862439965
1010.71862439965
1010.71862439965
1010.71862439965
1010.71862439965
1010.71862439965
1010.71862439965
1010.71862439965
1010.71862439965
1010.71862439965
1010.71862439965
1010.71862439965
1010.71862439965
1010.71862439965
1010.71862439965
1010.71862439965
1010.71862439965
1010.71862439965
1010.71862439965
1010.71862439965
1010.71862439965
1010.71862439965
1010.71862439965
1010.71862439965
1010.71862439965
1010.71862439965
1010.71862439965
1010.71862439965
1010.71862439965
1010.71862439965
1010.71862439965
1010.71862439965
1010.71862439965
1010.71862439965
1010.71862439965
1010.71862439965
1010.71862439965
1010.71862439965
1010.71862439965
1010.71862439965
1010.71862439965
1010.71862439965
1010.71862439965
1010.71862439965
1010.71862439965
1010.71862439965
1010.71862439965
1010.71862439965
1010.71862439965
1010.71862439965
1010.71862439965
1010.71862439965
1010.71862439965
1010.71862439965
1010.71862439965
1010.71862439965
1010.71862439965
1010.71862439965
1010.71862439965
1010.71862439965
1010.71862439965
1010.71862439965
1010.71862439965
1010.71862439965
1010.71862439965
1010.71862439965
1010.71862439965
1010.71862439965
1010.71862439965
1010.71862439965
1010.71862439965
1010.71862439965
1010.71862439965
1010.71862439965
1010.71862439965
1010.71862439965
1010.71862439965
1010.71862439965
1010.71862439965
1010.71862439965
1010.71862439965
1010.71862439965
1010.71862439965
1010.71862439965
1010.71862439965
1010.71862439965
1010.71862439965
1010.71862439965
1010.71862439965
1010.71862439965
1010.71862439965
1010.71862439965
1010.71862439965
1010.71862439965
1010.71862439965
1010.71862439965
1010.71862439965
1010.71862439965
1010.71862439965
1010.71862439965
1010.71862439965
1010.71862439965
1010.71862439965
1010.71862439965
1010.71862439965
1010.71862439965
1010.71862439965
1010.71862439965
1010.71862439965
1010.71862439965
1010.71862439965
1010.71862439965
1010.71862439965
1010.71862439965
1010.71862439965
1010.71862439965
1010.71862439965
1010.71862439965
1010.71862439965
1010.71862439965
1010.71862439965
1010.71862439965
1010.71862439965
1010.71862439965
1010.71862439965
1010.71862439965
1010.71862439965
1010.71862439965
1010.71862439965
1010.71862439965
1010.71862439965
1010.71862439965
1010.71862439965
1010.71862439965
1010.71862439965
1010.71862439965
1010.71862439965
1010.71862439965
1010.71862439965
1010.71862439965
1010.71862439965
1010.71862439965
1010.71862439965
1010.71862439965
1010.71862439965
1010.71862439965
1010.71862439965
1010.71862439965
1010.71862439965
1010.71862439965
1010.71862439965
1010.71862439965
1010.71862439965
1010.71862439965
1010.71862439965
1010.71862439965
1010.71862439965
1010.71862439965

ave
1176.66952667188
1137.31786315620
1155.13226041450
1131.01892018476
1155.37599711867
1093.61319768764
1180.56242223794
1152.02271521372
1175.09804149225
1152.56810798966
1177.34446452414
1110.55635668009
1216.74685270265
1169.64111867216
1055.63991811449
1112.72902369088
1140.94566330916
1175.56402709877
1075.49064820340
1146.43741745994
1218.93844683960
1108.36095354781
1143.87323694563
1269.55899603963
1106.82510420893
1170.29235713643
1210.24940011975
1282.41968835010
1135.54988768360
1169.78183720293
1149.08900250298
1090.14934857069
1200.95395424278
1049.84159700075
1115.35356375506
1128.98067301356
1118.64876035679
1074.25625015711
1034.13783520142
1093.16990617089
1049.30443533766
1081.35985607401
1072.82655148026
1029.04346915196
1034.48266283702
1022.61336968473
1087.10367433062
1022.89513560419
1038.86260689681
1051.33673228092
1054.25559426510
1064.34445761005
1019.77604483919
1066.69868490019
1036.27294529732
1172.78573411941
1053.33412598674
1091.40774559099
1063.31528999525
1015.09331862860
1043.91808987595
1053.48454477893
1054.19012002051
1048.13356795856
1063.13973580591
1038.57888468543
1062.25297963353
1048.18519697509
1091.00961676677
1068.14627800909
1055.22994449633
1068.97111552671
1049.76386728020
1031.06182939372
1027.04982092935
1024.59038791024
1042.76875914482
1136.32523928634
1024.51853968784
1022.49895338478
1092.01180529271
1054.99527668050
1055.69896593170
1032.89580349462
1031.53146938780
1071.28000928255
1058.06502078406
1055.98546011912
1090.17719290356
1030.12122985121
1072.02636356614
1064.21679405066
1025.05338336950
1087.62395804361
1031.92501490136
1091.41708912433
1018.47388550369
1083.17160567466
1039.93566940953
1070.24890090796
1021.52616066322
1143.74295685446
1023.21215967957
1028.87993260582
1025.38400449772
1023.06029874910
1087.12475842318
1051.81148257873
1075.52239771863
1029.00375213307
1035.04556232026
1038.90176014798
1081.98488551979
1071.69471916740
1029.49963238650
1023.00875334563
1081.51178948120
1067.74667362612
1085.04393195803
1021.42683315436
1041.30870944605
1036.68936087819
1030.66017343021
1024.56354453640
1050.66143778577
1056.21841031192
1026.38197733893
1094.90059068830
1060.65273292187
1094.50712322725
1031.61751667247
1041.44523794298
1038.35626510458
1026.47044897336
1024.26945514824
1032.58872189389
1036.81917620469
1026.66305331674
1028.62830020345
1031.11916541923
1034.81162728501
1034.23804670555
1051.02405405334
1067.41677427419
1095.10728176504
1040.06061388143
1062.74073874843
1060.23348282658
1030.65211869741
1062.97763884226
1067.56018163735
1059.63469917080
1084.29674641826
1050.60293267354
1087.95296818569
1029.21794868264
1091.48198964658
1086.84977999561
1069.77498907928
1056.62396529488
1028.74216944685
1078.18933430662
1027.14149096347
1091.37309737104
1026.77166250816
1050.04956024217
1076.94846057231
1061.44779928323
1067.17821421633
1036.16290032805
1089.99572471819
1103.01979167848
1026.36778877557
1069.06632430032
1055.33157110493
1098.69813539052
1065.89045546563
1065.66175780899
1053.02945346392
1144.91389825031
1087.24854030451
1038.99870657454
1089.41573376495
1020.82666414223
1072.26193680885
1068.23688936171
1032.83505129821
1048.04039871604
1044.24996722252
1091.99855229763
1025.18893547810
1090.59359932446
1095.13336927293
1066.55004025399
1035.78517465087
1055.02281855987
1067.48936503296
1027.50390405932
1030.80564836435
1035.95823598834