最优解为:337.9636
最优解路径:

Best_route =

     0     0     0     0     0     0     0
     1     3     5     2     6     4     0

本次运算用时:5.108秒
算法在第77代时收敛

best
437.784714780704
437.784714780704
437.784714780704
384.099660801178
384.099660801178
384.099660801178
384.099660801178
384.099660801178
384.099660801178
384.099660801178
384.099660801178
384.099660801178
384.099660801178
384.099660801178
384.099660801178
384.099660801178
384.099660801178
384.099660801178
384.099660801178
384.099660801178
384.099660801178
384.099660801178
384.099660801178
384.099660801178
384.099660801178
384.099660801178
384.099660801178
384.099660801178
384.099660801178
384.099660801178
384.099660801178
384.099660801178
384.099660801178
384.099660801178
384.099660801178
384.099660801178
384.099660801178
384.099660801178
384.099660801178
384.099660801178
384.099660801178
384.099660801178
384.099660801178
384.099660801178
384.099660801178
384.099660801178
384.099660801178
384.099660801178
384.099660801178
384.099660801178
384.099660801178
384.099660801178
384.099660801178
384.099660801178
384.099660801178
384.099660801178
384.099660801178
384.099660801178
384.099660801178
384.099660801178
384.099660801178
384.099660801178
384.099660801178
384.099660801178
384.099660801178
384.099660801178
384.099660801178
384.099660801178
384.099660801178
384.099660801178
384.099660801178
384.099660801178
384.099660801178
384.099660801178
384.099660801178
384.099660801178
337.963599113549
337.963599113549
337.963599113549
337.963599113549
337.963599113549
337.963599113549
337.963599113549
337.963599113549
337.963599113549
337.963599113549
337.963599113549
337.963599113549
337.963599113549
337.963599113549
337.963599113549
337.963599113549
337.963599113549
337.963599113549
337.963599113549
337.963599113549
337.963599113549
337.963599113549
337.963599113549
337.963599113549

ave
482.077467211331
465.344821669039
455.539016220358
459.442408150547
467.741516646758
467.758888557531
454.877448756531
458.223721424097
458.268541417933
454.394988684092
451.480808709850
448.526848225102
458.081015473201
445.469782525923
450.597594809164
449.548274818330
458.066367427336
449.929109426291
444.970991358888
440.985854232025
442.340565354169
455.057880977328
438.524534166404
446.175262009017
446.271405074346
445.327091325266
443.108969902029
443.429160783676
443.436955898332
436.939086924717
440.500858078171
435.602115608506
441.720062627411
435.308350760876
435.236218805704
431.147082049184
435.510746999685
438.959923462060
438.315054884653
427.880568365396
422.680238057579
413.041673017960
400.817638756264
393.762970517492
394.337967682880
399.668326455240
395.411668762471
399.762457287363
393.226119977697
394.950429444109
390.005016738926
389.468166199130
393.264266603290
388.931315659335
392.689269437902
388.969462284928
388.931315659335
388.394465119540
392.395504590272
393.473413431393
390.005016738926
385.710212420563
392.399712351803
389.468166199130
392.395504590272
391.691179579744
391.417599276570
391.615568358311
387.857614579744
385.710212420563
386.783913500154
388.991997687619
385.710212420563
388.394465119540
387.857614579744
386.783913500154
390.956238659694
388.931315659335
387.857614579744
392.936562891598
389.715459652826
391.615568358311
391.283656885089
390.252310192622
388.931315659335
395.562891205337
387.746806345294
390.005016738926
389.357357964680
392.894208504475
386.783913500154
388.394465119540
390.784952970887
386.783913500154
397.672146738926
392.803027284928
388.432611745132
388.641758573236
390.005016738926
391.542906749453