最优解为:331.1833
最优解路径:

Best_route =

     3     5     4     1     6     2     0
     0     0     0     0     0     0     0

本次运算用时:3.142秒
算法在第5代时收敛

best
432.287394550561
394.027164016090
394.027164016090
394.027164016090
331.183309600749
331.183309600749
331.183309600749
331.183309600749
331.183309600749
331.183309600749
331.183309600749
331.183309600749
331.183309600749
331.183309600749
331.183309600749
331.183309600749
331.183309600749
331.183309600749
331.183309600749
331.183309600749
331.183309600749
331.183309600749
331.183309600749
331.183309600749
331.183309600749
331.183309600749
331.183309600749
331.183309600749
331.183309600749
331.183309600749
331.183309600749
331.183309600749
331.183309600749
331.183309600749
331.183309600749
331.183309600749
331.183309600749
331.183309600749
331.183309600749
331.183309600749
331.183309600749
331.183309600749
331.183309600749
331.183309600749
331.183309600749
331.183309600749
331.183309600749
331.183309600749
331.183309600749
331.183309600749
331.183309600749
331.183309600749
331.183309600749
331.183309600749
331.183309600749
331.183309600749
331.183309600749
331.183309600749
331.183309600749
331.183309600749
331.183309600749
331.183309600749
331.183309600749
331.183309600749
331.183309600749
331.183309600749
331.183309600749
331.183309600749
331.183309600749
331.183309600749
331.183309600749
331.183309600749
331.183309600749
331.183309600749
331.183309600749
331.183309600749
331.183309600749
331.183309600749
331.183309600749
331.183309600749
331.183309600749
331.183309600749
331.183309600749
331.183309600749
331.183309600749
331.183309600749
331.183309600749
331.183309600749
331.183309600749
331.183309600749
331.183309600749
331.183309600749
331.183309600749
331.183309600749
331.183309600749
331.183309600749
331.183309600749
331.183309600749
331.183309600749
331.183309600749

ave
484.780223660803
477.153916264165
480.569665742960
473.053301714936
482.543199676455
489.458169235315
483.396709882934
470.408460974096
482.556124302033
474.162262604477
462.348420479723
460.938212080957
462.806454447750
454.129965362329
448.221459420451
446.488736896315
463.305636739815
452.242620132234
451.573711530261
444.895518083872
454.861758967933
441.925757258327
442.302280782159
446.241044387763
438.819975400110
458.849725511577
447.093128998452
441.559405240895
449.686366300166
445.351976307428
451.215068612773
453.639046970813
439.639144192559
438.636799391394
444.499891696738
443.647807086049
437.784714780704
438.636799391394
437.784714780704
451.428269558613
437.784714780704
445.565177253268
443.647807086049
444.896268651295
438.636799391394
437.784714780704
438.636799391394
443.647807086049
443.647807086049
437.784714780704
437.784714780704
437.784714780704
437.784714780704
437.784714780704
443.830983094765
437.784714780704
437.784714780704
437.784714780704
437.784714780704
437.861008031889
444.713092642579
437.784714780704
437.784714780704
437.784714780704
437.784714780704
437.784714780704
437.784714780704
443.647807086049
437.784714780704
437.784714780704
437.784714780704
443.647807086049
438.636799391394
437.784714780704
437.784714780704
437.784714780704
437.784714780704
437.784714780704
437.784714780704
437.784714780704
437.784714780704
437.861008031889
437.784714780704
437.784714780704
437.784714780704
443.647807086049
437.784714780704
437.784714780704
437.784714780704
437.784714780704
437.784714780704
437.784714780704
437.784714780704
439.525867471729
437.784714780704
437.784714780704
437.784714780704
437.784714780704
437.784714780704
437.784714780704