最优解为:344.1414
最优解路径:

Best_route =

     0     0     0     0     0     0     0
     1     3     5     4     6     2     0

本次运算用时:5.041秒
算法在第14代时收敛437.784714780704
384.099660801178
384.099660801178
384.099660801178
384.099660801178
384.099660801178
384.099660801178
384.099660801178
384.099660801178
384.099660801178
384.099660801178
384.099660801178
384.099660801178
344.141436817157
344.141436817157
344.141436817157
344.141436817157
344.141436817157
344.141436817157
344.141436817157
344.141436817157
344.141436817157
344.141436817157
344.141436817157
344.141436817157
344.141436817157
344.141436817157
344.141436817157
344.141436817157
344.141436817157
344.141436817157
344.141436817157
344.141436817157
344.141436817157
344.141436817157
344.141436817157
344.141436817157
344.141436817157
344.141436817157
344.141436817157
344.141436817157
344.141436817157
344.141436817157
344.141436817157
344.141436817157
344.141436817157
344.141436817157
344.141436817157
344.141436817157
344.141436817157
344.141436817157
344.141436817157
344.141436817157
344.141436817157
344.141436817157
344.141436817157
344.141436817157
344.141436817157
344.141436817157
344.141436817157
344.141436817157
344.141436817157
344.141436817157
344.141436817157
344.141436817157
344.141436817157
344.141436817157
344.141436817157
344.141436817157
344.141436817157
344.141436817157
344.141436817157
344.141436817157
344.141436817157
344.141436817157
344.141436817157
344.141436817157
344.141436817157
344.141436817157
344.141436817157
344.141436817157
344.141436817157
344.141436817157
344.141436817157
344.141436817157
344.141436817157
344.141436817157
344.141436817157
344.141436817157
344.141436817157
344.141436817157
344.141436817157
344.141436817157
344.141436817157
344.141436817157
344.141436817157
344.141436817157
344.141436817157
344.141436817157
344.141436817157

ave
493.804361589339
459.754048656561
457.424983762323
464.779095199815
475.585777064538
466.654628679453
464.541045803219
464.016419801078
451.118546381367
459.314400135619
453.219169869937
451.369561372475
450.580315514078
444.865774449639
449.622821462282
454.200092501888
440.957145459355
449.725201995180
447.624165289778
449.785272423382
447.877401632761
451.074920363226
445.862700139662
444.025317022072
442.530509893936
449.813251356312
447.429222395644
444.303105086776
438.838467134933
439.302656065870
445.538617443852
445.109110010800
442.549001628759
458.002972889409
440.899436942093
437.840984473531
440.716260933377
441.142303238721
441.248903711642
443.845995563327
437.876302785062
441.568345544066
437.822861406297
440.179410393581
440.807848937735
440.179410393581
438.210757086049
441.138095477191
438.210757086049
441.248903711642
436.711013701114
437.784714780704
437.876302785062
437.247864240909
437.673906546254
437.286010866502
437.247864240909
437.784714780704
439.642559853786
437.286010866502
437.705804262700
440.728938419730
436.487073799985
443.697447488095
435.637312621523
439.197297318349
435.931003030098
436.985777714188
437.141483163526
435.558402103519
441.161742864351
435.884606075219
433.581498466700
435.526504387073
436.421456615014
434.746787550649
432.062534851673
432.454356008344
432.416209382752
434.806697234098
430.268807223571
430.805657763366
431.589801756857
430.805657763366
428.658255604185
428.547447369734
424.900301825618
424.900301825618
422.844487670795
399.131475915445
399.267961134691
397.859805754114
393.762970517492
391.504760123861
392.152418898107
391.615568358311
393.226119977697
390.541867278721
394.836671597083
398.007095680391