最优解为:384.0997
最优解路径:

Best_route =

     3     4     5     1     6     2     0
     0     0     0     0     0     0     0

本次运算用时:1.421秒
算法在第2代时收敛

best
437.784714780704
384.099660801178
384.099660801178
384.099660801178
384.099660801178
384.099660801178
384.099660801178
384.099660801178
384.099660801178
384.099660801178
384.099660801178
384.099660801178
384.099660801178
384.099660801178
384.099660801178
384.099660801178
384.099660801178
384.099660801178
384.099660801178
384.099660801178
384.099660801178
384.099660801178
384.099660801178
384.099660801178
384.099660801178
384.099660801178
384.099660801178
384.099660801178
384.099660801178
384.099660801178
384.099660801178
384.099660801178
384.099660801178
384.099660801178
384.099660801178
384.099660801178
384.099660801178
384.099660801178
384.099660801178
384.099660801178
384.099660801178
384.099660801178
384.099660801178
384.099660801178
384.099660801178
384.099660801178
384.099660801178
384.099660801178
384.099660801178
384.099660801178
384.099660801178
384.099660801178
384.099660801178
384.099660801178
384.099660801178
384.099660801178
384.099660801178
384.099660801178
384.099660801178
384.099660801178
384.099660801178
384.099660801178
384.099660801178
384.099660801178
384.099660801178
384.099660801178
384.099660801178
384.099660801178
384.099660801178
384.099660801178
384.099660801178
384.099660801178
384.099660801178
384.099660801178
384.099660801178
384.099660801178
384.099660801178
384.099660801178
384.099660801178
384.099660801178
384.099660801178
384.099660801178
384.099660801178
384.099660801178
384.099660801178
384.099660801178
384.099660801178
384.099660801178
384.099660801178
384.099660801178
384.099660801178
384.099660801178
384.099660801178
384.099660801178
384.099660801178
384.099660801178
384.099660801178
384.099660801178
384.099660801178
384.099660801178

ave
489.576274890726
446.850473769211
472.141832754274
472.603415252413
470.659527588371
476.220980935842
453.612075511351
462.586782899524
459.462480524130
451.490189775197
455.746640386852
462.046692711466
453.246594163674
470.284207636950
440.865599013616
448.986171110227
448.713148436663
443.053476551847
444.267808034989
435.329630348646
457.328329636228
446.490478235826
458.942935129654
438.242654802495
439.914926307428
442.595536530056
440.007384981542
444.360266709102
440.007384981542
444.175349360875
437.784714780704
454.665115744903
437.784714780704
439.914926307428
437.784714780704
455.105659435391
452.900385565857
437.975447908667
437.784714780704
437.784714780704
437.784714780704
437.784714780704
437.784714780704
469.763390198753
435.596837242474
438.242654802495
437.784714780704
452.442445544066
437.784714780704
437.784714780704
437.784714780704
452.900385565857
437.784714780704
437.784714780704
437.784714780704
437.784714780704
455.105659435391
437.784714780704
437.784714780704
437.784714780704
437.784714780704
437.784714780704
439.914926307428
437.784714780704
437.784714780704
437.784714780704
437.784714780704
437.784714780704
452.900385565857
437.784714780704
437.784714780704
437.784714780704
437.784714780704
437.784714780704
437.784714780704
437.784714780704
437.784714780704
437.784714780704
437.784714780704
437.784714780704
437.784714780704
452.975447908667
437.784714780704
455.105659435391
437.784714780704
439.914926307428
437.784714780704
437.784714780704
437.784714780704
437.784714780704
437.784714780704
437.784714780704
437.784714780704
437.784714780704
437.784714780704
437.784714780704
455.105659435391
438.242654802495
437.784714780704
455.105659435391