最优解为:345.9906
最优解路径:

Best_route =

     0     0     0     0     0     0     0
     1     5     3     2     4     6     0

本次运算用时:1.546秒
算法在第4代时收敛

best
439.633888262979
437.784714780704
437.784714780704
345.990610299432
345.990610299432
345.990610299432
345.990610299432
345.990610299432
345.990610299432
345.990610299432
345.990610299432
345.990610299432
345.990610299432
345.990610299432
345.990610299432
345.990610299432
345.990610299432
345.990610299432
345.990610299432
345.990610299432
345.990610299432
345.990610299432
345.990610299432
345.990610299432
345.990610299432
345.990610299432
345.990610299432
345.990610299432
345.990610299432
345.990610299432
345.990610299432
345.990610299432
345.990610299432
345.990610299432
345.990610299432
345.990610299432
345.990610299432
345.990610299432
345.990610299432
345.990610299432
345.990610299432
345.990610299432
345.990610299432
345.990610299432
345.990610299432
345.990610299432
345.990610299432
345.990610299432
345.990610299432
345.990610299432
345.990610299432
345.990610299432
345.990610299432
345.990610299432
345.990610299432
345.990610299432
345.990610299432
345.990610299432
345.990610299432
345.990610299432
345.990610299432
345.990610299432
345.990610299432
345.990610299432
345.990610299432
345.990610299432
345.990610299432
345.990610299432
345.990610299432
345.990610299432
345.990610299432
345.990610299432
345.990610299432
345.990610299432
345.990610299432
345.990610299432
345.990610299432
345.990610299432
345.990610299432
345.990610299432
345.990610299432
345.990610299432
345.990610299432
345.990610299432
345.990610299432
345.990610299432
345.990610299432
345.990610299432
345.990610299432
345.990610299432
345.990610299432
345.990610299432
345.990610299432
345.990610299432
345.990610299432
345.990610299432
345.990610299432
345.990610299432
345.990610299432
345.990610299432

ave
475.195920149705
487.521125706813
474.460604105573
442.720551904882
455.927204386302
504.286763271637
481.605860560349
453.431511511901
479.785168328406
453.253120815839
466.782312738674
471.963108563814
448.528231088436
478.834635001551
466.666781332855
442.137596508265
453.339052837787
449.171088458454
442.595536530056
448.893712436113
449.263547132568
437.784714780704
442.595536530056
454.665115744903
437.784714780704
440.007384981542
437.784714780704
438.242654802495
442.045137834151
452.442445544066
438.242654802495
442.137596508265
439.914926307428
437.784714780704
437.784714780704
440.007384981542
437.784714780704
452.442445544066
438.242654802495
437.784714780704
437.784714780704
437.784714780704
437.784714780704
455.105659435391
452.442445544066
437.784714780704
437.975447908667
437.784714780704
437.784714780704
437.784714780704
437.784714780704
437.784714780704
437.784714780704
437.784714780704
437.784714780704
437.784714780704
439.914926307428
437.784714780704
437.784714780704
437.784714780704
437.784714780704
437.784714780704
437.975447908667
437.784714780704
437.784714780704
437.784714780704
437.784714780704
437.784714780704
437.784714780704
437.784714780704
437.784714780704
437.784714780704
437.784714780704
437.784714780704
437.784714780704
437.784714780704
437.784714780704
437.784714780704
437.784714780704
437.784714780704
437.784714780704
437.784714780704
437.784714780704
437.784714780704
437.784714780704
437.784714780704
437.784714780704
437.784714780704
437.784714780704
437.784714780704
437.784714780704
437.784714780704
437.784714780704
456.952539780704
437.784714780704
437.784714780704
437.784714780704
437.784714780704
437.784714780704
437.784714780704