结果
最优解为:384.0997
最优解路径:

Best_route =

     0     0     0     0     0     0     0
     1     3     4     5     2     6     0

本次运算用时:1.432秒
算法在第4代时收敛

best
437.784714780704
384.868363580275
384.868363580275
384.099660801178
384.099660801178
384.099660801178
384.099660801178
384.099660801178
384.099660801178
384.099660801178
384.099660801178
384.099660801178
384.099660801178
384.099660801178
384.099660801178
384.099660801178
384.099660801178
384.099660801178
384.099660801178
384.099660801178
384.099660801178
384.099660801178
384.099660801178
384.099660801178
384.099660801178
384.099660801178
384.099660801178
384.099660801178
384.099660801178
384.099660801178
384.099660801178
384.099660801178
384.099660801178
384.099660801178
384.099660801178
384.099660801178
384.099660801178
384.099660801178
384.099660801178
384.099660801178
384.099660801178
384.099660801178
384.099660801178
384.099660801178
384.099660801178
384.099660801178
384.099660801178
384.099660801178
384.099660801178
384.099660801178
384.099660801178
384.099660801178
384.099660801178
384.099660801178
384.099660801178
384.099660801178
384.099660801178
384.099660801178
384.099660801178
384.099660801178
384.099660801178
384.099660801178
384.099660801178
384.099660801178
384.099660801178
384.099660801178
384.099660801178
384.099660801178
384.099660801178
384.099660801178
384.099660801178
384.099660801178
384.099660801178
384.099660801178
384.099660801178
384.099660801178
384.099660801178
384.099660801178
384.099660801178
384.099660801178
384.099660801178
384.099660801178
384.099660801178
384.099660801178
384.099660801178
384.099660801178
384.099660801178
384.099660801178
384.099660801178
384.099660801178
384.099660801178
384.099660801178
384.099660801178
384.099660801178
384.099660801178
384.099660801178
384.099660801178
384.099660801178
384.099660801178
384.099660801178

ave
484.672994467261
449.936843816415
466.504936716333
469.549602465248
447.870114080934
457.578400474015
449.444111132017
469.918726289273
446.763500909389
453.335410361439
465.866572074426
445.276146752684
442.595536530056
443.418957899524
459.481753273990
465.565844561712
439.914926307428
444.360266709102
439.545802483402
444.818206730893
445.183688078570
439.914926307428
444.267808034989
442.503077855942
446.490478235826
438.242654802495
439.914926307428
442.137596508265
437.784714780704
439.914926307428
437.784714780704
486.943210015789
439.914926307428
440.830806351009
452.442445544066
452.442445544066
437.784714780704
467.558116329219
455.105659435391
437.784714780704
437.784714780704
437.784714780704
437.784714780704
437.784714780704
452.442445544066
452.442445544066
437.784714780704
437.784714780704
437.784714780704
435.100462081728
437.784714780704
439.914926307428
437.784714780704
437.784714780704
452.442445544066
437.784714780704
437.784714780704
437.784714780704
437.784714780704
437.784714780704
437.784714780704
437.784714780704
437.784714780704
437.784714780704
437.784714780704
437.784714780704
437.784714780704
452.442445544066
437.784714780704
437.784714780704
454.572657070790
437.784714780704
437.784714780704
437.784714780704
457.235870962114
437.784714780704
437.784714780704
437.784714780704
437.784714780704
452.442445544066
455.105659435391
437.784714780704
437.784714780704
437.784714780704
437.784714780704
437.784714780704
437.784714780704
437.784714780704
437.784714780704
437.784714780704
452.900385565857
439.914926307428
439.914926307428
437.784714780704
437.784714780704
437.784714780704
437.784714780704
437.784714780704
437.784714780704
437.784714780704