最优解为:899.1559
最优解路径:

Best_route =

     5     6     1     2    11     0     0     0     0     0     0     0     0
     9    10     3     4    12     7     8     0     0     0     0     0     0

本次运算用时:6.08秒
算法在第52代时收敛

best
956.483613440669
902.776477232762
902.776477232762
902.776477232762
902.776477232762
902.776477232762
902.776477232762
902.776477232762
902.776477232762
902.776477232762
902.776477232762
902.776477232762
902.776477232762
902.776477232762
902.776477232762
902.776477232762
902.776477232762
902.776477232762
902.776477232762
902.776477232762
902.776477232762
902.776477232762
902.776477232762
902.776477232762
901.358847262897
901.358847262897
901.358847262897
901.358847262897
901.358847262897
901.358847262897
901.358847262897
901.358847262897
901.358847262897
901.358847262897
901.358847262897
901.358847262897
901.358847262897
901.358847262897
901.358847262897
901.358847262897
901.358847262897
901.358847262897
901.358847262897
901.358847262897
901.358847262897
901.358847262897
901.358847262897
901.358847262897
901.358847262897
901.358847262897
901.358847262897
899.155944007375
899.155944007375
899.155944007375
899.155944007375
899.155944007375
899.155944007375
899.155944007375
899.155944007375
899.155944007375
899.155944007375
899.155944007375
899.155944007375
899.155944007375
899.155944007375
899.155944007375
899.155944007375
899.155944007375
899.155944007375
899.155944007375
899.155944007375
899.155944007375
899.155944007375
899.155944007375
899.155944007375
899.155944007375
899.155944007375
899.155944007375
899.155944007375
899.155944007375
899.155944007375
899.155944007375
899.155944007375
899.155944007375
899.155944007375
899.155944007375
899.155944007375
899.155944007375
899.155944007375
899.155944007375
899.155944007375
899.155944007375
899.155944007375
899.155944007375
899.155944007375
899.155944007375
899.155944007375
899.155944007375
899.155944007375
899.155944007375
899.155944007375
899.155944007375
899.155944007375
899.155944007375
899.155944007375
899.155944007375
899.155944007375
899.155944007375
899.155944007375
899.155944007375
899.155944007375
899.155944007375
899.155944007375
899.155944007375
899.155944007375
899.155944007375
899.155944007375
899.155944007375
899.155944007375
899.155944007375
899.155944007375
899.155944007375
899.155944007375
899.155944007375
899.155944007375
899.155944007375
899.155944007375
899.155944007375
899.155944007375
899.155944007375
899.155944007375
899.155944007375
899.155944007375
899.155944007375
899.155944007375
899.155944007375
899.155944007375
899.155944007375
899.155944007375
899.155944007375
899.155944007375
899.155944007375
899.155944007375
899.155944007375
899.155944007375
899.155944007375
899.155944007375
899.155944007375
899.155944007375
899.155944007375
899.155944007375
899.155944007375
899.155944007375
899.155944007375
899.155944007375
899.155944007375
899.155944007375
899.155944007375
899.155944007375
899.155944007375
899.155944007375
899.155944007375
899.155944007375
899.155944007375
899.155944007375
899.155944007375
899.155944007375
899.155944007375
899.155944007375
899.155944007375
899.155944007375
899.155944007375
899.155944007375
899.155944007375
899.155944007375
899.155944007375
899.155944007375
899.155944007375
899.155944007375
899.155944007375
899.155944007375
899.155944007375
899.155944007375
899.155944007375
899.155944007375
899.155944007375
899.155944007375
899.155944007375
899.155944007375
899.155944007375
899.155944007375
899.155944007375
899.155944007375
899.155944007375
899.155944007375
899.155944007375
899.155944007375
899.155944007375
899.155944007375
899.155944007375

ave
1109.66137388841
1150.13371999027
1187.33434232214
1044.95035697528
1012.81370550781
1042.33774472216
1170.69311928260
1190.66182596292
1226.21017185066
1198.71213202717
1270.78333109217
1278.11169754032
1211.98700044617
1256.95056940806
1341.54837885102
1340.32070571546
1309.85148295852
1310.25194186529
1340.70455824878
1279.82252526694
1403.58656043200
1457.73326961527
1205.33771740053
1309.45478260110
1175.23342821257
1299.59627333231
1196.86776218923
1436.83983132094
1342.93543380579
1086.99060803995
1040.41260222347
1029.00260471662
1038.38720850614
998.680386419312
977.910201783775
1062.90968348389
994.638057296050
946.241017161597
1009.88115544772
982.319348529024
1033.27370525012
1003.92897442000
1004.95718780594
1016.01433245988
1063.42807866012
1048.09704263347
964.106964942300
1027.33102366812
974.687596320678
995.965188873131
1141.19576869247
1005.71885514673
1043.10329909251
935.124079682560
943.997747649486
984.974371288279
940.883046165399
946.763826128583
1019.35356924362
1037.45457514575
973.165490851720
967.294330996683
990.562282399651
994.461057777962
959.717792412366
975.669821000845
977.372953131073
996.989225092859
973.054087053519
966.631525889492
974.687596320678
1074.04686379479
980.397787532618
1001.09928826581
1027.53044653057
954.537536780511
1066.23675619557
969.466402964450
964.249315308923
1051.64969301383
943.875573446159
962.939820223116
906.356643470119
909.951758395822
914.617075526725
921.318155098245
911.746988133490
911.583976260799
911.504512353570
921.520718914157
939.423105885150
913.647136384563
911.433679925872
911.989886401162
908.776641167927
905.330228180472
925.771643447844
954.504763564087
902.975663093478
915.445313048315
911.371784078621
941.299005613670
917.148311761545
909.671835174372
902.565407462848
902.968851885864
919.481118877526
911.990803674084
911.265779756084
915.690722157193
922.630098093109
917.754474737070
910.636669455002
912.382821455760
917.781499417739
910.425291747408
923.078714468315
917.615094248922
914.389936436356
908.579961197073
906.235361486819
956.745074644598
931.547978502373
947.979741924897
916.986288410059
914.508946362641
909.039519769469
919.471583575051
913.871210910635
911.323485692300
911.425965719263
908.669157341858
918.831839586661
923.128974054687
919.662145538796
928.798038720271
925.312390339207
911.519703914538
947.740014089241
922.383788056734
960.361735237921
922.166180451658
907.914022236827
908.516150599428
914.672393755826
950.863693884935
916.296538901147
914.081739999880
916.928012405327
920.055488431500
911.708207930166
911.338677253268
915.136634194844
914.245258410614
907.914022236827
914.269680275600
923.234637501425
929.859503498795
928.159392323952
911.980608959834
909.172041939872
948.373243140055
920.262937787428
914.498562040555
910.881968462532
911.857062047984
917.313200703077
905.726513675101
914.238167550285
908.196611652137
916.952651139836
917.034153788818
915.063445634910
903.231808171709
908.139252920327
952.532403073329
911.851412910862
908.669188500413
922.585894070878
918.529112330988
915.346673317376
908.447694670740
923.373815417825
914.292919259444
922.225062318099
958.340864147922
952.315418721568
950.149778478472
910.836736727393
913.850484756753
920.807143478747
903.324316348532
917.418876026684
972.040021591165
906.887030716285
905.345419741441
914.110975325252
922.179193149686
914.856839941342
910.700941801263