实验环境：
VeiNum = 2
Q_ant = 60
AntNum = 20 
iter_max = 100

抽取的客户节点编号为

Cus_select =

    69    34    19    75

各任务对应的的客户节点编号为

Task_Cus =

    69    34    19    75

cus：
35	35
35	35
35	35
37	47
65	55
15	60
49	11


task：
2	4	1	0	1
4	3	2	1	0
2	5	1	0	1
5	3	2	3	0
3	6	3	0	1
6	2	4	5	0
3	7	3	0	1
7	2	4	7	0


linktime
0	0	0.304138126514911	0	0.901387818865997	1.30039052967911	0.800390529679106	1.19462219947249	0.694622199472490
0.304138126514911	0.470804793181578	0	0.470804793181578	29.1204395571221	1.77119532286068	0.638846616959032	1.66542699265407	0.948683298050514
0.804138126514911	0.804138126514911	1.27494291969649	0.804138126514911	1.87219261204758	0.638846616959032	1.77119532286068	0.948683298050514	1.66542699265407
0.901387818865997	1.06805448553266	29.1204395571221	1.06805448553266	0	2.36844501521177	1.25623445264011	2.26267668500515	1.17046999107196
1.40138781886600	1.40138781886600	1.87219261204758	1.40138781886600	2.46944230439866	1.25623445264011	2.36844501521177	1.17046999107196	2.26267668500515
0.800390529679106	0.967057196345773	0.638846616959032	0.967057196345773	1.25623445264011	2.26744772602488	0	2.16167939581826	1.49101475512484
0	0	0.470804793181578	0	1.06805448553266	1.30039052967911	0.967057196345773	1.19462219947249	0.861288866139157
0.694622199472490	0.861288866139157	0.948683298050514	0.861288866139157	1.17046999107196	2.16167939581826	1.49101475512484	2.05591106561165	0
0	0	0.470804793181578	0	1.06805448553266	1.30039052967911	0.967057196345773	1.19462219947249	0.861288866139157

tasktime
0
0.970804793181578
0.166666666666667
1.56805448553266
0.166666666666667
0.166666666666667
1.46705719634577
0.166666666666667
1.36128886613916

1
2	4	1	0	1
2	5	1	0	1
6	2	4	0	0
7	2	4	0	0


2
4	3	2	0	0
5	3	2	0	0
3	6	3	0	1
3	7	3	0	1



linktime1
0	0	0	0.800390529679106	0.694622199472490
0.304138126514911	0.470804793181578	0.470804793181578	0.638846616959032	0.948683298050514
0.901387818865997	1.06805448553266	1.06805448553266	1.25623445264011	1.17046999107196
0	0	0	0.967057196345773	0.861288866139157
0	0	0	0.967057196345773	0.861288866139157

tasktime1
0
0.970804793181578
1.56805448553266
1.46705719634577
1.36128886613916


linktime2
0	0.304138126514911	0.901387818865997	1.30039052967911	1.19462219947249
0.804138126514911	1.27494291969649	1.87219261204758	0.638846616959032	0.948683298050514
1.40138781886600	1.87219261204758	2.46944230439866	1.25623445264011	1.17046999107196
0.800390529679106	0.638846616959032	1.25623445264011	2.26744772602488	2.16167939581826
0.694622199472490	0.948683298050514	1.17046999107196	2.16167939581826	2.05591106561165


tasktime2
0
0.166666666666667
0.166666666666667
0.166666666666667
0.166666666666667