最优解为:333.0654
最优解路径:

Best_route =

     3     5     1     4     2     6     0
     0     0     0     0     0     0     0

本次运算用时:1.468秒
算法在第10代时收敛

best
376.533642150827
376.533642150827
376.533642150827
376.533642150827
376.533642150827
376.533642150827
376.533642150827
376.533642150827
376.533642150827
333.065350302726
333.065350302726
333.065350302726
333.065350302726
333.065350302726
333.065350302726
333.065350302726
333.065350302726
333.065350302726
333.065350302726
333.065350302726
333.065350302726
333.065350302726
333.065350302726
333.065350302726
333.065350302726
333.065350302726
333.065350302726
333.065350302726
333.065350302726
333.065350302726
333.065350302726
333.065350302726
333.065350302726
333.065350302726
333.065350302726
333.065350302726
333.065350302726
333.065350302726
333.065350302726
333.065350302726
333.065350302726
333.065350302726
333.065350302726
333.065350302726
333.065350302726
333.065350302726
333.065350302726
333.065350302726
333.065350302726
333.065350302726
333.065350302726
333.065350302726
333.065350302726
333.065350302726
333.065350302726
333.065350302726
333.065350302726
333.065350302726
333.065350302726
333.065350302726
333.065350302726
333.065350302726
333.065350302726
333.065350302726
333.065350302726
333.065350302726
333.065350302726
333.065350302726
333.065350302726
333.065350302726
333.065350302726
333.065350302726
333.065350302726
333.065350302726
333.065350302726
333.065350302726
333.065350302726
333.065350302726
333.065350302726
333.065350302726
333.065350302726
333.065350302726
333.065350302726
333.065350302726
333.065350302726
333.065350302726
333.065350302726
333.065350302726
333.065350302726
333.065350302726
333.065350302726
333.065350302726
333.065350302726
333.065350302726
333.065350302726
333.065350302726
333.065350302726
333.065350302726
333.065350302726
333.065350302726

ave
399.890400107016
453.761184364474
384.116485454848
415.567913493289
410.824845819478
401.282410468469
408.138404542635
383.378609360771
399.008934226926
375.332821661215
416.326915521369
406.905084046964
386.768693928125
381.084535454848
376.984511387465
388.706057709523
375.826227562389
388.185381615446
377.055367016982
379.590216485901
377.506236253620
376.984511387465
382.646790820974
381.720428012624
377.509536562780
377.506236253620
381.198703146469
376.533642150827
376.984511387465
376.533642150827
376.533642150827
376.533642150827
379.682951155185
376.533642150827
380.204676021340
376.533642150827
376.533642150827
377.244248052002
376.533642150827
376.533642150827
376.533642150827
403.767600393423
376.533642150827
399.102539397781
376.533642150827
376.533642150827
376.533642150827
376.533642150827
376.533642150827
376.533642150827
376.533642150827
381.198703146469
376.533642150827
376.533642150827
376.533642150827
376.533642150827
376.533642150827
376.533642150827
376.533642150827
376.533642150827
376.533642150827
376.533642150827
376.533642150827
376.533642150827
376.533642150827
376.533642150827
376.533642150827
376.533642150827
399.102539397781
376.533642150827
376.533642150827
376.533642150827
376.533642150827
376.533642150827
376.533642150827
376.533642150827
376.533642150827
376.533642150827
376.533642150827
376.533642150827
376.533642150827
376.533642150827
376.533642150827
376.533642150827
376.533642150827
376.533642150827
376.533642150827
391.793378815363
376.533642150827
376.533642150827
376.533642150827
399.102539397781
376.533642150827
376.533642150827
376.533642150827
376.533642150827
376.533642150827
376.533642150827
376.533642150827
399.102539397781