最优解为:330.7182
最优解路径:

Best_route =

     3     1     4     5     2     6     0
     0     0     0     0     0     0     0

本次运算用时:1.374秒
算法在第6代时收敛

best
376.533642150827
333.065350302726
333.065350302726
333.065350302726
333.065350302726
330.718170215570
330.718170215570
330.718170215570
330.718170215570
330.718170215570
330.718170215570
330.718170215570
330.718170215570
330.718170215570
330.718170215570
330.718170215570
330.718170215570
330.718170215570
330.718170215570
330.718170215570
330.718170215570
330.718170215570
330.718170215570
330.718170215570
330.718170215570
330.718170215570
330.718170215570
330.718170215570
330.718170215570
330.718170215570
330.718170215570
330.718170215570
330.718170215570
330.718170215570
330.718170215570
330.718170215570
330.718170215570
330.718170215570
330.718170215570
330.718170215570
330.718170215570
330.718170215570
330.718170215570
330.718170215570
330.718170215570
330.718170215570
330.718170215570
330.718170215570
330.718170215570
330.718170215570
330.718170215570
330.718170215570
330.718170215570
330.718170215570
330.718170215570
330.718170215570
330.718170215570
330.718170215570
330.718170215570
330.718170215570
330.718170215570
330.718170215570
330.718170215570
330.718170215570
330.718170215570
330.718170215570
330.718170215570
330.718170215570
330.718170215570
330.718170215570
330.718170215570
330.718170215570
330.718170215570
330.718170215570
330.718170215570
330.718170215570
330.718170215570
330.718170215570
330.718170215570
330.718170215570
330.718170215570
330.718170215570
330.718170215570
330.718170215570
330.718170215570
330.718170215570
330.718170215570
330.718170215570
330.718170215570
330.718170215570
330.718170215570
330.718170215570
330.718170215570
330.718170215570
330.718170215570
330.718170215570
330.718170215570
330.718170215570
330.718170215570
330.718170215570

ave
402.700910022202
409.380028422503
386.300248088921
385.700226834105
383.761542200231
415.487056062913
385.749596450490
390.578519825332
432.917568051122
416.876682237241
384.054703658558
387.333730856384
380.448751893495
387.666465691096
411.269672991172
378.219476062809
387.024572878779
384.777002347697
396.980164677160
378.145320124133
399.624264263935
376.533642150827
391.856737249262
377.623595257978
381.198703146469
377.172726021340
377.172726021340
392.495821119775
374.360227558422
376.533642150827
376.533642150827
372.186812966017
394.033452150827
377.506236253620
408.842233497589
399.102539397781
376.533642150827
376.533642150827
376.533642150827
376.533642150827
377.506236253620
376.533642150827
377.506236253620
376.533642150827
376.533642150827
376.533642150827
376.533642150827
376.533642150827
376.533642150827
376.533642150827
376.533642150827
376.533642150827
376.533642150827
376.533642150827
376.533642150827
376.533642150827
376.533642150827
376.533642150827
376.533642150827
376.533642150827
376.533642150827
376.533642150827
376.533642150827
377.506236253620
376.533642150827
376.533642150827
376.533642150827
376.533642150827
376.533642150827
376.533642150827
376.533642150827
376.533642150827
376.533642150827
376.533642150827
376.533642150827
376.533642150827
376.533642150827
376.533642150827
376.533642150827
376.533642150827
376.533642150827
376.533642150827
376.533642150827
376.533642150827
376.533642150827
376.533642150827
376.533642150827
376.533642150827
376.533642150827
376.533642150827
376.533642150827
391.793378815363
376.533642150827
376.533642150827
376.533642150827
376.533642150827
376.533642150827
376.533642150827
376.533642150827
376.533642150827