最优解为:330.7182
最优解路径:

Best_route =

     0     0     0     0     0     0     0
     3     1     4     5     2     6     0

本次运算用时:1.378秒
算法在第2代时收敛

best
376.533642150827
330.718170215570
330.718170215570
330.718170215570
330.718170215570
330.718170215570
330.718170215570
330.718170215570
330.718170215570
330.718170215570
330.718170215570
330.718170215570
330.718170215570
330.718170215570
330.718170215570
330.718170215570
330.718170215570
330.718170215570
330.718170215570
330.718170215570
330.718170215570
330.718170215570
330.718170215570
330.718170215570
330.718170215570
330.718170215570
330.718170215570
330.718170215570
330.718170215570
330.718170215570
330.718170215570
330.718170215570
330.718170215570
330.718170215570
330.718170215570
330.718170215570
330.718170215570
330.718170215570
330.718170215570
330.718170215570
330.718170215570
330.718170215570
330.718170215570
330.718170215570
330.718170215570
330.718170215570
330.718170215570
330.718170215570
330.718170215570
330.718170215570
330.718170215570
330.718170215570
330.718170215570
330.718170215570
330.718170215570
330.718170215570
330.718170215570
330.718170215570
330.718170215570
330.718170215570
330.718170215570
330.718170215570
330.718170215570
330.718170215570
330.718170215570
330.718170215570
330.718170215570
330.718170215570
330.718170215570
330.718170215570
330.718170215570
330.718170215570
330.718170215570
330.718170215570
330.718170215570
330.718170215570
330.718170215570
330.718170215570
330.718170215570
330.718170215570
330.718170215570
330.718170215570
330.718170215570
330.718170215570
330.718170215570
330.718170215570
330.718170215570
330.718170215570
330.718170215570
330.718170215570
330.718170215570
330.718170215570
330.718170215570
330.718170215570
330.718170215570
330.718170215570
330.718170215570
330.718170215570
330.718170215570
330.718170215570

ave
469.411618854186
386.089598304667
391.809912111117
415.266740175448
435.088263066744
387.404586485901
394.655613420219
414.462185061212
384.943783959235
385.678740820974
378.596189360771
382.622166485901
377.765972918156
402.571588481152
383.782975222568
377.694450887494
377.055367016982
378.738567020949
376.533642150827
376.533642150827
382.809332347697
379.707575490258
379.707575490258
382.171297249262
381.084535454848
407.354563248504
376.533642150827
376.533642150827
376.533642150827
376.984511387465
376.533642150827
376.533642150827
376.533642150827
376.533642150827
376.533642150827
377.244248052002
381.198703146469
376.533642150827
379.232081918547
376.533642150827
376.533642150827
376.533642150827
376.533642150827
376.533642150827
381.198703146469
376.533642150827
376.533642150827
376.533642150827
399.102539397781
376.533642150827
376.533642150827
376.533642150827
376.533642150827
376.533642150827
376.533642150827
391.793378815363
376.533642150827
376.533642150827
376.533642150827
376.533642150827
376.533642150827
376.533642150827
376.533642150827
376.533642150827
376.533642150827
376.533642150827
376.533642150827
376.533642150827
376.533642150827
376.533642150827
376.533642150827
376.533642150827
376.533642150827
376.533642150827
376.533642150827
376.533642150827
376.533642150827
376.533642150827
376.533642150827
376.533642150827
376.533642150827
376.533642150827
376.533642150827
376.533642150827
376.533642150827
376.533642150827
376.533642150827
376.533642150827
376.533642150827
376.533642150827
376.533642150827
376.533642150827
376.533642150827
376.533642150827
376.533642150827
376.533642150827
376.533642150827
376.533642150827
376.533642150827
376.533642150827