实验环境：
VeiNum = 2
Q_ant = 75（trad100）
AntNum = 20 
iter_max = 200

抽取的客户节点编号为

Cus_select =

    91     3    89   100    67    54    70    58

各任务对应的的客户节点编号为

Task_Cus =

    91     3    89   100    67    54    70    58

cus：
35	35
35	35
35	35
15	19
55	45
26	35
18	18
67	5
57	29
37	56
36	26


task：
2	4	1	0	1
4	3	2	1	0
3	5	3	0	1
5	2	4	3	0
2	6	1	0	1
6	3	2	5	0
3	7	3	0	1
7	2	4	7	0
2	8	1	0	1
8	3	2	9	0
2	9	1	0	1
9	3	2	11	0
2	10	1	0	1
10	3	2	13	0
3	11	3	0	1
11	2	4	15	0


linktime
0	0	0.640312423743285	1.05901699437495	0.559016994374948	0	0.225000000000000	1.10104076400857	0.601040764008565	0	1.09658560997307	0	0.570087712549569	0	0.527375577743225	0.726384628453435	0.226384628453435
0.640312423743285	0.806979090409952	0	1.86599608478490	1.19268604418766	0.806979090409952	19.4164878389476	1.90801985441852	0.0790569415042095	0.806979090409952	53.8516480713450	0.806979090409952	43.1740662898458	0.806979090409952	43.0464865000618	1.53336371886339	0.553398590529466
1.14031242374329	1.14031242374329	1.94729151415324	1.19268604418766	1.86599608478490	1.14031242374329	1.53197909040995	0.0790569415042095	1.90801985441852	1.14031242374329	2.40356470038302	1.14031242374329	1.87706680295952	1.14031242374329	1.83435466815318	0.553398590529466	1.53336371886339
0.559016994374948	0.725683661041614	1.19268604418766	1.78470065541656	0	0.725683661041614	0.766893082508898	1.82672442505018	1.14509824905988	0.725683661041614	1.04403065089106	0.725683661041614	0.403112887414927	0.725683661041614	0.527375577743225	1.45206828949505	0.671751442127220
0	0	0.806979090409952	1.05901699437495	0.725683661041614	0	0.391666666666667	1.10104076400857	0.767707430675232	0	1.26325227663973	0	0.736754379216236	0	0.694042244409891	0.726384628453435	0.393051295120102
0.225000000000000	0.391666666666667	19.4164878389476	1.45068366104161	0.766893082508898	0.391666666666667	0	1.49270743067523	0.469707355701398	0.391666666666667	50.8035431835222	0.391666666666667	31.5753068076939	0.391666666666667	23.7065391822594	1.11805129512010	0.336340601176843
0.725000000000000	0.725000000000000	1.53197909040995	0.766893082508898	1.45068366104161	0.725000000000000	1.11666666666667	0.469707355701398	1.49270743067523	0.725000000000000	1.98825227663973	0.725000000000000	1.46175437921624	0.725000000000000	1.41904224440989	0.336340601176843	1.11805129512010
0.601040764008565	0.767707430675232	0.0790569415042095	1.82672442505018	1.14509824905988	0.767707430675232	0.469707355701398	1.86874819468380	0	0.767707430675232	1.26737918556366	0.767707430675232	1.01303997946774	0.767707430675232	1.06213228931240	1.49409205912867	0.492442890089805
0	0	0.806979090409952	1.05901699437495	0.725683661041614	0	0.391666666666667	1.10104076400857	0.767707430675232	0	1.26325227663973	0	0.736754379216236	0	0.694042244409891	0.726384628453435	0.393051295120102
1.09658560997307	1.26325227663973	53.8516480713450	2.32226927101468	1.04403065089106	1.26325227663973	50.8035431835222	2.36429304064830	1.26737918556366	1.26325227663973	0	1.26325227663973	26	1.26325227663973	59.1692487699481	1.98963690509317	0.936082261342453
1.59658560997307	1.59658560997307	2.40356470038302	1.04403065089106	2.32226927101468	1.59658560997307	1.98825227663973	1.26737918556366	2.36429304064830	1.59658560997307	2.85983788661280	1.59658560997307	2.33333998918930	1.59658560997307	2.29062785438296	0.936082261342453	1.98963690509317
0.570087712549569	0.736754379216236	43.1740662898458	1.79577137359118	0.403112887414927	0.736754379216236	31.5753068076939	1.83779514322480	1.01303997946774	0.736754379216236	26	0.736754379216236	0	0.736754379216236	33.6005952328229	1.46313900766967	0.530330085889911
1.07008771254957	1.07008771254957	1.87706680295952	0.403112887414927	1.79577137359118	1.07008771254957	1.46175437921624	1.01303997946774	1.83779514322480	1.07008771254957	2.33333998918930	1.07008771254957	1.80684209176580	1.07008771254957	1.76412995695946	0.530330085889911	1.46313900766967
0.527375577743225	0.694042244409891	43.0464865000618	1.75305923878484	0.527375577743225	0.694042244409891	23.7065391822594	1.79508300841846	1.06213228931240	0.694042244409891	59.1692487699481	0.694042244409891	33.6005952328229	0.694042244409891	0	1.42042687286333	0.750416550990182
1.02737557774322	1.02737557774322	1.83435466815318	0.527375577743225	1.75305923878484	1.02737557774322	1.41904224440989	1.06213228931240	1.79508300841846	1.02737557774322	2.29062785438296	1.02737557774322	1.76412995695946	1.02737557774322	1.72141782215312	0.750416550990182	1.42042687286333
0.226384628453435	0.393051295120102	0.553398590529466	1.45206828949505	0.671751442127220	0.393051295120102	0.336340601176843	1.49409205912867	0.492442890089805	0.393051295120102	0.936082261342453	0.393051295120102	0.530330085889911	0.393051295120102	0.750416550990182	1.11943592357354	0
0	0	0.806979090409952	1.05901699437495	0.725683661041614	0	0.391666666666667	1.10104076400857	0.767707430675232	0	1.26325227663973	0	0.736754379216236	0	0.694042244409891	0.726384628453435	0.393051295120102


tasktime
0
1.30697909040995
0.166666666666667
0.166666666666667
1.22568366104161
0.891666666666667
0.166666666666667
0.166666666666667
1.26770743067523
1.76325227663973
0.166666666666667
1.23675437921624
0.166666666666667
1.19404224440989
0.166666666666667
0.166666666666667
0.893051295120102

1
2	4	1	0	1
5	2	4	0	0
2	6	1	0	1
7	2	4	0	0
2	8	1	0	1
2	9	1	0	1
2	10	1	0	1
11	2	4	0	0


2
4	3	2	0	0
3	5	3	0	1
6	3	2	0	0
3	7	3	0	1
8	3	2	0	0
9	3	2	0	0
10	3	2	0	0
3	11	3	0	1



linktime1
0	0	0.559016994374948	0	0.601040764008565	0	0	0	0.226384628453435
0.640312423743285	0.806979090409952	1.19268604418766	0.806979090409952	0.0790569415042095	0.806979090409952	0.806979090409952	0.806979090409952	0.553398590529466
0	0	0.725683661041614	0	0.767707430675232	0	0	0	0.393051295120102
0.225000000000000	0.391666666666667	0.766893082508898	0.391666666666667	0.469707355701398	0.391666666666667	0.391666666666667	0.391666666666667	0.336340601176843
0	0	0.725683661041614	0	0.767707430675232	0	0	0	0.393051295120102
1.09658560997307	1.26325227663973	1.04403065089106	1.26325227663973	1.26737918556366	1.26325227663973	1.26325227663973	1.26325227663973	0.936082261342453
0.570087712549569	0.736754379216236	0.403112887414927	0.736754379216236	1.01303997946774	0.736754379216236	0.736754379216236	0.736754379216236	0.530330085889911
0.527375577743225	0.694042244409891	0.527375577743225	0.694042244409891	1.06213228931240	0.694042244409891	0.694042244409891	0.694042244409891	0.750416550990182
0	0	0.725683661041614	0	0.767707430675232	0	0	0	0.393051295120102

tasktime1
0
1.30697909040995
1.22568366104161
0.891666666666667
1.26770743067523
1.76325227663973
1.23675437921624
1.19404224440989
0.893051295120102


linktime2
0	0.640312423743285	1.05901699437495	0.225000000000000	1.10104076400857	1.09658560997307	0.570087712549569	0.527375577743225	0.726384628453435
1.14031242374329	1.94729151415324	1.19268604418766	1.53197909040995	0.0790569415042095	2.40356470038302	1.87706680295952	1.83435466815318	0.553398590529466
0.559016994374948	1.19268604418766	1.78470065541656	0.766893082508898	1.82672442505018	1.04403065089106	0.403112887414927	0.527375577743225	1.45206828949505
0.725000000000000	1.53197909040995	0.766893082508898	1.11666666666667	0.469707355701398	1.98825227663973	1.46175437921624	1.41904224440989	0.336340601176843
0.601040764008565	0.0790569415042095	1.82672442505018	0.469707355701398	1.86874819468380	1.26737918556366	1.01303997946774	1.06213228931240	1.49409205912867
1.59658560997307	2.40356470038302	1.04403065089106	1.98825227663973	1.26737918556366	2.85983788661280	2.33333998918930	2.29062785438296	0.936082261342453
1.07008771254957	1.87706680295952	0.403112887414927	1.46175437921624	1.01303997946774	2.33333998918930	1.80684209176580	1.76412995695946	0.530330085889911
1.02737557774322	1.83435466815318	0.527375577743225	1.41904224440989	1.06213228931240	2.29062785438296	1.76412995695946	1.72141782215312	0.750416550990182
