最优解为:1013.558
最优解路径:

Best_route =

     5     6    13    14     3     4     7     8    12     1     2     0     0     0     0     0     0
     9    10    15    16    11     0     0     0     0     0     0     0     0     0     0     0     0

本次运算用时:7.732秒
算法在第21代时收敛

best
1017.36478840998
1017.36478840998
1014.65448465072
1014.65448465072
1014.65448465072
1013.55795304034
1013.55795304034
1013.55795304034
1013.55795304034
1013.55795304034
1013.55795304034
1013.55795304034
1013.55795304034
1013.55795304034
1013.55795304034
1013.55795304034
1013.55795304034
1013.55795304034
1013.55795304034
1013.55795304034
1013.55795304034
1013.55795304034
1013.55795304034
1013.55795304034
1013.55795304034
1013.55795304034
1013.55795304034
1013.55795304034
1013.55795304034
1013.55795304034
1013.55795304034
1013.55795304034
1013.55795304034
1013.55795304034
1013.55795304034
1013.55795304034
1013.55795304034
1013.55795304034
1013.55795304034
1013.55795304034
1013.55795304034
1013.55795304034
1013.55795304034
1013.55795304034
1013.55795304034
1013.55795304034
1013.55795304034
1013.55795304034
1013.55795304034
1013.55795304034
1013.55795304034
1013.55795304034
1013.55795304034
1013.55795304034
1013.55795304034
1013.55795304034
1013.55795304034
1013.55795304034
1013.55795304034
1013.55795304034
1013.55795304034
1013.55795304034
1013.55795304034
1013.55795304034
1013.55795304034
1013.55795304034
1013.55795304034
1013.55795304034
1013.55795304034
1013.55795304034
1013.55795304034
1013.55795304034
1013.55795304034
1013.55795304034
1013.55795304034
1013.55795304034
1013.55795304034
1013.55795304034
1013.55795304034
1013.55795304034
1013.55795304034
1013.55795304034
1013.55795304034
1013.55795304034
1013.55795304034
1013.55795304034
1013.55795304034
1013.55795304034
1013.55795304034
1013.55795304034
1013.55795304034
1013.55795304034
1013.55795304034
1013.55795304034
1013.55795304034
1013.55795304034
1013.55795304034
1013.55795304034
1013.55795304034
1013.55795304034
1013.55795304034
1013.55795304034
1013.55795304034
1013.55795304034
1013.55795304034
1013.55795304034
1013.55795304034
1013.55795304034
1013.55795304034
1013.55795304034
1013.55795304034
1013.55795304034
1013.55795304034
1013.55795304034
1013.55795304034
1013.55795304034
1013.55795304034
1013.55795304034
1013.55795304034
1013.55795304034
1013.55795304034
1013.55795304034
1013.55795304034
1013.55795304034
1013.55795304034
1013.55795304034
1013.55795304034
1013.55795304034
1013.55795304034
1013.55795304034
1013.55795304034
1013.55795304034
1013.55795304034
1013.55795304034
1013.55795304034
1013.55795304034
1013.55795304034
1013.55795304034
1013.55795304034
1013.55795304034
1013.55795304034
1013.55795304034
1013.55795304034
1013.55795304034
1013.55795304034
1013.55795304034
1013.55795304034
1013.55795304034
1013.55795304034
1013.55795304034
1013.55795304034
1013.55795304034
1013.55795304034
1013.55795304034
1013.55795304034
1013.55795304034
1013.55795304034
1013.55795304034
1013.55795304034
1013.55795304034
1013.55795304034
1013.55795304034
1013.55795304034
1013.55795304034
1013.55795304034
1013.55795304034
1013.55795304034
1013.55795304034
1013.55795304034
1013.55795304034
1013.55795304034
1013.55795304034
1013.55795304034
1013.55795304034
1013.55795304034
1013.55795304034
1013.55795304034
1013.55795304034
1013.55795304034
1013.55795304034
1013.55795304034
1013.55795304034
1013.55795304034
1013.55795304034
1013.55795304034
1013.55795304034
1013.55795304034
1013.55795304034
1013.55795304034
1013.55795304034
1013.55795304034
1013.55795304034
1013.55795304034
1013.55795304034
1013.55795304034
1013.55795304034
1013.55795304034
1013.55795304034
1013.55795304034
1013.55795304034

ave
1229.73266196557
1149.73638780158
1149.21037100863
1121.13534980362
1115.68401943403
1083.41887325098
1079.81592227148
1167.45657764428
1171.70734653827
1149.11452885889
1115.74248038527
1081.07293766900
1087.64707522812
1095.91338938346
1118.22850277860
1147.58316928053
1054.97561792391
1065.85445081776
1064.17367939832
1062.30962028346
1054.93537049067
1067.03720509260
1093.57633667125
1049.52645437951
1057.69879469813
1054.59035594603
1086.81327459818
1080.89084015118
1046.51140571878
1053.30278494153
1034.65569047199
1085.07509789838
1051.76395538736
1077.32292176432
1049.08743706319
1044.82086374927
1053.81015328678
1057.43380311445
1047.04653212601
1077.73960606867
1043.99029166057
1038.32684397500
1044.87250923457
1038.16902246625
1053.01474895093
1035.93793936201
1051.97685626741
1070.48784965454
1069.29903956873
1028.89534939199
1034.73178304220
1063.37155245301
1049.67068970585
1024.12980042948
1065.54262064705
1027.30218889494
1033.56310107905
1050.48954096475
1030.83688090367
1028.64804371968
1076.61948293704
1032.18337696578
1041.42811768727
1035.82069798940
1050.67162254937
1058.98877652494
1037.10584872980
1067.64960366163
1068.85441787043
1062.82044352495
1048.29281258720
1056.03860791712
1029.21948011954
1033.93900394271
1065.99147600739
1040.31449328625
1038.75151741613
1041.18195060911
1031.79224762613
1066.19292540346
1049.37436526684
1041.11636190188
1031.89133686211
1052.58224679083
1045.60306774528
1066.34771825977
1062.56396446963
1028.43480193162
1040.96816202125
1089.25740451815
1096.02907004959
1067.98449008743
1035.94456889702
1098.49543346907
1020.83978208455
1028.07777468501
1025.98779291621
1069.59193798189
1036.28177718701
1082.87843849790
1041.66958231530
1050.40270079352
1036.77181451252
1042.17733834167
1042.09083052495
1048.70246632748
1078.12470197373
1042.55234047826
1031.03496104703
1078.75276243044
1044.55426120384
1064.42769064818
1043.02351444299
1044.38685413367
1068.96856901395
1026.08625465583
1033.12194825327
1042.83265502408
1039.27764809838
1032.67581073549
1034.27727161584
1044.67583258224
1071.40286935584
1033.50408015242
1028.96930112065
1044.85233748447
1041.05638170857
1049.92163198509
1047.15865812882
1088.10724581868
1038.20593987303
1031.02750265191
1047.57732518482
1048.34892205774
1063.78961776428
1049.70970017081
1049.68540468728
1031.16515879403
1053.22313141108
1030.94149471704
1057.71683808549
1062.53523433857
1029.27519704404
1029.20719198557
1033.41774791041
1026.25348454594
1067.79954560003
1056.59254500473
1039.73217497371
1043.88404831576
1068.46552721250
1060.51801625568
1033.34999177810
1039.38647002324
1042.28306216497
1036.79530276530
1031.66276549451
1040.54026141745
1063.04200342981
1033.94624504690
1067.21484561204
1033.53586038996
1039.45384680448
1046.06217192441
1040.44772237071
1059.15278623374
1100.87796176208
1032.42081891192
1046.55555758155
1031.78542290024
1036.08444468673
1037.08598383972
1037.88001767349
1044.03273722924
1069.57604292631
1044.82512365904
1050.78751931412
1052.70663328459
1060.68731971498
1062.86786062770
1086.51162517132
1051.80680770686
1045.93339945961
1084.90368682476
1042.83651109674
1053.25960064712
1040.48608624778
1084.67822260576
1057.71453930251
1038.78998199021
1035.11325309705
1034.18098205954
1024.90715546292
1094.93383948296
1027.22893678784
1033.08849260403
1022.12582539194
1033.93593992193
1064.78358678582
1031.48621110403