最优解为:361.1551
最优解路径:

Best_route =

     3     1     4     5     7     2     8     6     0
     0     0     0     0     0     0     0     0     0

本次运算用时:3.26秒
算法在第1代时收敛

best
361.155105316574
361.155105316574
361.155105316574
361.155105316574
361.155105316574
361.155105316574
361.155105316574
361.155105316574
361.155105316574
361.155105316574
361.155105316574
361.155105316574
361.155105316574
361.155105316574
361.155105316574
361.155105316574
361.155105316574
361.155105316574
361.155105316574
361.155105316574
361.155105316574
361.155105316574
361.155105316574
361.155105316574
361.155105316574
361.155105316574
361.155105316574
361.155105316574
361.155105316574
361.155105316574
361.155105316574
361.155105316574
361.155105316574
361.155105316574
361.155105316574
361.155105316574
361.155105316574
361.155105316574
361.155105316574
361.155105316574
361.155105316574
361.155105316574
361.155105316574
361.155105316574
361.155105316574
361.155105316574
361.155105316574
361.155105316574
361.155105316574
361.155105316574
361.155105316574
361.155105316574
361.155105316574
361.155105316574
361.155105316574
361.155105316574
361.155105316574
361.155105316574
361.155105316574
361.155105316574
361.155105316574
361.155105316574
361.155105316574
361.155105316574
361.155105316574
361.155105316574
361.155105316574
361.155105316574
361.155105316574
361.155105316574
361.155105316574
361.155105316574
361.155105316574
361.155105316574
361.155105316574
361.155105316574
361.155105316574
361.155105316574
361.155105316574
361.155105316574
361.155105316574
361.155105316574
361.155105316574
361.155105316574
361.155105316574
361.155105316574
361.155105316574
361.155105316574
361.155105316574
361.155105316574
361.155105316574
361.155105316574
361.155105316574
361.155105316574
361.155105316574
361.155105316574
361.155105316574
361.155105316574
361.155105316574
361.155105316574

ave
792.671429519496
680.816832945673
884.165629405250
675.076276847524
709.567806325517
552.141218167650
628.116208412279
640.593893207057
625.397034913676
638.734626508607
556.314554470736
610.760378448921
642.950161605317
536.229597665816
586.680642822115
600.752640837026
499.070229381728
539.201519869869
527.124633979885
554.098425021600
417.127755414567
454.313232560713
560.121228356533
575.416668057797
574.144128817478
516.515241379530
437.694434196939
454.779631574434
400.430615668776
453.302063800377
507.321927175737
479.051733800349
398.828165859631
436.820077659900
396.532418590360
398.572114317287
432.139443015945
408.625971000261
410.114194469121
421.406241447863
396.532418590360
398.346441251527
430.099747289019
432.139443015945
396.576897280682
396.532418590360
396.532418590360
396.532418590360
396.532418590360
396.532418590360
421.512075720850
421.446948731542
396.532418590360
396.532418590360
396.532418590360
396.532418590360
396.532418590360
396.532418590360
396.532418590360
421.512075720850
398.346441251527
441.666692863579
421.446948731542
412.457242060487
396.532418590360
396.532418590360
396.576897280682
438.771913054535
430.099747289019
396.532418590360
400.868044311326
408.625971000261
396.532418590360
410.779600197402
396.532418590360
421.446948731542
396.532418590360
396.532418590360
399.027735267287
423.486644458469
396.532418590360
400.374330474351
396.576897280682
396.532418590360
396.532418590360
421.446948731542
396.532418590360
400.418809164673
419.099555726969
396.532418590360
396.532418590360
430.099747289018
396.532418590360
396.532418590360
410.296940453446
421.446948731542
396.532418590360
396.532418590360
398.346441251527
410.665666727188