最优解为:358.3405
最优解路径:

Best_route =

     0     0     0     0     0     0     0     0     0
     7     1     8     5     3     2     6     4     0

本次运算用时:2.338秒
算法在第2代时收敛

best
396.532418590360
358.340478688878
358.340478688878
358.340478688878
358.340478688878
358.340478688878
358.340478688878
358.340478688878
358.340478688878
358.340478688878
358.340478688878
358.340478688878
358.340478688878
358.340478688878
358.340478688878
358.340478688878
358.340478688878
358.340478688878
358.340478688878
358.340478688878
358.340478688878
358.340478688878
358.340478688878
358.340478688878
358.340478688878
358.340478688878
358.340478688878
358.340478688878
358.340478688878
358.340478688878
358.340478688878
358.340478688878
358.340478688878
358.340478688878
358.340478688878
358.340478688878
358.340478688878
358.340478688878
358.340478688878
358.340478688878
358.340478688878
358.340478688878
358.340478688878
358.340478688878
358.340478688878
358.340478688878
358.340478688878
358.340478688878
358.340478688878
358.340478688878
358.340478688878
358.340478688878
358.340478688878
358.340478688878
358.340478688878
358.340478688878
358.340478688878
358.340478688878
358.340478688878
358.340478688878
358.340478688878
358.340478688878
358.340478688878
358.340478688878
358.340478688878
358.340478688878
358.340478688878
358.340478688878
358.340478688878
358.340478688878
358.340478688878
358.340478688878
358.340478688878
358.340478688878
358.340478688878
358.340478688878
358.340478688878
358.340478688878
358.340478688878
358.340478688878
358.340478688878
358.340478688878
358.340478688878
358.340478688878
358.340478688878
358.340478688878
358.340478688878
358.340478688878
358.340478688878
358.340478688878
358.340478688878
358.340478688878
358.340478688878
358.340478688878
358.340478688878
358.340478688878
358.340478688878
358.340478688878
358.340478688878
358.340478688878

ave
687.894352115250
593.422536074349
781.265820758105
642.977541333565
550.507774063082
708.845666588323
633.724403064023
655.398032555736
738.952964752711
871.382754206152
703.367909343371
639.963824063328
548.891226913694
503.540843949133
403.059476855916
504.074065387691
508.334001353032
526.461213606616
560.476388306273
597.551549378490
508.071006571298
421.834048662868
467.268014523604
524.909429910291
547.038877727314
390.314986951470
378.664303761741
502.005364525485
432.257682403057
371.862728565905
358.477194373993
370.121590019462
417.303480459672
358.453063753986
359.673476617749
396.567569163346
360.380062429363
358.340478688878
397.478156276530
358.340478688878
362.300801964092
380.061560437536
385.396508490959
381.195825118504
395.093266970809
360.380062429362
359.673476617749
358.340478688878
358.340478688878
358.340478688878
362.306670155637
358.340478688878
358.340478688878
358.340478688878
358.340478688878
358.453063753986
358.340478688878
358.340478688878
358.340478688878
371.668048898717
358.340478688878
388.500964290303
358.340478688878
358.340478688878
358.340478688878
416.622049244023
358.340478688878
393.435484983596
384.741979142440
358.340478688878
358.340478688878
358.340478688878
358.340478688878
358.340478688878
358.340478688878
359.786061682857
358.477194373993
358.453063753986
358.340478688878
379.862827189633
379.862827189633
358.340478688878
358.340478688878
373.570918470054
371.824126135099
372.161173759946
358.340478688878
388.500964290303
358.340478688878
358.340478688878
358.340478688878
358.340478688878
358.340478688878
379.862827189633
358.340478688878
358.340478688878
388.500964290303
358.340478688878
358.340478688878
358.453063753986