最优解为:358.3405
最优解路径:

Best_route =

     0     0     0     0     0     0     0     0     0
     7     1     8     5     3     2     6     4     0

本次运算用时:2.773秒
算法在第12代时收敛

best
361.155105316574
361.155105316574
361.155105316574
361.155105316574
361.155105316574
361.155105316574
361.155105316574
361.155105316574
361.155105316574
361.155105316574
361.155105316574
358.340478688878
358.340478688878
358.340478688878
358.340478688878
358.340478688878
358.340478688878
358.340478688878
358.340478688878
358.340478688878
358.340478688878
358.340478688878
358.340478688878
358.340478688878
358.340478688878
358.340478688878
358.340478688878
358.340478688878
358.340478688878
358.340478688878
358.340478688878
358.340478688878
358.340478688878
358.340478688878
358.340478688878
358.340478688878
358.340478688878
358.340478688878
358.340478688878
358.340478688878
358.340478688878
358.340478688878
358.340478688878
358.340478688878
358.340478688878
358.340478688878
358.340478688878
358.340478688878
358.340478688878
358.340478688878
358.340478688878
358.340478688878
358.340478688878
358.340478688878
358.340478688878
358.340478688878
358.340478688878
358.340478688878
358.340478688878
358.340478688878
358.340478688878
358.340478688878
358.340478688878
358.340478688878
358.340478688878
358.340478688878
358.340478688878
358.340478688878
358.340478688878
358.340478688878
358.340478688878
358.340478688878
358.340478688878
358.340478688878
358.340478688878
358.340478688878
358.340478688878
358.340478688878
358.340478688878
358.340478688878
358.340478688878
358.340478688878
358.340478688878
358.340478688878
358.340478688878
358.340478688878
358.340478688878
358.340478688878
358.340478688878
358.340478688878
358.340478688878
358.340478688878
358.340478688878
358.340478688878
358.340478688878
358.340478688878
358.340478688878
358.340478688878
358.340478688878
358.340478688878

ave
697.655575197647
655.101823903493
819.017355390500
664.517376328851
611.637954215007
918.197062890334
883.343069239473
817.100661195863
847.777600151807
560.681368361300
607.964206613769
780.280295498895
919.344832206082
844.614122968771
579.945267778489
692.863544471008
629.081282268214
561.940451350218
563.846699299326
567.729353777357
514.199868258357
582.472351975227
525.539329673419
535.036746196968
534.822738468900
494.745128114457
621.380212993967
474.506160304928
537.912234152182
549.822496790932
535.414798733352
587.099634835756
590.857074499139
402.590811128947
427.643156525027
431.598380784249
397.392695981413
378.822478739560
481.324519531772
442.058812497094
366.905823568492
413.849378659492
361.155105316574
378.778000049238
361.155105316574
384.172472305113
385.656063341151
361.155105316574
387.594333668337
361.155105316574
396.137526546183
387.549854978015
361.155105316574
398.418165407647
378.896461373862
361.155105316574
387.549854978015
361.155105316574
361.155105316574
361.155105316574
395.802366732672
361.155105316574
361.155105316574
361.155105316574
361.155105316574
361.155105316574
361.155105316574
398.826580136583
396.318720921621
361.155105316574
361.155105316574
361.155105316574
361.155105316574
361.155105316574
361.155105316574
361.155105316574
376.846625855036
361.155105316574
361.155105316574
361.155105316574
361.155105316574
396.318720921621
361.155105316574
361.155105316574
361.155105316574
361.155105316574
361.155105316574
361.155105316574
411.397022670250
374.293081425695
361.155105316574
361.155105316574
361.155105316574
395.427745593592
361.155105316574
361.155105316574
361.155105316574
361.155105316574
361.155105316574
361.155105316574