最优解为:353.1827
最优解路径:

Best_route =

     6     4     7     8     3     1     2     5     0
     0     0     0     0     0     0     0     0     0

本次运算用时:3.562秒
算法在第2代时收敛

best
354.773428100386
353.182718989763
353.182718989763
353.182718989763
353.182718989763
353.182718989763
353.182718989763
353.182718989763
353.182718989763
353.182718989763
353.182718989763
353.182718989763
353.182718989763
353.182718989763
353.182718989763
353.182718989763
353.182718989763
353.182718989763
353.182718989763
353.182718989763
353.182718989763
353.182718989763
353.182718989763
353.182718989763
353.182718989763
353.182718989763
353.182718989763
353.182718989763
353.182718989763
353.182718989763
353.182718989763
353.182718989763
353.182718989763
353.182718989763
353.182718989763
353.182718989763
353.182718989763
353.182718989763
353.182718989763
353.182718989763
353.182718989763
353.182718989763
353.182718989763
353.182718989763
353.182718989763
353.182718989763
353.182718989763
353.182718989763
353.182718989763
353.182718989763
353.182718989763
353.182718989763
353.182718989763
353.182718989763
353.182718989763
353.182718989763
353.182718989763
353.182718989763
353.182718989763
353.182718989763
353.182718989763
353.182718989763
353.182718989763
353.182718989763
353.182718989763
353.182718989763
353.182718989763
353.182718989763
353.182718989763
353.182718989763
353.182718989763
353.182718989763
353.182718989763
353.182718989763
353.182718989763
353.182718989763
353.182718989763
353.182718989763
353.182718989763
353.182718989763
353.182718989763
353.182718989763
353.182718989763
353.182718989763
353.182718989763
353.182718989763
353.182718989763
353.182718989763
353.182718989763
353.182718989763
353.182718989763
353.182718989763
353.182718989763
353.182718989763
353.182718989763
353.182718989763
353.182718989763
353.182718989763
353.182718989763
353.182718989763
353.182718989763
353.182718989763
353.182718989763
353.182718989763
353.182718989763
353.182718989763
353.182718989763
353.182718989763
353.182718989763
353.182718989763
353.182718989763
353.182718989763
353.182718989763
353.182718989763
353.182718989763
353.182718989763
353.182718989763
353.182718989763
353.182718989763
353.182718989763
353.182718989763
353.182718989763
353.182718989763
353.182718989763
353.182718989763
353.182718989763
353.182718989763
353.182718989763
353.182718989763
353.182718989763
353.182718989763
353.182718989763
353.182718989763
353.182718989763
353.182718989763
353.182718989763
353.182718989763
353.182718989763
353.182718989763
353.182718989763
353.182718989763
353.182718989763
353.182718989763
353.182718989763
353.182718989763
353.182718989763
353.182718989763
353.182718989763
353.182718989763
353.182718989763
353.182718989763
353.182718989763
353.182718989763
353.182718989763
353.182718989763
353.182718989763
353.182718989763
353.182718989763
353.182718989763
353.182718989763
353.182718989763
353.182718989763
353.182718989763
353.182718989763
353.182718989763
353.182718989763
353.182718989763
353.182718989763
353.182718989763
353.182718989763
353.182718989763
353.182718989763
353.182718989763
353.182718989763
353.182718989763
353.182718989763
353.182718989763
353.182718989763
353.182718989763
353.182718989763
353.182718989763
353.182718989763
353.182718989763
353.182718989763
353.182718989763
353.182718989763
353.182718989763
353.182718989763
353.182718989763
353.182718989763
353.182718989763
353.182718989763
353.182718989763
353.182718989763
353.182718989763
353.182718989763
353.182718989763
353.182718989763
353.182718989763
353.182718989763

ave
389.273183555030
387.406576938701
389.049422961429
403.563817753195
402.279731737243
373.530789082463
357.859810908106
388.497381970339
373.518351534531
374.483863789915
374.653343869072
390.137054285113
360.812822621247
357.529371951672
358.030394150877
389.359170917179
387.050821406372
372.515812343406
416.400238337362
355.516831976904
356.883073802371
370.178132775898
355.901096662968
369.334093753702
369.783387908975
370.253901809098
384.096213879446
355.071496062858
414.139224002416
370.296703328890
353.825023917250
368.784690006038
367.923136263369
368.839956344138
354.388675608028
353.383324971440
368.731297891866
354.811927126675
353.383324971440
369.358730138612
383.411773946057
369.205102604790
368.463283402646
368.289598946057
353.723829034734
353.591828018538
353.383324971440
368.776366430541
353.383324971440
353.383324971440
353.723829034734
353.383324971440
353.794891246265
368.570624554992
353.591828018538
353.763192742805
368.038635555703
353.383324971440
353.383324971440
353.383324971440
353.383324971440
353.591828018538
368.631559835632
353.383324971440
353.383324971440
353.383324971440
368.038635555703
353.383324971440
353.383324971440
353.383324971440
353.383324971440
353.383324971440
353.383324971440
368.289598946057
353.383324971440
353.662515006038
353.383324971440
353.383324971440
353.383324971440
353.383324971440
354.497130855852
353.383324971440
353.383324971440
353.383324971440
353.383324971440
353.383324971440
353.383324971440
353.383324971440
368.732819893487
368.437205968388
353.383324971440
353.383324971440
367.923136263369
353.383324971440
353.383324971440
353.383324971440
353.383324971440
353.383324971440
353.383324971440
353.383324971440
353.662515006038
353.383324971440
353.383324971440
383.757642199805
353.662515006038
353.574434683404
367.923136263369
353.807972818383
353.383324971440
353.591828018538
353.383324971440
353.383324971440
354.041607204628
353.383324971440
353.383324971440
353.383324971440
353.383324971440
368.631559835632
353.383324971440
353.383324971440
353.383324971440
353.383324971440
353.383324971440
368.289598946057
383.879794699825
353.383324971440
353.383324971440
368.505499971440
353.574434683404
353.383324971440
353.807972818383
353.383324971440
353.383324971440
353.383324971440
353.383324971440
353.383324971440
353.383324971440
353.383324971440
368.289598946057
353.383324971440
353.591828018538
353.383324971440
353.383324971440
353.616520870151
353.673372020518
368.179386480397
353.807972818383
353.574434683404
353.383324971440
353.383324971440
353.383324971440
368.635467199805
353.383324971440
353.383324971440
353.383324971440
353.383324971440
353.616520870151
353.383324971440
353.383324971440
368.631559835632
353.383324971440
353.383324971440
353.383324971440
353.383324971440
353.383324971440
368.038635555703
368.635467199805
353.383324971440
353.383324971440
353.383324971440
353.383324971440
353.383324971440
353.383324971440
353.383324971440
353.383324971440
353.383324971440
353.383324971440
368.701165220882
353.383324971440
367.967948568203
353.383324971440
353.383324971440
353.902681503133
353.383324971440
353.383324971440
368.505499971440
353.383324971440
353.383324971440
368.038635555703
353.591828018538
353.383324971440
353.383324971440
353.616520870151
368.635467199805
353.383324971440
353.616520870151
354.240643465918
353.383324971440
353.383324971440
353.383324971440