最优解为:318.7778
最优解路径:

Best_route =

     0     0     0     0     0     0     0     0     0
     2     1     6     8     7     4     3     5     0

本次运算用时:3.515秒
算法在第2代时收敛

best
322.484149864196
318.777847548495
318.777847548495
318.777847548495
318.777847548495
318.777847548495
318.777847548495
318.777847548495
318.777847548495
318.777847548495
318.777847548495
318.777847548495
318.777847548495
318.777847548495
318.777847548495
318.777847548495
318.777847548495
318.777847548495
318.777847548495
318.777847548495
318.777847548495
318.777847548495
318.777847548495
318.777847548495
318.777847548495
318.777847548495
318.777847548495
318.777847548495
318.777847548495
318.777847548495
318.777847548495
318.777847548495
318.777847548495
318.777847548495
318.777847548495
318.777847548495
318.777847548495
318.777847548495
318.777847548495
318.777847548495
318.777847548495
318.777847548495
318.777847548495
318.777847548495
318.777847548495
318.777847548495
318.777847548495
318.777847548495
318.777847548495
318.777847548495
318.777847548495
318.777847548495
318.777847548495
318.777847548495
318.777847548495
318.777847548495
318.777847548495
318.777847548495
318.777847548495
318.777847548495
318.777847548495
318.777847548495
318.777847548495
318.777847548495
318.777847548495
318.777847548495
318.777847548495
318.777847548495
318.777847548495
318.777847548495
318.777847548495
318.777847548495
318.777847548495
318.777847548495
318.777847548495
318.777847548495
318.777847548495
318.777847548495
318.777847548495
318.777847548495
318.777847548495
318.777847548495
318.777847548495
318.777847548495
318.777847548495
318.777847548495
318.777847548495
318.777847548495
318.777847548495
318.777847548495
318.777847548495
318.777847548495
318.777847548495
318.777847548495
318.777847548495
318.777847548495
318.777847548495
318.777847548495
318.777847548495
318.777847548495
318.777847548495
318.777847548495
318.777847548495
318.777847548495
318.777847548495
318.777847548495
318.777847548495
318.777847548495
318.777847548495
318.777847548495
318.777847548495
318.777847548495
318.777847548495
318.777847548495
318.777847548495
318.777847548495
318.777847548495
318.777847548495
318.777847548495
318.777847548495
318.777847548495
318.777847548495
318.777847548495
318.777847548495
318.777847548495
318.777847548495
318.777847548495
318.777847548495
318.777847548495
318.777847548495
318.777847548495
318.777847548495
318.777847548495
318.777847548495
318.777847548495
318.777847548495
318.777847548495
318.777847548495
318.777847548495
318.777847548495
318.777847548495
318.777847548495
318.777847548495
318.777847548495
318.777847548495
318.777847548495
318.777847548495
318.777847548495
318.777847548495
318.777847548495
318.777847548495
318.777847548495
318.777847548495
318.777847548495
318.777847548495
318.777847548495
318.777847548495
318.777847548495
318.777847548495
318.777847548495
318.777847548495
318.777847548495
318.777847548495
318.777847548495
318.777847548495
318.777847548495
318.777847548495
318.777847548495
318.777847548495
318.777847548495
318.777847548495
318.777847548495
318.777847548495
318.777847548495
318.777847548495
318.777847548495
318.777847548495
318.777847548495
318.777847548495
318.777847548495
318.777847548495
318.777847548495
318.777847548495
318.777847548495
318.777847548495
318.777847548495
318.777847548495
318.777847548495
318.777847548495
318.777847548495
318.777847548495
318.777847548495
318.777847548495
318.777847548495
318.777847548495
318.777847548495
318.777847548495
318.777847548495
318.777847548495
318.777847548495

ave
341.595520652969
370.397457630538
340.435824943484
326.245530294847
370.979233334763
340.627184322366
324.247369289505
340.603474083138
324.735428816028
353.044304102288
337.302193570422
341.393417059410
355.832074692503
337.498985025673
323.948852098423
326.130555287246
323.378082010980
340.612628988153
323.913389064993
337.412505326030
338.668316403924
322.545143193022
321.961029188487
320.397784297508
323.200407850881
320.514203696504
335.027187933695
334.825482068291
321.045194179151
319.962777582089
335.517955236525
348.525371145258
319.871977892872
350.124928723123
334.692420256286
319.384419067622
320.321859436498
318.777847548495
349.965456074650
349.383510179525
350.014513070641
334.238826998831
318.941538290760
334.613067959773
348.689061887523
320.153850876878
333.986350595594
319.361704919873
318.777847548495
333.777847548495
318.777847548495
348.941538290760
318.777847548495
318.777847548495
319.219819437261
318.777847548495
318.777847548495
333.525371145258
333.596058132758
318.777847548495
318.777847548495
318.777847548495
319.057037583093
318.777847548495
318.777847548495
319.238826998831
318.777847548495
318.777847548495
318.777847548495
318.777847548495
333.777847548495
318.777847548495
318.777847548495
318.777847548495
333.480558840424
318.777847548495
318.777847548495
319.204727174590
318.777847548495
320.160785899501
318.777847548495
318.777847548495
318.777847548495
333.938921085492
318.777847548495
333.941538290760
318.777847548495
318.777847548495
319.238826998831
334.328069227196
333.525371145258
318.777847548495
318.777847548495
320.136319568246
318.777847548495
318.777847548495
318.777847548495
334.297204080188
318.777847548495
318.777847548495
318.777847548495
318.777847548495
318.777847548495
319.057037583093
333.867089776861
318.777847548495
318.777847548495
334.324161863023
318.777847548495
319.183393889907
318.777847548495
333.777847548495
318.777847548495
318.777847548495
318.777847548495
318.777847548495
318.777847548495
333.867089776861
319.462583924505
319.181571472533
319.260451372351
318.777847548495
318.777847548495
333.777847548495
318.777847548495
319.238826998831
318.777847548495
319.232063575124
319.758183530523
334.057037583093
333.938921085492
318.777847548495
333.777847548495
333.525371145258
318.777847548495
318.777847548495
318.777847548495
318.777847548495
318.777847548495
318.941538290760
333.480558840424
318.777847548495
318.777847548495
318.777847548495
318.777847548495
319.699806449166
319.128509021162
333.863182412688
318.777847548495
318.777847548495
318.777847548495
333.596058132758
319.181571472533
318.777847548495
333.596058132758
318.777847548495
318.777847548495
319.219819437261
319.198014177609
318.777847548495
318.941538290760
319.052802334903
333.777847548495
318.777847548495
318.777847548495
318.777847548495
318.777847548495
318.777847548495
320.157773590111
318.777847548495
318.941538290760
319.052802334903
318.777847548495
318.777847548495
333.596058132758
318.777847548495
318.777847548495
318.777847548495
318.777847548495
318.777847548495
318.777847548495
333.777847548495
319.181704787854
318.777847548495
318.777847548495
318.777847548495
318.777847548495
334.057037583093
318.777847548495
319.057037583093
318.777847548495
318.777847548495
319.238826998831
319.057037583093
318.777847548495
318.777847548495
318.777847548495
318.777847548495
319.120710501230
319.350091042974