最优解为:536.9695
最优解路径:

Best_route =

     3     4     7     8     1     2     5     6     0
     0     0     0     0     0     0     0     0     0

本次运算用时:2.015秒
算法在第1代时收敛

best
536.969507017930
536.969507017930
536.969507017930
536.969507017930
536.969507017930
536.969507017930
536.969507017930
536.969507017930
536.969507017930
536.969507017930
536.969507017930
536.969507017930
536.969507017930
536.969507017930
536.969507017930
536.969507017930
536.969507017930
536.969507017930
536.969507017930
536.969507017930
536.969507017930
536.969507017930
536.969507017930
536.969507017930
536.969507017930
536.969507017930
536.969507017930
536.969507017930
536.969507017930
536.969507017930
536.969507017930
536.969507017930
536.969507017930
536.969507017930
536.969507017930
536.969507017930
536.969507017930
536.969507017930
536.969507017930
536.969507017930
536.969507017930
536.969507017930
536.969507017930
536.969507017930
536.969507017930
536.969507017930
536.969507017930
536.969507017930
536.969507017930
536.969507017930
536.969507017930
536.969507017930
536.969507017930
536.969507017930
536.969507017930
536.969507017930
536.969507017930
536.969507017930
536.969507017930
536.969507017930
536.969507017930
536.969507017930
536.969507017930
536.969507017930
536.969507017930
536.969507017930
536.969507017930
536.969507017930
536.969507017930
536.969507017930
536.969507017930
536.969507017930
536.969507017930
536.969507017930
536.969507017930
536.969507017930
536.969507017930
536.969507017930
536.969507017930
536.969507017930
536.969507017930
536.969507017930
536.969507017930
536.969507017930
536.969507017930
536.969507017930
536.969507017930
536.969507017930
536.969507017930
536.969507017930
536.969507017930
536.969507017930
536.969507017930
536.969507017930
536.969507017930
536.969507017930
536.969507017930
536.969507017930
536.969507017930
536.969507017930

ave
612.380682940290
639.466374623314
667.851123512432
618.861297940712
590.785745399720
615.215422166986
654.750124309207
567.045576135588
616.231759725698
592.123158637535
592.588428128196
579.710543355378
539.130796548921
577.352664500646
629.747712773370
564.329299813625
574.988864372480
552.243018301481
579.112417277766
538.390337904673
550.124872808972
537.400569031458
550.070546824620
552.537324673234
552.807181664349
536.969507017930
552.943937306125
537.185038024694
536.969507017930
581.228260006934
551.212522427941
552.120648709605
567.678294812071
552.662557233077
561.900045173518
567.192906814191
552.192906814191
536.977375807427
564.855015817856
537.663908762171
537.394051771056
552.878088239841
537.662557233077
537.178520764292
551.985244596924
537.562834811092
551.977375807427
536.993113386421
552.185038024694
537.098393870208
536.969507017930
552.678294812071
552.185038024694
551.212522427941
583.445905895145
550.672642014546
551.690041636323
561.293639112857
567.114131449202
537.321793666469
536.969507017930
576.933714872747
551.892494375588
567.670426022574
536.969507017930
536.969507017930
537.400569031458
536.969507017930
537.447026226313
536.969507017930
552.313924876973
537.394051771056
552.454895015810
537.185038024694
537.447026226313
582.616100038222
551.977375807427
551.977375807427
537.924545434695
576.502652859218
536.969507017930
582.408437820955
552.462763805306
537.185038024694
536.969507017930
537.106262659705
537.529455883737
537.575913078591
567.185038024694
552.106262659705
537.178520764292
552.662557233077
537.185038024694
537.447026226313
552.609582777820
549.732689972674
537.447026226313
576.301507902353
551.651453230966
553.061301076471