最优解为:735.8973
最优解路径:

Best_route =

    17     8     3     5    16     9    12     6     0     0     0     0     0     0     0     0     0     0     0     0     0
     0     0     0     0     0     0     0     0     0     0     0     0     0     0     0     0     0     0     0     0     0
     0     0     0     0     0     0     0     0     0     0     0     0     0     0     0     0     0     0     0     0     0
     0     0     0     0     0     0     0     0     0     0     0     0     0     0     0     0     0     0     0     0     0
    20    19    13    10     2     1     7    15    11    18    14     4     0     0     0     0     0     0     0     0     0

本次运算用时:43.766秒
算法在第210代时收敛

best
749.894408154516
749.894408154516
742.847511684411
742.847511684411
742.001378637410
742.001378637410
742.001378637410
742.001378637410
742.001378637410
742.001378637410
742.001378637410
742.001378637410
742.001378637410
742.001378637410
742.001378637410
742.001378637410
740.551900029977
740.551900029977
740.551900029977
740.551900029977
740.551900029977
740.551900029977
740.551900029977
740.551900029977
740.551900029977
740.551900029977
740.551900029977
740.551900029977
740.551900029977
740.551900029977
740.551900029977
740.551900029977
740.551900029977
740.551900029977
740.551900029977
737.826400672838
737.826400672838
737.826400672838
737.826400672838
737.826400672838
737.826400672838
737.826400672838
737.826400672838
737.826400672838
737.826400672838
737.826400672838
736.845891404444
736.845891404444
736.845891404444
736.579780018741
736.579780018741
736.579780018741
736.579780018741
736.579780018741
736.579780018741
736.579780018741
736.579780018741
736.579780018741
736.579780018741
736.579780018741
736.579780018741
736.579780018741
736.579780018741
736.579780018741
736.579780018741
736.579780018741
736.579780018741
736.579780018741
736.579780018741
736.579780018741
736.579780018741
736.579780018741
736.579780018741
736.579780018741
736.579780018741
736.579780018741
736.579780018741
736.579780018741
736.579780018741
736.579780018741
736.579780018741
736.579780018741
736.579780018741
736.579780018741
736.579780018741
736.579780018741
736.579780018741
736.579780018741
736.579780018741
736.579780018741
736.579780018741
736.579780018741
736.579780018741
736.579780018741
736.579780018741
736.579780018741
736.579780018741
736.579780018741
736.579780018741
736.579780018741
736.579780018741
736.579780018741
736.579780018741
736.579780018741
736.579780018741
736.579780018741
736.579780018741
736.579780018741
736.579780018741
736.579780018741
736.579780018741
736.579780018741
736.579780018741
736.579780018741
736.579780018741
736.579780018741
736.579780018741
736.579780018741
736.579780018741
736.579780018741
736.579780018741
736.579780018741
736.579780018741
736.579780018741
736.579780018741
736.579780018741
736.579780018741
736.579780018741
736.579780018741
736.579780018741
736.579780018741
736.579780018741
736.579780018741
736.579780018741
736.579780018741
736.579780018741
736.579780018741
736.579780018741
736.579780018741
736.579780018741
736.579780018741
736.579780018741
736.579780018741
736.579780018741
736.579780018741
736.579780018741
736.579780018741
736.579780018741
736.579780018741
736.579780018741
736.579780018741
736.579780018741
736.579780018741
736.579780018741
736.579780018741
736.579780018741
736.579780018741
736.579780018741
736.579780018741
736.579780018741
736.579780018741
736.579780018741
736.579780018741
736.579780018741
736.579780018741
736.579780018741
736.579780018741
736.579780018741
736.579780018741
736.579780018741
736.579780018741
736.579780018741
736.579780018741
736.579780018741
736.579780018741
736.579780018741
736.579780018741
736.579780018741
736.579780018741
736.579780018741
736.579780018741
736.579780018741
736.579780018741
736.509474920935
736.509474920935
736.509474920935
736.509474920935
736.509474920935
736.509474920935
736.509474920935
736.509474920935
735.952946390910
735.952946390910
735.952946390910
735.952946390910
735.952946390910
735.952946390910
735.952946390910
735.952946390910
735.952946390910
735.952946390910
735.952946390910
735.952946390910
735.952946390910
735.952946390910
735.897343791281
735.897343791281
735.897343791281
735.897343791281
735.897343791281
735.897343791281
735.897343791281
735.897343791281
735.897343791281
735.897343791281
735.897343791281
735.897343791281
735.897343791281
735.897343791281
735.897343791281
735.897343791281
735.897343791281
735.897343791281
735.897343791281
735.897343791281
735.897343791281
735.897343791281
735.897343791281
735.897343791281
735.897343791281
735.897343791281
735.897343791281
735.897343791281
735.897343791281
735.897343791281
735.897343791281
735.897343791281
735.897343791281
735.897343791281
735.897343791281
735.897343791281
735.897343791281
735.897343791281
735.897343791281
735.897343791281
735.897343791281
735.897343791281
735.897343791281
735.897343791281
735.897343791281
735.897343791281
735.897343791281
735.897343791281
735.897343791281
735.897343791281
735.897343791281
735.897343791281
735.897343791281
735.897343791281
735.897343791281
735.897343791281
735.897343791281
735.897343791281
735.897343791281
735.897343791281
735.897343791281
735.897343791281
735.897343791281
735.897343791281
735.897343791281
735.897343791281
735.897343791281
735.897343791281
735.897343791281
735.897343791281
735.897343791281
735.897343791281
735.897343791281
735.897343791281
735.897343791281
735.897343791281
735.897343791281
735.897343791281
735.897343791281
735.897343791281
735.897343791281
735.897343791281
735.897343791281
735.897343791281
735.897343791281
735.897343791281
735.897343791281
735.897343791281
735.897343791281
735.897343791281
735.897343791281
735.897343791281
735.897343791281
735.897343791281
735.897343791281
735.897343791281
735.897343791281
735.897343791281
735.897343791281
735.897343791281
735.897343791281
735.897343791281
735.897343791281
735.897343791281
735.897343791281
735.897343791281
735.897343791281
735.897343791281
735.897343791281
735.897343791281
735.897343791281
735.897343791281
735.897343791281
735.897343791281
735.897343791281
735.897343791281
735.897343791281
735.897343791281
735.897343791281
735.897343791281
735.897343791281
735.897343791281
735.897343791281
735.897343791281
735.897343791281
735.897343791281
735.897343791281
735.897343791281
735.897343791281
735.897343791281
735.897343791281
735.897343791281
735.897343791281
735.897343791281
735.897343791281
735.897343791281
735.897343791281
735.897343791281
735.897343791281
735.897343791281
735.897343791281
735.897343791281
735.897343791281
735.897343791281
735.897343791281
735.897343791281
735.897343791281
735.897343791281
735.897343791281
735.897343791281
735.897343791281
735.897343791281
735.897343791281
735.897343791281
735.897343791281
735.897343791281
735.897343791281
735.897343791281
735.897343791281
735.897343791281
735.897343791281
735.897343791281
735.897343791281
735.897343791281
735.897343791281
735.897343791281
735.897343791281
735.897343791281
735.897343791281
735.897343791281
735.897343791281
735.897343791281
735.897343791281
735.897343791281
735.897343791281
735.897343791281
735.897343791281
735.897343791281
735.897343791281
735.897343791281
735.897343791281
735.897343791281
735.897343791281
735.897343791281
735.897343791281
735.897343791281
735.897343791281
735.897343791281
735.897343791281
735.897343791281
735.897343791281
735.897343791281
735.897343791281
735.897343791281
735.897343791281
735.897343791281
735.897343791281
735.897343791281
735.897343791281
735.897343791281
735.897343791281
735.897343791281
735.897343791281
735.897343791281
735.897343791281
735.897343791281
735.897343791281
735.897343791281
735.897343791281
735.897343791281
735.897343791281
735.897343791281
735.897343791281
735.897343791281
735.897343791281
735.897343791281
735.897343791281
735.897343791281
735.897343791281
735.897343791281
735.897343791281
735.897343791281
735.897343791281
735.897343791281
