最优解为:2308.0981
最优解路径:

Best_route =

  1 至 24 列

    17    18     9    10    23    24    39    40    33    34    31    32     0     0     0     0     0     0     0     0     0     0     0     0
    35    36    25    26    15    16     5     6     7     8     0     0     0     0     0     0     0     0     0     0     0     0     0     0
     0     0     0     0     0     0     0     0     0     0     0     0     0     0     0     0     0     0     0     0     0     0     0     0
     1     2    11    12    21    22     3     4    38    29    30     0     0     0     0     0     0     0     0     0     0     0     0     0
    27    28    13    14    19    20    37     0     0     0     0     0     0     0     0     0     0     0     0     0     0     0     0     0

  25 至 41 列

     0     0     0     0     0     0     0     0     0     0     0     0     0     0     0     0     0
     0     0     0     0     0     0     0     0     0     0     0     0     0     0     0     0     0
     0     0     0     0     0     0     0     0     0     0     0     0     0     0     0     0     0
     0     0     0     0     0     0     0     0     0     0     0     0     0     0     0     0     0
     0     0     0     0     0     0     0     0     0     0     0     0     0     0     0     0     0

本次运算用时:108.785秒
算法在第400代时收敛

best
2375.96284034185
2375.96284034185
2375.96284034185
2371.35858567359
2371.35858567359
2369.19545562890
2369.19545562890
2369.19545562890
2369.19545562890
2361.82464702094
2329.11884373755
2329.11884373755
2328.38811994205
2328.38811994205
2328.38811994205
2328.38811994205
2328.38811994205
2328.38811994205
2320.31025103217
2320.31025103217
2320.31025103217
2320.31025103217
2320.31025103217
2320.31025103217
2320.31025103217
2320.31025103217
2320.31025103217
2320.31025103217
2320.31025103217
2320.31025103217
2320.31025103217
2320.31025103217
2320.31025103217
2320.31025103217
2320.31025103217
2320.31025103217
2320.31025103217
2320.31025103217
2320.31025103217
2320.31025103217
2320.31025103217
2320.31025103217
2320.31025103217
2320.31025103217
2320.31025103217
2320.31025103217
2320.31025103217
2320.31025103217
2320.31025103217
2320.31025103217
2320.31025103217
2320.31025103217
2320.31025103217
2320.31025103217
2320.31025103217
2320.31025103217
2320.31025103217
2320.31025103217
2320.31025103217
2320.31025103217
2320.31025103217
2320.31025103217
2320.31025103217
2320.31025103217
2320.31025103217
2320.31025103217
2320.31025103217
2320.31025103217
2320.31025103217
2320.31025103217
2320.31025103217
2320.31025103217
2320.31025103217
2320.31025103217
2320.31025103217
2320.31025103217
2320.31025103217
2320.31025103217
2320.31025103217
2320.31025103217
2320.31025103217
2320.31025103217
2320.31025103217
2320.31025103217
2320.31025103217
2320.31025103217
2320.31025103217
2320.31025103217
2320.31025103217
2320.31025103217
2320.31025103217
2320.31025103217
2320.31025103217
2320.31025103217
2320.31025103217
2320.31025103217
2320.31025103217
2320.31025103217
2320.31025103217
2320.31025103217
2320.31025103217
2320.31025103217
2320.31025103217
2320.31025103217
2320.31025103217
2320.31025103217
2320.31025103217
2320.31025103217
2320.31025103217
2320.31025103217
2320.31025103217
2320.31025103217
2320.31025103217
2320.31025103217
2320.31025103217
2320.31025103217
2320.31025103217
2320.31025103217
2320.31025103217
2320.31025103217
2320.31025103217
2320.31025103217
2320.31025103217
2320.31025103217
2320.31025103217
2320.31025103217
2320.31025103217
2320.31025103217
2320.31025103217
2320.31025103217
2320.31025103217
2320.31025103217
2320.31025103217
2320.31025103217
2320.31025103217
2310.05586449046
2310.05586449046
2310.05586449046
2310.05586449046
2310.05586449046
2310.05586449046
2310.05586449046
2310.05586449046
2310.05586449046
2310.05586449046
2310.05586449046
2310.05586449046
2310.05586449046
2310.05586449046
2310.05586449046
2310.05586449046
2310.05586449046
2310.05586449046
2310.05586449046
2309.97413676102
2309.97413676102
2309.97413676102
2309.97413676102
2309.97413676102
2309.97413676102
2308.23678267661
2308.23678267661
2308.23678267661
2308.23678267661
2308.23678267661
2308.23678267661
2308.23678267661
2308.23678267661
2308.23678267661
2308.23678267661
2308.23678267661
2308.23678267661
2308.23678267661
2308.23678267661
2308.23678267661
2308.23678267661
2308.23678267661
2308.23678267661
2308.23678267661
2308.23678267661
2308.23678267661
2308.23678267661
2308.23678267661
2308.23678267661
2308.23678267661
2308.23678267661
2308.23678267661
2308.23678267661
2308.23678267661
2308.23678267661
2308.23678267661
2308.23678267661
2308.23678267661
2308.23678267661
2308.23678267661
2308.23678267661
2308.23678267661
2308.23678267661
2308.23678267661
2308.23678267661
2308.23678267661
2308.23678267661
2308.23678267661
2308.23678267661
2308.23678267661
2308.23678267661
2308.23678267661
2308.23678267661
2308.23678267661
2308.23678267661
2308.23678267661
2308.23678267661
2308.23678267661
2308.23678267661
2308.23678267661
2308.23678267661
2308.23678267661
2308.23678267661
2308.23678267661
2308.23678267661
2308.23678267661
2308.23678267661
2308.23678267661
2308.23678267661
2308.23678267661
2308.23678267661
2308.23678267661
2308.23678267661
2308.23678267661
2308.23678267661
2308.23678267661
2308.23678267661
2308.23678267661
2308.23678267661
2308.23678267661
2308.23678267661
2308.23678267661
2308.23678267661
2308.23678267661
2308.23678267661
2308.23678267661
2308.23678267661
2308.23678267661
2308.23678267661
2308.23678267661
2308.23678267661
2308.23678267661
2308.23678267661
2308.23678267661
2308.23678267661
2308.23678267661
2308.23678267661
2308.23678267661
2308.23678267661
2308.23678267661
2308.23678267661
2308.23678267661
2308.23678267661
2308.23678267661
2308.23678267661
2308.23678267661
2308.23678267661
2308.23678267661
2308.23678267661
2308.23678267661
2308.23678267661
2308.23678267661
2308.23678267661
2308.23678267661
2308.23678267661
2308.23678267661
2308.23678267661
2308.23678267661
2308.23678267661
2308.23678267661
2308.23678267661
2308.23678267661
2308.23678267661
2308.23678267661
2308.23678267661
2308.23678267661
2308.23678267661
2308.23678267661
2308.23678267661
2308.23678267661
2308.23678267661
2308.23678267661
2308.23678267661
2308.23678267661
2308.23678267661
2308.23678267661
2308.23678267661
2308.23678267661
2308.23678267661
2308.23678267661
2308.23678267661
2308.23678267661
2308.23678267661
2308.23678267661
2308.23678267661
2308.23678267661
2308.23678267661
2308.23678267661
2308.23678267661
2308.23678267661
2308.23678267661
2308.23678267661
2308.23678267661
2308.23678267661
2308.23678267661
2308.23678267661
2308.23678267661
2308.23678267661
2308.23678267661
2308.23678267661
2308.23678267661
2308.23678267661
2308.23678267661
2308.23678267661
2308.23678267661
2308.23678267661
2308.23678267661
2308.23678267661
2308.23678267661
2308.23678267661
2308.23678267661
2308.23678267661
2308.23678267661
2308.23678267661
2308.23678267661
2308.23678267661
2308.23678267661
2308.23678267661
2308.23678267661
2308.23678267661
2308.23678267661
2308.23678267661
2308.23678267661
2308.23678267661
2308.23678267661
2308.23678267661
2308.23678267661
2308.23678267661
2308.23678267661
2308.23678267661
2308.23678267661
2308.23678267661
2308.23678267661
2308.23678267661
2308.23678267661
2308.23678267661
2308.23678267661
2308.23678267661
2308.23678267661
2308.23678267661
2308.23678267661
2308.23678267661
2308.23678267661
2308.23678267661
2308.23678267661
2308.23678267661
2308.23678267661
2308.23678267661
2308.23678267661
2308.23678267661
2308.23678267661
2308.23678267661
2308.23678267661
2308.23678267661
2308.23678267661
2308.23678267661
2308.23678267661
2308.23678267661
2308.23678267661
2308.23678267661
2308.23678267661
2308.23678267661
2308.23678267661
2308.23678267661
2308.23678267661
2308.23678267661
2308.23678267661
2308.23678267661
2308.23678267661
2308.23678267661
2308.23678267661
2308.23678267661
2308.23678267661
2308.23678267661
2308.23678267661
2308.23678267661
