实验环境：
VeiNum = 2
Q_ant = 60
AntNum = 20 
iter_max = 100
抽取的客户节点编号为

Cus_select =

    46    18    24

各任务对应的的客户节点编号为

Task_Cus =

    46    18    24

cus
40	50
40	50
40	50
18	80
44	5
38	15

task
2	4	1	0	1
4	3	2	1	0
3	5	3	0	1
5	2	4	3	0
2	6	1	0	1
6	3	2	5	0

linktime
0	0	0.930053761886914	1.62943569980765	1.12943569980765	0	0.876427407147905
0.930053761886914	1.09672042855358	0	2.72615612836123	1.98447096224661	1.09672042855358	68.0073525436772
1.43005376188691	1.43005376188691	2.52677419044049	1.98447096224661	2.72615612836123	1.43005376188691	2.47314783570149
1.12943569980765	1.29610236647432	1.98447096224661	2.92553806628197	0	1.29610236647432	0.291547594742265
0	0	1.09672042855358	1.62943569980765	1.29610236647432	0	1.04309407381457
0.876427407147905	1.04309407381457	68.0073525436772	2.67252977362222	0.291547594742265	1.04309407381457	0
1.37642740714791	1.37642740714791	2.47314783570149	0.291547594742265	2.67252977362222	1.37642740714791	2.41952148096248

tasktime
0
1.59672042855358
0.166666666666667
0.166666666666667
1.79610236647432
1.54309407381457
0.166666666666667


1
2	4	1	0	1
5	2	4	0	0
2	6	1	0	1

2
4	3	2	0	0
3	5	3	0	1
6	3	2	0	0

linktime1
0	0	1.12943569980765	0
0.930053761886914	1.09672042855358	1.98447096224661	1.09672042855358
0	0	1.29610236647432	0
0.876427407147905	1.04309407381457	0.291547594742265	1.04309407381457



tasktime1
0
1.59672042855358
1.79610236647432
1.54309407381457

linktime2
0	0.930053761886914	1.62943569980765	0.876427407147905
1.43005376188691	2.52677419044049	1.98447096224661	2.47314783570149
1.12943569980765	1.98447096224661	2.92553806628197	0.291547594742265
1.37642740714791	2.47314783570149	0.291547594742265	2.41952148096248


tasktime2
0
0.166666666666667
0.166666666666667
0.166666666666667