实验环境：
VeiNum = 2
Q_ant = 60
AntNum = 20 
iter_max = 100

抽取的客户节点编号为

Cus_select =

    40    23    53    95    46

各任务对应的的客户节点编号为

Task_Cus =

    40    23    53    95    46

cus：
35	35
35	35
35	35
40	25
55	5
37	31
25	24
2	48


task：
2	4	1	0	1
4	3	2	1	0
2	5	1	0	1
5	3	2	3	0
3	6	3	0	1
6	2	4	5	0
2	7	1	0	1
7	3	2	7	0
3	8	3	0	1
8	2	4	9	0


linktime
0	0	0.279508497187474	0	0.901387818865997	0.611803398874990	0.111803398874990	0	0.371651718682963	1.38670739254841	0.886707392548410
0.279508497187474	0.446175163854140	0	0.446175163854140	25	1.05797856272913	0.167705098312484	0.446175163854140	15.0332963783729	1.83288255640255	1.11046161572564
0.779508497187474	0.779508497187474	1.22568366104161	0.779508497187474	1.84756298272014	0.167705098312484	1.05797856272913	0.779508497187474	1.31782688253710	1.11046161572564	1.83288255640255
0.901387818865997	1.06805448553266	25	1.06805448553266	0	1.67985788440765	0.790569415042095	1.06805448553266	35.5105618091294	2.45476187808107	1.70623855307516
1.40138781886600	1.40138781886600	1.84756298272014	1.40138781886600	2.46944230439866	0.790569415042095	1.67985788440765	1.40138781886600	1.93970620421563	1.70623855307516	2.45476187808107
0.111803398874990	0.278470065541656	0.167705098312484	0.278470065541656	0.790569415042095	0.890273464416646	0	0.278470065541656	0.347311099736245	1.66517745809007	0.972753822917186
0	0	0.446175163854140	0	1.06805448553266	0.611803398874990	0.278470065541656	0	0.538318385349629	1.38670739254841	1.05337405921508
0.371651718682963	0.538318385349629	15.0332963783729	0.538318385349629	35.5105618091294	1.15012178422462	0.347311099736245	0.538318385349629	0	1.92502577789804	0.831038506929733
0.871651718682963	0.871651718682963	1.31782688253710	0.871651718682963	1.93970620421563	0.347311099736245	1.15012178422462	0.871651718682963	1.40997010403259	0.831038506929733	1.92502577789804
0.886707392548410	1.05337405921508	1.11046161572564	1.05337405921508	1.70623855307516	1.66517745809007	0.972753822917186	1.05337405921508	0.831038506929733	2.44008145176349	0
0	0	0.446175163854140	0	1.06805448553266	0.611803398874990	0.278470065541656	0	0.538318385349629	1.38670739254841	1.05337405921508

tasktime
0
0.946175163854140
0.166666666666667
1.56805448553266
0.166666666666667
0.166666666666667
0.778470065541656
1.03831838534963
0.166666666666667
0.166666666666667
1.55337405921508

1
2	4	1	0	1
2	5	1	0	1
6	2	4	0	0
2	7	1	0	1
8	2	4	0	0


2
4	3	2	0	0
5	3	2	0	0
3	6	3	0	1
7	3	2	0	0
3	8	3	0	1



linktime1
0	0	0	0.111803398874990	0	0.886707392548410
0.279508497187474	0.446175163854140	0.446175163854140	0.167705098312484	0.446175163854140	1.11046161572564
0.901387818865997	1.06805448553266	1.06805448553266	0.790569415042095	1.06805448553266	1.70623855307516
0	0	0	0.278470065541656	0	1.05337405921508
0.371651718682963	0.538318385349629	0.538318385349629	0.347311099736245	0.538318385349629	0.831038506929733
0	0	0	0.278470065541656	0	1.05337405921508

tasktime1
0
0.946175163854140
1.56805448553266
0.778470065541656
1.03831838534963
1.55337405921508


linktime2
0	0.279508497187474	0.901387818865997	0.611803398874990	0.371651718682963	1.38670739254841
0.779508497187474	1.22568366104161	1.84756298272014	0.167705098312484	1.31782688253710	1.11046161572564
1.40138781886600	1.84756298272014	2.46944230439866	0.790569415042095	1.93970620421563	1.70623855307516
0.111803398874990	0.167705098312484	0.790569415042095	0.890273464416646	0.347311099736245	1.66517745809007
0.871651718682963	1.31782688253710	1.93970620421563	0.347311099736245	1.40997010403259	0.831038506929733
0.886707392548410	1.11046161572564	1.70623855307516	1.66517745809007	0.831038506929733	2.44008145176349


tasktime2
0
0.166666666666667
0.166666666666667
0.166666666666667
0.166666666666667
0.166666666666667