最优解为:322.3267
最优解路径:

Best_route =

     0     0     0     0     0     0     0     0     0
     3     7     6     1     2     4     5     8     0

本次运算用时:3.686秒
算法在第1代时收敛

best
322.326684230341
322.326684230341
322.326684230341
322.326684230341
322.326684230341
322.326684230341
322.326684230341
322.326684230341
322.326684230341
322.326684230341
322.326684230341
322.326684230341
322.326684230341
322.326684230341
322.326684230341
322.326684230341
322.326684230341
322.326684230341
322.326684230341
322.326684230341
322.326684230341
322.326684230341
322.326684230341
322.326684230341
322.326684230341
322.326684230341
322.326684230341
322.326684230341
322.326684230341
322.326684230341
322.326684230341
322.326684230341
322.326684230341
322.326684230341
322.326684230341
322.326684230341
322.326684230341
322.326684230341
322.326684230341
322.326684230341
322.326684230341
322.326684230341
322.326684230341
322.326684230341
322.326684230341
322.326684230341
322.326684230341
322.326684230341
322.326684230341
322.326684230341
322.326684230341
322.326684230341
322.326684230341
322.326684230341
322.326684230341
322.326684230341
322.326684230341
322.326684230341
322.326684230341
322.326684230341
322.326684230341
322.326684230341
322.326684230341
322.326684230341
322.326684230341
322.326684230341
322.326684230341
322.326684230341
322.326684230341
322.326684230341
322.326684230341
322.326684230341
322.326684230341
322.326684230341
322.326684230341
322.326684230341
322.326684230341
322.326684230341
322.326684230341
322.326684230341
322.326684230341
322.326684230341
322.326684230341
322.326684230341
322.326684230341
322.326684230341
322.326684230341
322.326684230341
322.326684230341
322.326684230341
322.326684230341
322.326684230341
322.326684230341
322.326684230341
322.326684230341
322.326684230341
322.326684230341
322.326684230341
322.326684230341
322.326684230341
322.326684230341
322.326684230341
322.326684230341
322.326684230341
322.326684230341
322.326684230341
322.326684230341
322.326684230341
322.326684230341
322.326684230341
322.326684230341
322.326684230341
322.326684230341
322.326684230341
322.326684230341
322.326684230341
322.326684230341
322.326684230341
322.326684230341
322.326684230341
322.326684230341
322.326684230341
322.326684230341
322.326684230341
322.326684230341
322.326684230341
322.326684230341
322.326684230341
322.326684230341
322.326684230341
322.326684230341
322.326684230341
322.326684230341
322.326684230341
322.326684230341
322.326684230341
322.326684230341
322.326684230341
322.326684230341
322.326684230341
322.326684230341
322.326684230341
322.326684230341
322.326684230341
322.326684230341
322.326684230341
322.326684230341
322.326684230341
322.326684230341
322.326684230341
322.326684230341
322.326684230341
322.326684230341
322.326684230341
322.326684230341
322.326684230341
322.326684230341
322.326684230341
322.326684230341
322.326684230341
322.326684230341
322.326684230341
322.326684230341
322.326684230341
322.326684230341
322.326684230341
322.326684230341
322.326684230341
322.326684230341
322.326684230341
322.326684230341
322.326684230341
322.326684230341
322.326684230341
322.326684230341
322.326684230341
322.326684230341
322.326684230341
322.326684230341
322.326684230341
322.326684230341
322.326684230341
322.326684230341
322.326684230341
322.326684230341
322.326684230341
322.326684230341
322.326684230341
322.326684230341
322.326684230341
322.326684230341
322.326684230341
322.326684230341
322.326684230341
322.326684230341
322.326684230341
322.326684230341
322.326684230341
322.326684230341
322.326684230341

ave
346.991553023545
350.482851068471
363.086520111208
332.282337950696
349.627990388514
361.207686374329
332.342767765928
328.536672930151
342.012727177935
328.653197151896
347.101640870721
346.838688348765
329.864425479774
340.496981756983
326.134147983406
326.462785884573
326.361291808065
326.611187033700
340.044146558017
356.401816747419
354.317950919943
340.568820094612
323.935528327347
324.067361261741
339.807730254199
323.809545396016
338.984386159506
337.653821359996
323.723826475033
338.845250471050
337.836199927319
323.471510283452
323.158002257602
324.566828062444
322.762248198660
339.552113913954
322.326684230342
322.762248198660
337.500948097252
337.546520671940
323.718229593554
322.326684230342
323.142880790879
322.326684230342
322.326684230342
323.282033115934
337.351442348637
337.639328233394
322.680754644117
322.326684230342
322.326684230342
322.326684230342
337.613850766216
322.326684230342
322.326684230342
322.608010952410
322.608010952410
322.326684230342
337.500948097252
322.326684230342
322.326684230342
322.326684230342
322.326684230342
322.326684230342
322.642854184635
323.743338114344
322.326684230342
322.664580969944
322.326684230342
322.326684230342
322.326684230342
323.057157932375
322.326684230342
337.440002686040
322.326684230342
322.326684230342
322.326684230342
322.326684230342
322.326684230342
322.326684230342
322.326684230342
322.762248198660
322.326684230342
322.326684230342
322.326684230342
322.326684230342
337.400635959001
322.326684230342
322.326684230342
322.326684230342
322.326684230342
322.326684230342
322.326684230342
322.326684230342
322.326684230342
322.326684230342
322.326684230342
322.326684230342
322.642854184635
337.379532857745
322.326684230342
322.326684230342
322.326684230342
322.326684230342
322.326684230342
322.326684230342
322.326684230342
337.351442348637
322.572808727864
322.326684230342
337.351442348637
322.326684230342
322.326684230342
322.326684230342
322.326684230342
322.326684230342
322.326684230342
322.326684230342
322.326684230342
322.326684230342
322.787918244350
322.326684230342
322.326684230342
322.864236593044
337.351442348637
322.326684230342
322.326684230342
322.326684230342
322.326684230342
322.326684230342
337.613850766216
322.326684230342
322.326684230342
322.326684230342
322.326684230342
323.202454137255
322.326684230342
322.326684230342
322.326684230342
322.326684230342
337.681962681070
322.326684230342
322.510781802018
322.326684230342
322.836304989969
322.579116634558
322.326684230342
337.613850766216
322.326684230342
322.326684230342
322.326684230342
323.656120009983
322.326684230342
322.326684230342
322.326684230342
322.326684230342
337.613850766216
322.326684230342
322.326684230342
322.326684230342
322.326684230342
323.400281389411
322.326684230342
322.326684230342
322.326684230342
322.326684230342
337.847552271434
322.326684230342
322.326684230342
322.326684230342
322.326684230342
322.326684230342
322.326684230342
322.326684230342
337.400635959001
322.326684230342
322.326684230342
322.664580969944
322.326684230342
323.279723802148
322.642854184635
322.326684230342
322.756662599209
322.326684230342
322.326684230342
322.326684230342
322.326684230342
322.326684230342
322.326684230342
322.510781802018
322.326684230342
322.326684230342
322.326684230342
322.665401238779
322.326684230342
338.392574189723
337.925569299514
322.326684230342
322.326684230342
322.510781802018