最优解为:857.8286
最优解路径:

Best_route =

     0     0     0     0     0     0     0     0     0     0     0     0     0     0     0     0     0
    15     3     4    16     8     0     0     0     0     0     0     0     0     0     0     0     0
     9    13    14     1    10    11    12     7     5     2     6     0     0     0     0     0     0

本次运算用时:8.305秒
算法在第42代时收敛

best
1076.60458302028
1076.60458302028
1076.60458302028
1076.60458302028
1076.60458302028
1076.60458302028
957.655728513795
957.655728513795
957.655728513795
902.338088625762
902.338088625762
902.338088625762
902.338088625762
902.338088625762
902.338088625762
902.338088625762
902.338088625762
902.338088625762
902.338088625762
901.647223053991
895.999498915515
895.999498915515
895.999498915515
895.999498915515
892.551323580635
892.551323580635
892.551323580635
892.551323580635
859.490931762263
859.490931762263
859.490931762263
859.490931762263
859.490931762263
859.490931762263
859.490931762263
859.490931762263
859.490931762263
859.490931762263
859.490931762263
859.490931762263
857.828615312201
857.828615312201
857.828615312201
857.828615312201
857.828615312201
857.828615312201
857.828615312201
857.828615312201
857.828615312201
857.828615312201
857.828615312201
857.828615312201
857.828615312201
857.828615312201
857.828615312201
857.828615312201
857.828615312201
857.828615312201
857.828615312201
857.828615312201
857.828615312201
857.828615312201
857.828615312201
857.828615312201
857.828615312201
857.828615312201
857.828615312201
857.828615312201
857.828615312201
857.828615312201
857.828615312201
857.828615312201
857.828615312201
857.828615312201
857.828615312201
857.828615312201
857.828615312201
857.828615312201
857.828615312201
857.828615312201
857.828615312201
857.828615312201
857.828615312201
857.828615312201
857.828615312201
857.828615312201
857.828615312201
857.828615312201
857.828615312201
857.828615312201
857.828615312201
857.828615312201
857.828615312201
857.828615312201
857.828615312201
857.828615312201
857.828615312201
857.828615312201
857.828615312201
857.828615312201
857.828615312201
857.828615312201
857.828615312201
857.828615312201
857.828615312201
857.828615312201
857.828615312201
857.828615312201
857.828615312201
857.828615312201
857.828615312201
857.828615312201
857.828615312201
857.828615312201
857.828615312201
857.828615312201
857.828615312201
857.828615312201
857.828615312201
857.828615312201
857.828615312201
857.828615312201
857.828615312201
857.828615312201
857.828615312201
857.828615312201
857.828615312201
857.828615312201
857.828615312201
857.828615312201
857.828615312201
857.828615312201
857.828615312201
857.828615312201
857.828615312201
857.828615312201
857.828615312201
857.828615312201
857.828615312201
857.828615312201
857.828615312201
857.828615312201
857.828615312201
857.828615312201
857.828615312201
857.828615312201
857.828615312201
857.828615312201
857.828615312201
857.828615312201
857.828615312201
857.828615312201
857.828615312201
857.828615312201
857.828615312201
857.828615312201
857.828615312201
857.828615312201
857.828615312201
857.828615312201
857.828615312201
857.828615312201
857.828615312201
857.828615312201
857.828615312201
857.828615312201
857.828615312201
857.828615312201
857.828615312201
857.828615312201
857.828615312201
857.828615312201
857.828615312201
857.828615312201
857.828615312201
857.828615312201
857.828615312201
857.828615312201
857.828615312201
857.828615312201
857.828615312201
857.828615312201
857.828615312201
857.828615312201
857.828615312201
857.828615312201
857.828615312201
857.828615312201
857.828615312201
857.828615312201
857.828615312201
857.828615312201
857.828615312201
857.828615312201
857.828615312201
857.828615312201
857.828615312201
857.828615312201
857.828615312201
857.828615312201

ave
1465.46251338881
1524.86201128876
1533.28645846019
1520.31436420469
1564.47216605532
1514.90591696939
1551.88658173586
1482.63286000204
1539.41384789186
1554.92507877109
1421.10362377865
1458.41809228003
1400.10011667021
1563.04943072244
1547.83439447329
1488.93420221426
1409.91297212404
1507.31937647018
1500.33927737501
1404.11010075138
1505.18855096634
1453.61798855838
1528.24167867256
1454.76659669666
1421.84629829315
1457.84710233591
1205.73121268611
1235.20235774467
1336.04306244658
1353.20500725823
1199.15813702571
1360.30185394135
1300.97418401960
1215.57468458215
1342.48511348547
1105.55872677225
1082.41234371095
1148.47646070624
1091.73107725061
1265.25095613247
1192.85413792098
1057.27974710115
1150.46056789402
1380.35122052255
1101.63002391238
1184.25069260038
1121.68236122240
1209.22843595077
979.666788932102
1238.17831681050
1142.07807255281
1113.76401188571
986.509083932260
1012.59406551559
945.059910989811
924.542718151788
1015.23117779765
1014.75770144422
1058.97971325316
1094.45371331994
1115.58447787350
888.685156677606
983.023482407646
1057.48734160147
906.398492324438
977.744958127002
1013.21511544497
926.199039686230
962.378294159353
1098.61602755783
950.846167081925
901.941354115269
882.168998854506
1061.49294622397
857.828615312201
963.590264663209
943.921928497705
857.828615312201
940.322056497817
1017.80231264473
959.255168962524
1076.12221620546
1121.14734870941
922.247924461401
932.224385885078
888.568576132433
901.772337583495
887.961733169126
857.828615312201
970.849064918522
994.902513142165
929.555107892927
924.665019634377
908.299493247297
978.222321435017
857.828615312201
1038.75244073815
913.803012285817
922.247924461401
909.582095677585
872.192125774709
887.270328306922
960.226241430302
997.439445990598
959.981997204331
933.252099835999
994.484938636743
1045.77192038568
921.469986694835
908.168901863793
857.828615312201
914.301117795765
1010.47884498820
998.447387273352
1015.40926366632
982.247811606338
1025.13154618306
857.828615312201
984.836700448830
971.270540378189
922.247924461401
977.990709015725
1146.85928381193
966.054598161148
962.532530392777
902.356179115269
939.789681973895
921.902929326617
969.330509062612
1017.43005290512
965.556492651200
993.218529382366
1040.19185986861
944.257024186639
1056.31615536215
904.722184397026
966.672171288455
965.556492651200
922.247924461402
1068.65272806795
862.209235016833
970.849064918522
979.293977094107
1073.32875295601
958.019378551657
987.510974088680
981.352611069713
974.001404826785
857.828615312201
1013.36256289090
857.828615312201
924.635168804083
877.045739867782
951.593141563376
859.814680975890
961.335576042968
922.296192455522
969.336779593738
898.983661469074
909.582095677584
982.912823646979
906.033164177321
965.057163133346
927.921493780758
1033.24463346621
965.556492651200
1020.47304176084
1036.74819507795
966.243157689670
965.556492651200
857.828615312201
996.408115625515
988.653299274291
965.556492651200
969.202791161171
1007.67205318550
913.803012285817
922.247924461401
922.247924461401
915.657642437911
939.128137524210
1053.98518365643
1019.31349263239
1028.74756147358
1002.51181859105
974.001404826785
922.247924461401
917.434633069065
973.944691585652
906.867054283764
897.672381885423
1173.13654563021
923.601445152855
875.399055964628
873.493973354738
977.446350761467
907.462951609677
956.333160472260
974.116758976182
914.301117795765