实验环境：
VeiNum = 2
Q_ant = 60
AntNum = 20 
iter_max = 100

抽取的客户节点编号为

Cus_select =

    10    12    87

各任务对应的的客户节点编号为

Task_Cus =

    10    12    87

cus：
35	35
35	35
35	35
30	60
50	35
28	18


task：
3	4	3	0	1
4	2	4	1	0
3	5	3	0	1
5	2	4	3	0
2	6	1	0	1
6	3	2	5	0


linktime
0	1.13737743919910	0.637377439199098	0.875000000000000	0.375000000000000	0	0.459619407771256
0.637377439199098	1.94142154506486	0	1.67904410586576	0.800390529679106	0.804044105865765	1.05118980208143
0	1.13737743919910	0.804044105865765	0.875000000000000	0.541666666666667	0	0.626286074437923
0.375000000000000	1.67904410586576	0.800390529679106	1.41666666666667	0	0.541666666666667	0.695071938722892
0	1.13737743919910	0.804044105865765	0.875000000000000	0.541666666666667	0	0.626286074437923
0.459619407771256	1.76366351363702	1.05118980208143	1.50128607443792	0.695071938722892	0.626286074437923	0
0.959619407771256	1.05118980208143	1.76366351363702	0.695071938722892	1.50128607443792	0.959619407771256	1.58590548220918

tasktime
0
0.166666666666667
1.30404410586576
0.166666666666667
1.04166666666667
1.12628607443792
0.166666666666667

1
4	2	4	0	0
5	2	4	0	0
2	6	1	0	1


2
3	4	3	0	1
3	5	3	0	1
6	3	2	0	0



linktime1
0	0.637377439199098	0.375000000000000	0
0	0.804044105865765	0.541666666666667	0
0	0.804044105865765	0.541666666666667	0
0.459619407771256	1.05118980208143	0.695071938722892	0.626286074437923

tasktime1
0
1.30404410586576
1.04166666666667
1.12628607443792


linktime2
0	1.13737743919910	0.875000000000000	0.459619407771256
0.637377439199098	1.94142154506486	1.67904410586576	1.05118980208143
0.375000000000000	1.67904410586576	1.41666666666667	0.695071938722892
0.959619407771256	1.05118980208143	0.695071938722892	1.58590548220918


tasktime2
0
0.166666666666667
0.166666666666667
0.166666666666667