最优解为:603.5245
最优解路径:

Best_route =

     9    10     3     4     7     8     1     2     5     6     0
     0     0     0     0     0     0     0     0     0     0     0

本次运算用时:2.809秒
算法在第4代时收敛

best
603.824044054735
603.779808528789
603.779808528789
603.524450279966
603.524450279966
603.524450279966
603.524450279966
603.524450279966
603.524450279966
603.524450279966
603.524450279966
603.524450279966
603.524450279966
603.524450279966
603.524450279966
603.524450279966
603.524450279966
603.524450279966
603.524450279966
603.524450279966
603.524450279966
603.524450279966
603.524450279966
603.524450279966
603.524450279966
603.524450279966
603.524450279966
603.524450279966
603.524450279966
603.524450279966
603.524450279966
603.524450279966
603.524450279966
603.524450279966
603.524450279966
603.524450279966
603.524450279966
603.524450279966
603.524450279966
603.524450279966
603.524450279966
603.524450279966
603.524450279966
603.524450279966
603.524450279966
603.524450279966
603.524450279966
603.524450279966
603.524450279966
603.524450279966
603.524450279966
603.524450279966
603.524450279966
603.524450279966
603.524450279966
603.524450279966
603.524450279966
603.524450279966
603.524450279966
603.524450279966
603.524450279966
603.524450279966
603.524450279966
603.524450279966
603.524450279966
603.524450279966
603.524450279966
603.524450279966
603.524450279966
603.524450279966
603.524450279966
603.524450279966
603.524450279966
603.524450279966
603.524450279966
603.524450279966
603.524450279966
603.524450279966
603.524450279966
603.524450279966
603.524450279966
603.524450279966
603.524450279966
603.524450279966
603.524450279966
603.524450279966
603.524450279966
603.524450279966
603.524450279966
603.524450279966
603.524450279966
603.524450279966
603.524450279966
603.524450279966
603.524450279966
603.524450279966
603.524450279966
603.524450279966
603.524450279966
603.524450279966

ave
839.715056451670
889.722493550264
788.109838452938
739.190767422905
824.978980041796
798.508332522918
766.864371855582
795.520308391585
676.567087587347
740.877688406438
801.440853085152
722.683723423271
706.105849781326
735.607416412763
747.302355907446
674.323459662907
762.164830018856
747.567662947728
721.960165801575
705.647157373052
738.891813348482
708.476937019970
706.088900196149
660.900415370421
709.430110609562
705.686619057826
725.057689892981
709.280027406704
722.708177830757
678.984872477895
715.705212913626
648.286134322393
680.262378161766
648.533429472207
633.777721129904
633.201089356583
603.715809872312
618.147229081089
717.028695352092
633.874584794598
647.141372652724
648.613816031342
633.375257483893
603.524450279966
661.956522016284
668.426972503005
632.667246758402
618.101126587256
648.213977407561
648.137440134744
648.457012337926
731.970340319902
634.385182871276
678.462514226001
648.279495361595
603.564965793587
632.665034982105
634.402547305170
693.972871755252
648.116106275995
643.264151459578
731.552565333269
634.196328162623
618.637180961734
634.545739604745
663.732719908113
603.539429968704
632.781554384074
658.010273763389
662.440722660891
618.698618407276
663.456927609183
662.857558002069
618.941773476178
603.713598096014
672.938285652502
693.478466335212
618.088358674815
646.332718525725
655.986566938274
618.956753164916
663.702587832131
634.249198342752
648.160987088895
647.423678173215
710.605858933851
603.698618407276
690.811824544639
643.649068647935
648.405216861370
633.546197384648
657.783179041527
690.922880337798
663.307011740600
633.868704706990
633.906888305776
603.711093212321
618.679908251652
618.088358674815
618.116106275995