最优解为:3038.3038
最优解路径:

Best_route =

  1 至 24 列

    31    32    35    29    30    11    17    51    39    49    12    15    16     0     0     0     0     0     0     0     0     0     0     0
    43     7     8    53    37    41    42    59    60    33    34     0     0     0     0     0     0     0     0     0     0     0     0     0
     0     0     0     0     0     0     0     0     0     0     0     0     0     0     0     0     0     0     0     0     0     0     0     0
     5    57    58    20    21    22    38    45    46    36     0     0     0     0     0     0     0     0     0     0     0     0     0     0
    27    28     6    54    52     0     0     0     0     0     0     0     0     0     0     0     0     0     0     0     0     0     0     0
     3     4    19    55    56     9    10    13    14    47    48     0     0     0     0     0     0     0     0     0     0     0     0     0
    23    24    44    25    26    18     1    40     2    50     0     0     0     0     0     0     0     0     0     0     0     0     0     0

  25 至 48 列

     0     0     0     0     0     0     0     0     0     0     0     0     0     0     0     0     0     0     0     0     0     0     0     0
     0     0     0     0     0     0     0     0     0     0     0     0     0     0     0     0     0     0     0     0     0     0     0     0
     0     0     0     0     0     0     0     0     0     0     0     0     0     0     0     0     0     0     0     0     0     0     0     0
     0     0     0     0     0     0     0     0     0     0     0     0     0     0     0     0     0     0     0     0     0     0     0     0
     0     0     0     0     0     0     0     0     0     0     0     0     0     0     0     0     0     0     0     0     0     0     0     0
     0     0     0     0     0     0     0     0     0     0     0     0     0     0     0     0     0     0     0     0     0     0     0     0
     0     0     0     0     0     0     0     0     0     0     0     0     0     0     0     0     0     0     0     0     0     0     0     0

  49 至 61 列

     0     0     0     0     0     0     0     0     0     0     0     0     0
     0     0     0     0     0     0     0     0     0     0     0     0     0
     0     0     0     0     0     0     0     0     0     0     0     0     0
     0     0     0     0     0     0     0     0     0     0     0     0     0
     0     0     0     0     0     0     0     0     0     0     0     0     0
     0     0     0     0     0     0     0     0     0     0     0     0     0
     0     0     0     0     0     0     0     0     0     0     0     0     0

本次运算用时:524.043秒
算法在第9代时收敛

best
3619.66517044079
3606.15543781480
3606.15543781480
3469.54745201049
3237.81212965005
3237.81212965005
3103.70914942436
3103.70914942436
3038.30383375570
3038.30383375570
3038.30383375570
3038.30383375570
3038.30383375570
3038.30383375570
3038.30383375570
3038.30383375570
3038.30383375570
3038.30383375570
3038.30383375570
3038.30383375570
3038.30383375570
3038.30383375570
3038.30383375570
3038.30383375570
3038.30383375570
3038.30383375570
3038.30383375570
3038.30383375570
3038.30383375570
3038.30383375570
3038.30383375570
3038.30383375570
3038.30383375570
3038.30383375570
3038.30383375570
3038.30383375570
3038.30383375570
3038.30383375570
3038.30383375570
3038.30383375570
3038.30383375570
3038.30383375570
3038.30383375570
3038.30383375570
3038.30383375570
3038.30383375570
3038.30383375570
3038.30383375570
3038.30383375570
3038.30383375570
3038.30383375570
3038.30383375570
3038.30383375570
3038.30383375570
3038.30383375570
3038.30383375570
3038.30383375570
3038.30383375570
3038.30383375570
3038.30383375570
3038.30383375570
3038.30383375570
3038.30383375570
3038.30383375570
3038.30383375570
3038.30383375570
3038.30383375570
3038.30383375570
3038.30383375570
3038.30383375570
3038.30383375570
3038.30383375570
3038.30383375570
3038.30383375570
3038.30383375570
3038.30383375570
3038.30383375570
3038.30383375570
3038.30383375570
3038.30383375570
3038.30383375570
3038.30383375570
3038.30383375570
3038.30383375570
3038.30383375570
3038.30383375570
3038.30383375570
3038.30383375570
3038.30383375570
3038.30383375570
3038.30383375570
3038.30383375570
3038.30383375570
3038.30383375570
3038.30383375570
3038.30383375570
3038.30383375570
3038.30383375570
3038.30383375570
3038.30383375570
3038.30383375570
3038.30383375570
3038.30383375570
3038.30383375570
3038.30383375570
3038.30383375570
3038.30383375570
3038.30383375570
3038.30383375570
3038.30383375570
3038.30383375570
3038.30383375570
3038.30383375570
3038.30383375570
3038.30383375570
3038.30383375570
3038.30383375570
3038.30383375570
3038.30383375570
3038.30383375570
3038.30383375570
3038.30383375570
3038.30383375570
3038.30383375570
3038.30383375570
3038.30383375570
3038.30383375570
3038.30383375570
3038.30383375570
3038.30383375570
3038.30383375570
3038.30383375570
3038.30383375570
3038.30383375570
3038.30383375570
3038.30383375570
3038.30383375570
3038.30383375570
3038.30383375570
3038.30383375570
3038.30383375570
3038.30383375570
3038.30383375570
3038.30383375570
3038.30383375570
3038.30383375570
3038.30383375570
3038.30383375570
3038.30383375570
3038.30383375570
3038.30383375570
3038.30383375570
3038.30383375570
3038.30383375570
3038.30383375570
3038.30383375570
3038.30383375570
3038.30383375570
3038.30383375570
3038.30383375570
3038.30383375570
3038.30383375570
3038.30383375570
3038.30383375570
3038.30383375570
3038.30383375570
3038.30383375570
3038.30383375570
3038.30383375570
3038.30383375570
3038.30383375570
3038.30383375570
3038.30383375570
3038.30383375570
3038.30383375570
3038.30383375570
3038.30383375570
3038.30383375570
3038.30383375570
3038.30383375570
3038.30383375570
3038.30383375570
3038.30383375570
3038.30383375570
3038.30383375570
3038.30383375570
3038.30383375570
3038.30383375570
3038.30383375570
3038.30383375570
3038.30383375570
3038.30383375570
3038.30383375570
3038.30383375570
3038.30383375570
3038.30383375570
3038.30383375570
3038.30383375570
3038.30383375570
3038.30383375570
3038.30383375570
3038.30383375570
3038.30383375570
3038.30383375570
3038.30383375570
3038.30383375570
3038.30383375570
3038.30383375570
3038.30383375570
3038.30383375570
3038.30383375570
3038.30383375570
3038.30383375570
3038.30383375570
3038.30383375570
3038.30383375570
3038.30383375570
3038.30383375570
3038.30383375570
3038.30383375570
3038.30383375570
3038.30383375570
3038.30383375570
3038.30383375570
3038.30383375570
3038.30383375570
3038.30383375570
3038.30383375570
3038.30383375570
3038.30383375570
3038.30383375570
3038.30383375570
3038.30383375570
3038.30383375570
3038.30383375570
3038.30383375570
3038.30383375570
3038.30383375570
3038.30383375570
3038.30383375570
3038.30383375570
3038.30383375570
3038.30383375570
3038.30383375570
3038.30383375570
3038.30383375570
3038.30383375570
3038.30383375570
3038.30383375570
3038.30383375570
3038.30383375570
3038.30383375570
3038.30383375570
3038.30383375570
3038.30383375570
3038.30383375570
3038.30383375570
3038.30383375570
3038.30383375570
3038.30383375570
3038.30383375570
3038.30383375570
3038.30383375570
3038.30383375570
3038.30383375570
3038.30383375570
3038.30383375570
3038.30383375570
3038.30383375570
3038.30383375570
3038.30383375570
3038.30383375570
3038.30383375570
3038.30383375570
3038.30383375570
3038.30383375570
3038.30383375570
3038.30383375570
3038.30383375570
3038.30383375570
3038.30383375570
3038.30383375570
3038.30383375570
3038.30383375570
3038.30383375570
3038.30383375570
3038.30383375570
3038.30383375570
3038.30383375570
3038.30383375570
3038.30383375570
3038.30383375570
3038.30383375570
3038.30383375570
3038.30383375570
3038.30383375570
3038.30383375570
3038.30383375570
3038.30383375570
3038.30383375570
3038.30383375570
3038.30383375570
3038.30383375570
3038.30383375570
3038.30383375570
3038.30383375570
3038.30383375570
3038.30383375570
3038.30383375570
3038.30383375570
3038.30383375570
3038.30383375570
