最优解为:2057.0951
最优解路径:

Best_route =

  1 至 24 列

     9    10    38     7     8    33    34    24     0     0     0     0     0     0     0     0     0     0     0     0     0     0     0     0
    39    40    27    28    11    12    16    25    26    32     0     0     0     0     0     0     0     0     0     0     0     0     0     0
    18     1     2    15    23    19    20     3     4     0     0     0     0     0     0     0     0     0     0     0     0     0     0     0
    29    17    37    35    36    13    30    21    22    31     5    14     6     0     0     0     0     0     0     0     0     0     0     0
     0     0     0     0     0     0     0     0     0     0     0     0     0     0     0     0     0     0     0     0     0     0     0     0

  25 至 41 列

     0     0     0     0     0     0     0     0     0     0     0     0     0     0     0     0     0
     0     0     0     0     0     0     0     0     0     0     0     0     0     0     0     0     0
     0     0     0     0     0     0     0     0     0     0     0     0     0     0     0     0     0
     0     0     0     0     0     0     0     0     0     0     0     0     0     0     0     0     0
     0     0     0     0     0     0     0     0     0     0     0     0     0     0     0     0     0

本次运算用时:171.235秒
算法在第24代时收敛

best
2261.60987775156
2261.60987775156
2261.60987775156
2261.60987775156
2261.60987775156
2261.60987775156
2261.60987775156
2261.60987775156
2261.60987775156
2261.60987775156
2261.60987775156
2261.60987775156
2261.60987775156
2261.60987775156
2261.60987775156
2261.60987775156
2261.60987775156
2261.60987775156
2261.60987775156
2261.60987775156
2261.60987775156
2261.60987775156
2261.60987775156
2057.09510635602
2057.09510635602
2057.09510635602
2057.09510635602
2057.09510635602
2057.09510635602
2057.09510635602
2057.09510635602
2057.09510635602
2057.09510635602
2057.09510635602
2057.09510635602
2057.09510635602
2057.09510635602
2057.09510635602
2057.09510635602
2057.09510635602
2057.09510635602
2057.09510635602
2057.09510635602
2057.09510635602
2057.09510635602
2057.09510635602
2057.09510635602
2057.09510635602
2057.09510635602
2057.09510635602
2057.09510635602
2057.09510635602
2057.09510635602
2057.09510635602
2057.09510635602
2057.09510635602
2057.09510635602
2057.09510635602
2057.09510635602
2057.09510635602
2057.09510635602
2057.09510635602
2057.09510635602
2057.09510635602
2057.09510635602
2057.09510635602
2057.09510635602
2057.09510635602
2057.09510635602
2057.09510635602
2057.09510635602
2057.09510635602
2057.09510635602
2057.09510635602
2057.09510635602
2057.09510635602
2057.09510635602
2057.09510635602
2057.09510635602
2057.09510635602
2057.09510635602
2057.09510635602
2057.09510635602
2057.09510635602
2057.09510635602
2057.09510635602
2057.09510635602
2057.09510635602
2057.09510635602
2057.09510635602
2057.09510635602
2057.09510635602
2057.09510635602
2057.09510635602
2057.09510635602
2057.09510635602
2057.09510635602
2057.09510635602
2057.09510635602
2057.09510635602
2057.09510635602
2057.09510635602
2057.09510635602
2057.09510635602
2057.09510635602
2057.09510635602
2057.09510635602
2057.09510635602
2057.09510635602
2057.09510635602
2057.09510635602
2057.09510635602
2057.09510635602
2057.09510635602
2057.09510635602
2057.09510635602
2057.09510635602
2057.09510635602
2057.09510635602
2057.09510635602
2057.09510635602
2057.09510635602
2057.09510635602
2057.09510635602
2057.09510635602
2057.09510635602
2057.09510635602
2057.09510635602
2057.09510635602
2057.09510635602
2057.09510635602
2057.09510635602
2057.09510635602
2057.09510635602
2057.09510635602
2057.09510635602
2057.09510635602
2057.09510635602
2057.09510635602
2057.09510635602
2057.09510635602
2057.09510635602
2057.09510635602
2057.09510635602
2057.09510635602
2057.09510635602
2057.09510635602
2057.09510635602
2057.09510635602
2057.09510635602
2057.09510635602
2057.09510635602
2057.09510635602
2057.09510635602
2057.09510635602
2057.09510635602
2057.09510635602
2057.09510635602
2057.09510635602
2057.09510635602
2057.09510635602
2057.09510635602
2057.09510635602
2057.09510635602
2057.09510635602
2057.09510635602
2057.09510635602
2057.09510635602
2057.09510635602
2057.09510635602
2057.09510635602
2057.09510635602
2057.09510635602
2057.09510635602
2057.09510635602
2057.09510635602
2057.09510635602
2057.09510635602
2057.09510635602
2057.09510635602
2057.09510635602
2057.09510635602
2057.09510635602
2057.09510635602
2057.09510635602
2057.09510635602
2057.09510635602
2057.09510635602
2057.09510635602
2057.09510635602
2057.09510635602
2057.09510635602
2057.09510635602
2057.09510635602
2057.09510635602
2057.09510635602
2057.09510635602
2057.09510635602
2057.09510635602
2057.09510635602
2057.09510635602
2057.09510635602
2057.09510635602
2057.09510635602
2057.09510635602
2057.09510635602
2057.09510635602
2057.09510635602
2057.09510635602
2057.09510635602
2057.09510635602
2057.09510635602
2057.09510635602
2057.09510635602
2057.09510635602
2057.09510635602
2057.09510635602
2057.09510635602
2057.09510635602
2057.09510635602
2057.09510635602
2057.09510635602
2057.09510635602
2057.09510635602
2057.09510635602
2057.09510635602
2057.09510635602
2057.09510635602
2057.09510635602
2057.09510635602
2057.09510635602
2057.09510635602
2057.09510635602
2057.09510635602
2057.09510635602
2057.09510635602
2057.09510635602
2057.09510635602
2057.09510635602
2057.09510635602
2057.09510635602
2057.09510635602
2057.09510635602
2057.09510635602
2057.09510635602
2057.09510635602
2057.09510635602
2057.09510635602
2057.09510635602
2057.09510635602
2057.09510635602
2057.09510635602
2057.09510635602
2057.09510635602
2057.09510635602
2057.09510635602
2057.09510635602
2057.09510635602
2057.09510635602
2057.09510635602
2057.09510635602
2057.09510635602
2057.09510635602
2057.09510635602
2057.09510635602
2057.09510635602
2057.09510635602
2057.09510635602
2057.09510635602
2057.09510635602
2057.09510635602
2057.09510635602
2057.09510635602
2057.09510635602
2057.09510635602
2057.09510635602
2057.09510635602
2057.09510635602
2057.09510635602
2057.09510635602
2057.09510635602
2057.09510635602
2057.09510635602
2057.09510635602
2057.09510635602
2057.09510635602
2057.09510635602
2057.09510635602
2057.09510635602
2057.09510635602
2057.09510635602
2057.09510635602
2057.09510635602
2057.09510635602
2057.09510635602
2057.09510635602
2057.09510635602
2057.09510635602
2057.09510635602
2057.09510635602
2057.09510635602
2057.09510635602
2057.09510635602
2057.09510635602
2057.09510635602
2057.09510635602
2057.09510635602
2057.09510635602
2057.09510635602
2057.09510635602
2057.09510635602
2057.09510635602
2057.09510635602
2057.09510635602
2057.09510635602
2057.09510635602
2057.09510635602
2057.09510635602
2057.09510635602
2057.09510635602
2057.09510635602
2057.09510635602
2057.09510635602
2057.09510635602
2057.09510635602
2057.09510635602
2057.09510635602
2057.09510635602
2057.09510635602
2057.09510635602
2057.09510635602
2057.09510635602
2057.09510635602
2057.09510635602
2057.09510635602
2057.09510635602
2057.09510635602
2057.09510635602
2057.09510635602
2057.09510635602
2057.09510635602
2057.09510635602
2057.09510635602
2057.09510635602
2057.09510635602
2057.09510635602
2057.09510635602
2057.09510635602
2057.09510635602
2057.09510635602
2057.09510635602
2057.09510635602
2057.09510635602
2057.09510635602
2057.09510635602
2057.09510635602
2057.09510635602
2057.09510635602
2057.09510635602
2057.09510635602
2057.09510635602
2057.09510635602
2057.09510635602
2057.09510635602
2057.09510635602
2057.09510635602
2057.09510635602
2057.09510635602
2057.09510635602
2057.09510635602
2057.09510635602
2057.09510635602
2057.09510635602
2057.09510635602
2057.09510635602
2057.09510635602
2057.09510635602
2057.09510635602
2057.09510635602
2057.09510635602
2057.09510635602
2057.09510635602
2057.09510635602
2057.09510635602
2057.09510635602
2057.09510635602
2057.09510635602
2057.09510635602
2057.09510635602
2057.09510635602
2057.09510635602
