最优解为:473.0573
最优解路径:

Best_route =

     3     4     1     2     5     6     0
     0     0     0     0     0     0     0

本次运算用时:1.64秒
算法在第1代时收敛

best
473.057275753111
473.057275753111
473.057275753111
473.057275753111
473.057275753111
473.057275753111
473.057275753111
473.057275753111
473.057275753111
473.057275753111
473.057275753111
473.057275753111
473.057275753111
473.057275753111
473.057275753111
473.057275753111
473.057275753111
473.057275753111
473.057275753111
473.057275753111
473.057275753111
473.057275753111
473.057275753111
473.057275753111
473.057275753111
473.057275753111
473.057275753111
473.057275753111
473.057275753111
473.057275753111
473.057275753111
473.057275753111
473.057275753111
473.057275753111
473.057275753111
473.057275753111
473.057275753111
473.057275753111
473.057275753111
473.057275753111
473.057275753111
473.057275753111
473.057275753111
473.057275753111
473.057275753111
473.057275753111
473.057275753111
473.057275753111
473.057275753111
473.057275753111
473.057275753111
473.057275753111
473.057275753111
473.057275753111
473.057275753111
473.057275753111
473.057275753111
473.057275753111
473.057275753111
473.057275753111
473.057275753111
473.057275753111
473.057275753111
473.057275753111
473.057275753111
473.057275753111
473.057275753111
473.057275753111
473.057275753111
473.057275753111
473.057275753111
473.057275753111
473.057275753111
473.057275753111
473.057275753111
473.057275753111
473.057275753111
473.057275753111
473.057275753111
473.057275753111
473.057275753111
473.057275753111
473.057275753111
473.057275753111
473.057275753111
473.057275753111
473.057275753111
473.057275753111
473.057275753111
473.057275753111
473.057275753111
473.057275753111
473.057275753111
473.057275753111
473.057275753111
473.057275753111
473.057275753111
473.057275753111
473.057275753111
473.057275753111

ave
532.976330476588
531.512430556430
545.009107479705
488.669679129411
474.331425660811
507.275962745462
513.058677154261
503.218061511095
489.356216360169
525.285834349965
516.811885812194
490.425232412162
473.319503187948
511.787082411181
473.573467056331
510.809614125977
490.027009918700
488.861984306488
473.455498246573
473.971689549793
520.312851260326
473.897593736918
489.069198225974
489.287552663928
473.455498246573
473.499371243456
473.065539319564
488.201534378190
473.057275753111
473.455498246573
488.455498246573
473.311239621495
474.060934659521
473.709462114957
473.057275753111
473.065539319564
488.201534378190
473.861984306488
473.073802886017
473.065539319564
473.057275753111
473.065539319564
473.455498246573
473.057275753111
473.065539319564
473.745071545387
473.455498246573
488.599756871652
473.065539319564
473.057275753111
473.455498246573
503.395253658072
473.057275753111
473.491107677003
473.491107677003
501.219944038849
473.853720740036
473.057275753111
473.057275753111
488.643629868535
473.057275753111
473.082066452469
473.057275753111
473.455498246573
473.499371243456
473.057275753111
473.065539319564
473.057275753111
473.881066604013
473.491107677003
473.057275753111
473.455498246573
473.709462114957
473.057275753111
488.057275753111
473.455498246573
473.455498246573
473.057275753111
473.889330170466
473.057275753111
473.057275753111
473.057275753111
473.057275753111
473.455498246573
473.491107677003
498.886641560279
473.861984306488
473.491107677003
473.057275753111
485.813457978935
473.057275753111
473.057275753111
473.057275753111
473.057275753111
473.057275753111
473.057275753111
488.455498246573
473.057275753111
473.057275753111
473.499371243456