实验环境：
VeiNum = 2
Q_ant = 75（trad100）
AntNum = 20 
iter_max = 200

抽取的客户节点编号为

Cus_select =

    82    31     1     2    34    96

各任务对应的的客户节点编号为

Task_Cus =

    82    31     1     2    34    96

cus：
35	35
35	35
35	35
15	47
31	52
41	49
35	17
65	55
22	27


task：
2	4	1	0	1
4	3	2	1	0
3	5	3	0	1
5	2	4	3	0
2	6	1	0	1
6	3	2	5	0
3	7	3	0	1
7	2	4	7	0
2	8	1	0	1
8	3	2	9	0
2	9	1	0	1
9	3	2	11	0


linktime
0	0	0.583095189484530	0.936606229914325	0.436606229914325	0	0.380788655293195	0.950000000000000	0.450000000000000	0	0.901387818865997	0	0.381608438061844
0.583095189484530	0.749761856151197	0	1.68636808606552	0.419076365356005	0.749761856151197	26.0768096208106	1.69976185615120	0.901387818865997	0.749761856151197	50.6359556046887	0.749761856151197	21.1896201004171
1.08309518948453	1.08309518948453	1.83285704563573	0.419076365356005	1.68636808606552	1.08309518948453	1.63055051144439	0.901387818865997	1.69976185615120	1.08309518948453	2.15114967501719	1.08309518948453	1.63137029421304
0.436606229914325	0.603272896580991	0.419076365356005	1.53987912649532	0	0.603272896580991	0.261007662722764	1.55327289658099	0.880695747690427	0.603272896580991	0.853302408293801	0.603272896580991	0.664266512779321
0	0	0.749761856151197	0.936606229914325	0.603272896580991	0	0.547455321959862	0.950000000000000	0.616666666666667	0	1.06805448553266	0	0.548275104728510
0.380788655293195	0.547455321959862	26.0768096208106	1.48406155187419	0.261007662722764	0.547455321959862	0	1.49745532195986	0.813941029804985	0.547455321959862	24.7386337537060	0.547455321959862	29.0688837074973
0.880788655293195	0.880788655293195	1.63055051144439	0.261007662722764	1.48406155187419	0.880788655293195	1.42824397725306	0.813941029804985	1.49745532195986	0.880788655293195	1.94884314082586	0.880788655293195	1.42906376002171
0.450000000000000	0.616666666666667	0.901387818865997	1.55327289658099	0.880695747690427	0.616666666666667	0.813941029804985	1.56666666666667	0	0.616666666666667	1.21037184369102	0.616666666666667	0.410030486671418
0	0	0.749761856151197	0.936606229914325	0.603272896580991	0	0.547455321959862	0.950000000000000	0.616666666666667	0	1.06805448553266	0	0.548275104728510
0.901387818865997	1.06805448553266	50.6359556046887	2.00466071544699	0.853302408293801	1.06805448553266	24.7386337537060	2.01805448553266	1.21037184369102	1.06805448553266	0	1.06805448553266	51.3127664426700
1.40138781886600	1.40138781886600	2.15114967501719	0.853302408293801	2.00466071544699	1.40138781886600	1.94884314082586	1.21037184369102	2.01805448553266	1.40138781886600	2.46944230439866	1.40138781886600	1.94966292359451
0.381608438061844	0.548275104728510	21.1896201004171	1.48488133464284	0.664266512779321	0.548275104728510	29.0688837074973	1.49827510472851	0.410030486671418	0.548275104728510	51.3127664426700	0.548275104728510	0
0.881608438061844	0.881608438061844	1.63137029421304	0.664266512779321	1.48488133464284	0.881608438061844	1.42906376002171	0.410030486671418	1.49827510472851	0.881608438061844	1.94966292359451	0.881608438061844	1.42988354279035

tasktime
0
1.24976185615120
0.166666666666667
0.166666666666667
1.10327289658099
1.04745532195986
0.166666666666667
0.166666666666667
1.11666666666667
1.56805448553266
0.166666666666667
1.04827510472851
0.166666666666667

1
2	4	1	0	1
5	2	4	0	0
2	6	1	0	1
7	2	4	0	0
2	8	1	0	1
2	9	1	0	1


2
4	3	2	0	0
3	5	3	0	1
6	3	2	0	0
3	7	3	0	1
8	3	2	0	0
9	3	2	0	0



linktime1
0	0	0.436606229914325	0	0.450000000000000	0	0
0.583095189484530	0.749761856151197	0.419076365356005	0.749761856151197	0.901387818865997	0.749761856151197	0.749761856151197
0	0	0.603272896580991	0	0.616666666666667	0	0
0.380788655293195	0.547455321959862	0.261007662722764	0.547455321959862	0.813941029804985	0.547455321959862	0.547455321959862
0	0	0.603272896580991	0	0.616666666666667	0	0
0.901387818865997	1.06805448553266	0.853302408293801	1.06805448553266	1.21037184369102	1.06805448553266	1.06805448553266
0.381608438061844	0.548275104728510	0.664266512779321	0.548275104728510	0.410030486671418	0.548275104728510	0.548275104728510

tasktime1
0
1.24976185615120
1.10327289658099
1.04745532195986
1.11666666666667
1.56805448553266
1.04827510472851


linktime2
0	0.583095189484530	0.936606229914325	0.380788655293195	0.950000000000000	0.901387818865997	0.381608438061844
1.08309518948453	1.83285704563573	0.419076365356005	1.63055051144439	0.901387818865997	2.15114967501719	1.63137029421304
0.436606229914325	0.419076365356005	1.53987912649532	0.261007662722764	1.55327289658099	0.853302408293801	0.664266512779321
0.880788655293195	1.63055051144439	0.261007662722764	1.42824397725306	0.813941029804985	1.94884314082586	1.42906376002171
0.450000000000000	0.901387818865997	1.55327289658099	0.813941029804985	1.56666666666667	1.21037184369102	0.410030486671418
1.40138781886600	2.15114967501719	0.853302408293801	1.94884314082586	1.21037184369102	2.46944230439866	1.94966292359451
0.881608438061844	1.63137029421304	0.664266512779321	1.42906376002171	0.410030486671418	1.94966292359451	1.42988354279035


tasktime2
0
0.166666666666667
0.166666666666667
0.166666666666667
0.166666666666667
0.166666666666667
0.166666666666667