最优解为:1719.1903
最优解路径:

Best_route =

  1 至 24 列

    29    30    17    18     5     6    27    28    11    12     0     0     0     0     0     0     0     0     0     0     0     0     0     0
     0     0     0     0     0     0     0     0     0     0     0     0     0     0     0     0     0     0     0     0     0     0     0     0
    25    26    15    16    23    24    21    22     1     2     7     8     4     0     0     0     0     0     0     0     0     0     0     0
     9    10    13    14    19    20     3     0     0     0     0     0     0     0     0     0     0     0     0     0     0     0     0     0

  25 至 31 列

     0     0     0     0     0     0     0
     0     0     0     0     0     0     0
     0     0     0     0     0     0     0
     0     0     0     0     0     0     0

本次运算用时:21.011秒
算法在第96代时收敛

best
1781.98921425657
1766.08063611274
1766.08063611274
1766.08063611274
1766.08063611274
1766.08063611274
1766.08063611274
1766.08063611274
1766.08063611274
1766.08063611274
1766.08063611274
1766.08063611274
1766.08063611274
1764.47634377537
1764.47634377537
1764.47634377537
1764.47634377537
1764.47634377537
1764.47634377537
1764.47634377537
1764.47634377537
1764.47634377537
1764.47634377537
1764.47634377537
1764.47634377537
1722.56442428462
1722.56442428462
1722.56442428462
1722.56442428462
1722.56442428462
1722.56442428462
1722.56442428462
1722.56442428462
1722.56442428462
1722.56442428462
1722.56442428462
1722.56442428462
1722.56442428462
1722.56442428462
1722.56442428462
1722.56442428462
1722.56442428462
1722.56442428462
1722.56442428462
1722.56442428462
1722.56442428462
1722.56442428462
1722.56442428462
1722.56442428462
1722.56442428462
1722.56442428462
1722.56442428462
1722.56442428462
1722.56442428462
1722.56442428462
1722.56442428462
1722.56442428462
1722.56442428462
1722.56442428462
1722.56442428462
1722.56442428462
1722.56442428462
1722.56442428462
1722.56442428462
1722.56442428462
1722.56442428462
1722.56442428462
1722.56442428462
1722.56442428462
1722.56442428462
1722.56442428462
1722.56442428462
1722.56442428462
1722.56442428462
1722.56442428462
1722.56442428462
1722.56442428462
1722.56442428462
1722.56442428462
1722.56442428462
1722.56442428462
1722.56442428462
1722.56442428462
1722.56442428462
1722.56442428462
1722.56442428462
1722.56442428462
1722.56442428462
1722.56442428462
1722.56442428462
1722.56442428462
1722.56442428462
1722.56442428462
1722.56442428462
1722.56442428462
1719.19031377022
1719.19031377022
1719.19031377022
1719.19031377022
1719.19031377022
1719.19031377022
1719.19031377022
1719.19031377022
1719.19031377022
1719.19031377022
1719.19031377022
1719.19031377022
1719.19031377022
1719.19031377022
1719.19031377022
1719.19031377022
1719.19031377022
1719.19031377022
1719.19031377022
1719.19031377022
1719.19031377022
1719.19031377022
1719.19031377022
1719.19031377022
1719.19031377022
1719.19031377022
1719.19031377022
1719.19031377022
1719.19031377022
1719.19031377022
1719.19031377022
1719.19031377022
1719.19031377022
1719.19031377022
1719.19031377022
1719.19031377022
1719.19031377022
1719.19031377022
1719.19031377022
1719.19031377022
1719.19031377022
1719.19031377022
1719.19031377022
1719.19031377022
1719.19031377022
1719.19031377022
1719.19031377022
1719.19031377022
1719.19031377022
1719.19031377022
1719.19031377022
1719.19031377022
1719.19031377022
1719.19031377022
1719.19031377022
1719.19031377022
1719.19031377022
1719.19031377022
1719.19031377022
1719.19031377022
1719.19031377022
1719.19031377022
1719.19031377022
1719.19031377022
1719.19031377022
1719.19031377022
1719.19031377022
1719.19031377022
1719.19031377022
1719.19031377022
1719.19031377022
1719.19031377022
1719.19031377022
1719.19031377022
1719.19031377022
1719.19031377022
1719.19031377022
1719.19031377022
1719.19031377022
1719.19031377022
1719.19031377022
1719.19031377022
1719.19031377022
1719.19031377022
1719.19031377022
1719.19031377022
1719.19031377022
1719.19031377022
1719.19031377022
1719.19031377022
1719.19031377022
1719.19031377022
1719.19031377022
1719.19031377022
1719.19031377022
1719.19031377022
1719.19031377022
1719.19031377022
1719.19031377022
1719.19031377022
1719.19031377022
1719.19031377022
1719.19031377022
1719.19031377022
1719.19031377022

ave
0
2246.61790588595
2237.42588764644
2207.02596802193
2276.12889269943
2034.18471084179
2097.37908717970
2419.39242681107
2075.96967677738
2375.33023366263
2106.73412869987
2176.39868375973
2124.79795794633
2265.81561640950
2078.73987290993
2172.88837756869
2240.41233052182
2145.45644615329
2215.72030190947
2147.38919620195
2088.21506029057
2176.89688652945
2155.12799695880
2125.91446739184
2116.91985599638
2222.33223927612
2107.49416086523
2160.61759408409
2150.65736697046
2134.84140322884
2165.87842826167
2095.56129600190
2083.30494453811
2160.41647420050
2230.40337810355
2190.94486531047
1980.66165398357
2149.05794490647
2241.44459595487
2045.50052766856
2131.33974742474
2071.16195914695
2022.95984718563
2013.07124222425
2043.35373129206
1981.94709237954
1882.80894646072
1911.07272274324
2153.60940839089
2066.67357896307
2142.63083776784
2045.97435654980
1996.11599683284
2030.51490862968
2000.09602010512
2177.76379447541
2056.56564699162
1903.39309912983
2004.71578677240
1936.47637316336
2145.41087628211
2015.59086659816
2113.49485593177
2229.26020970875
2028.97964375888
1945.12997595307
2195.85756624686
1913.13800005507
2006.06028134427
2127.69901315090
2116.97945996821
1945.83273276578
2107.55686789029
2051.86621490404
1877.65567217221
2005.67206166544
2091.97923241359
2161.96729496414
2045.21663409628
2023.39869068359
2311.89197931936
2064.70566319217
2118.18451936475
2080.80149233100
1925.26345831023
1995.34783586316
2165.17733773667
2289.04047384198
2085.01045572392
2117.54331965911
2055.53434791983
2010.74499728206
1920.11435049480
2076.54264324611
2073.47556901297
1944.96909600409
2076.09881212693
1979.93333786576
2156.41547418920
2102.51817532608
1952.11125871871
2013.72631181710
1979.13136442747
2038.29039074297
2040.64101086991
2083.07157899883
2031.47648525845
1992.77938021709
2080.90475693773
2243.13993752691
1993.16474929222
1956.68071838779
2003.70924908068
2035.54878895833
2227.64486550002
1980.48270207168
2026.66908424766
1989.39369576654
2061.26319358540
2125.45990249046
1994.00776722693
2090.37957114675
2088.54175863128
2013.06164273314
1861.73429521349
2218.81464761594
2054.53501463701
2096.57286392537
2085.49694100539
1972.47081837236
2013.46281539010
1887.88768571783
1878.99510884657
1931.35488871286
2036.77580755698
1971.00579155729
2127.78812204639
1834.93424732855
2003.49374521090
1996.89536244617
1981.54626574845
2081.87647800381
1922.27163864386
1886.38943332974
2198.58887025580
1997.08357499075
2156.01197917800
2227.85038820478
2024.03653633895
2002.43940393519
2151.57625781965
2097.59427101030
2053.96071530636
2031.55833553171
2107.24969566247
1997.22625321555
1902.63966111407
2002.63394444351
1901.02335176165
2147.84130569925
1949.25707396930
2104.75688321075
1985.93264936127
2062.07119010694
1978.63767333690
1927.00779564924
1959.08868560204
2073.54937110171
1932.53149214476
1950.75635506110
2025.09436858087
2043.32805890253
2104.20472505859
2205.21709726283
2016.88621559936
2215.06328300368
1985.73893762918
1926.84360338933
1975.89166100432
2158.38506153722
2018.84317808128
2091.28628494208
2004.74229820095
2157.11577122344
2074.31014848203
1957.10595667486
2086.72063402495
2053.60404150910
2014.57344682606
1987.94144836868
1940.96558972803
2065.72813602357
1984.63723457826
1991.98525129352
2123.25004265178
2099.39924963845
2001.65427157040
2056.20619001758
1966.06750428694
2057.40433717784