最优解为:2149.9003
最优解路径:

Best_route =

  1 至 24 列

     0     0     0     0     0     0     0     0     0     0     0     0     0     0     0     0     0     0     0     0     0     0     0     0
     9    10    30     8    40    26     0     0     0     0     0     0     0     0     0     0     0     0     0     0     0     0     0     0
    29    19     7     5    37    15    31    39    35    36    25    20     0     0     0     0     0     0     0     0     0     0     0     0
     1     3    33    13    14    11    12    32    16     0     0     0     0     0     0     0     0     0     0     0     0     0     0     0
    27    28    17    23    24    21    22    18     0     0     0     0     0     0     0     0     0     0     0     0     0     0     0     0
     2    34    38     6     4     0     0     0     0     0     0     0     0     0     0     0     0     0     0     0     0     0     0     0

  25 至 41 列

     0     0     0     0     0     0     0     0     0     0     0     0     0     0     0     0     0
     0     0     0     0     0     0     0     0     0     0     0     0     0     0     0     0     0
     0     0     0     0     0     0     0     0     0     0     0     0     0     0     0     0     0
     0     0     0     0     0     0     0     0     0     0     0     0     0     0     0     0     0
     0     0     0     0     0     0     0     0     0     0     0     0     0     0     0     0     0
     0     0     0     0     0     0     0     0     0     0     0     0     0     0     0     0     0

本次运算用时:247.065秒
算法在第385代时收敛

best
2219.13454352712
2219.13454352712
2219.13454352712
2219.13454352712
2219.13454352712
2219.13454352712
2219.13454352712
2219.13454352712
2219.13454352712
2219.13454352712
2219.13454352712
2219.13454352712
2219.13454352712
2219.13454352712
2219.13454352712
2219.13454352712
2219.13454352712
2219.13454352712
2219.13454352712
2219.13454352712
2219.13454352712
2219.13454352712
2219.13454352712
2219.13454352712
2219.13454352712
2219.13454352712
2219.13454352712
2219.13454352712
2219.13454352712
2219.13454352712
2219.13454352712
2219.13454352712
2219.13454352712
2219.13454352712
2219.13454352712
2219.13454352712
2219.13454352712
2219.13454352712
2219.13454352712
2219.13454352712
2219.13454352712
2219.13454352712
2219.13454352712
2219.13454352712
2219.13454352712
2219.13454352712
2219.13454352712
2219.13454352712
2219.13454352712
2219.13454352712
2219.13454352712
2219.13454352712
2219.13454352712
2219.13454352712
2219.13454352712
2219.13454352712
2219.13454352712
2219.13454352712
2219.13454352712
2219.13454352712
2219.13454352712
2219.13454352712
2219.13454352712
2219.13454352712
2219.13454352712
2219.13454352712
2219.13454352712
2219.13454352712
2219.13454352712
2219.13454352712
2219.13454352712
2219.13454352712
2219.13454352712
2219.13454352712
2219.13454352712
2219.13454352712
2219.13454352712
2219.13454352712
2219.13454352712
2219.13454352712
2219.13454352712
2219.13454352712
2219.13454352712
2219.13454352712
2219.13454352712
2219.13454352712
2219.13454352712
2219.13454352712
2219.13454352712
2219.13454352712
2219.13454352712
2219.13454352712
2219.13454352712
2219.13454352712
2219.13454352712
2219.13454352712
2219.13454352712
2219.13454352712
2219.13454352712
2219.13454352712
2219.13454352712
2219.13454352712
2219.13454352712
2219.13454352712
2219.13454352712
2197.54463930310
2197.54463930310
2197.54463930310
2197.54463930310
2197.54463930310
2197.54463930310
2197.54463930310
2197.54463930310
2197.54463930310
2197.54463930310
2197.54463930310
2197.54463930310
2197.54463930310
2197.54463930310
2197.54463930310
2197.54463930310
2197.54463930310
2197.54463930310
2197.54463930310
2197.54463930310
2197.54463930310
2197.54463930310
2197.54463930310
2197.54463930310
2197.54463930310
2197.54463930310
2197.54463930310
2197.54463930310
2197.54463930310
2197.54463930310
2197.54463930310
2197.54463930310
2197.54463930310
2197.54463930310
2197.54463930310
2197.54463930310
2197.54463930310
2197.54463930310
2197.54463930310
2197.54463930310
2197.54463930310
2197.54463930310
2197.54463930310
2197.54463930310
2197.54463930310
2197.54463930310
2197.54463930310
2197.54463930310
2197.54463930310
2197.54463930310
2197.54463930310
2197.54463930310
2197.54463930310
2197.54463930310
2197.54463930310
2197.54463930310
2197.54463930310
2197.54463930310
2197.54463930310
2197.54463930310
2197.54463930310
2197.54463930310
2197.54463930310
2197.54463930310
2197.54463930310
2197.54463930310
2197.54463930310
2197.54463930310
2197.54463930310
2197.54463930310
2197.54463930310
2197.54463930310
2197.54463930310
2197.54463930310
2197.54463930310
2197.54463930310
2197.54463930310
2197.54463930310
2197.49206765032
2197.49206765032
2197.49206765032
2197.49206765032
2197.49206765032
2197.49206765032
2197.49206765032
2197.49206765032
2197.49206765032
2197.49206765032
2197.49206765032
2197.49206765032
2197.49206765032
2197.49206765032
2197.49206765032
2197.49206765032
2197.49206765032
2197.49206765032
2197.49206765032
2197.49206765032
2191.24341616143
2191.24341616143
2191.24341616143
2191.24341616143
2191.24341616143
2191.24341616143
2191.24341616143
2191.24341616143
2191.24341616143
2191.24341616143
2191.24341616143
2191.24341616143
2191.24341616143
2191.24341616143
2191.24341616143
2191.24341616143
2191.24341616143
2188.82985861926
2188.82985861926
2188.82985861926
2188.82985861926
2188.82985861926
2188.82985861926
2188.82985861926
2188.82985861926
2188.82985861926
2188.82985861926
2188.82985861926
2188.82985861926
2188.82985861926
2188.82985861926
2188.82985861926
2188.82985861926
2188.82985861926
2188.82985861926
2188.82985861926
2188.82985861926
2188.82985861926
2188.82985861926
2188.82985861926
2188.82985861926
2188.82985861926
2188.82985861926
2188.82985861926
2188.82985861926
2188.69449655559
2188.69449655559
2188.69449655559
2188.69449655559
2188.69449655559
2188.69449655559
2188.69449655559
2188.69449655559
2188.69449655559
2188.69449655559
2188.69449655559
2188.69449655559
2188.69449655559
2188.69449655559
2188.69449655559
2188.69449655559
2188.69449655559
2188.69449655559
2188.69449655559
2188.69449655559
2188.69449655559
2188.69449655559
2188.69449655559
2188.69449655559
2188.69449655559
2188.69449655559
2188.69449655559
2188.69449655559
2188.69449655559
2188.69449655559
2188.69449655559
2188.69449655559
2188.69449655559
2188.69449655559
2188.69449655559
2188.69449655559
2188.69449655559
2188.69449655559
2188.69449655559
2188.69449655559
2188.69449655559
2188.69449655559
2188.69449655559
2188.69449655559
2188.69449655559
2188.69449655559
2188.69449655559
2188.69449655559
2188.69449655559
2188.69449655559
2188.69449655559
2188.69449655559
2188.69449655559
2188.69449655559
2188.69449655559
2188.69449655559
2188.69449655559
2188.69449655559
2188.69449655559
2188.69449655559
2188.69449655559
2188.69449655559
2188.69449655559
2188.69449655559
2188.69449655559
2188.69449655559
2188.69449655559
2188.69449655559
2188.69449655559
2188.69449655559
2188.69449655559
2188.69449655559
2188.69449655559
2188.69449655559
2188.69449655559
2188.69449655559
2188.69449655559
2188.58652641432
2188.58652641432
2188.58652641432
2188.58652641432
2188.58652641432
2188.58652641432
2188.58652641432
2188.58652641432
2188.58652641432
2188.58652641432
2188.58652641432
2188.58652641432
2188.58652641432
2188.58652641432
2188.58652641432
2188.58652641432
2188.58652641432
2188.58652641432
2188.58652641432
2188.58652641432
2188.58652641432
2188.58652641432
2188.58652641432
2188.58652641432
2188.58652641432
2188.58652641432
2188.58652641432
2188.58652641432
2188.58652641432
2188.58652641432
2188.58652641432
2188.58652641432
2188.58652641432
2188.58652641432
2188.58652641432
2188.58652641432
2188.58652641432
2188.58652641432
2188.58652641432
2188.58652641432
2188.58652641432
2188.58652641432
2188.58652641432
2188.58652641432
2188.58652641432
2188.58652641432
2188.58652641432
2188.58652641432
2188.58652641432
2188.58652641432
2188.58652641432
2188.58652641432
