最优解为:2071.1412
最优解路径:

Best_route =

  1 至 24 列

     3    35    17     1    13    14    11    12     4     0     0     0     0     0     0     0     0     0     0     0     0     0     0     0
    19     7    29    33    37    23    24    30     0     0     0     0     0     0     0     0     0     0     0     0     0     0     0     0
     0     0     0     0     0     0     0     0     0     0     0     0     0     0     0     0     0     0     0     0     0     0     0     0
    15    31     5    39    27    28    32    38     8     0     0     0     0     0     0     0     0     0     0     0     0     0     0     0
    20    25    36    26    34    18     0     0     0     0     0     0     0     0     0     0     0     0     0     0     0     0     0     0
    16    21    22     6    40     2     9    10     0     0     0     0     0     0     0     0     0     0     0     0     0     0     0     0

  25 至 41 列

     0     0     0     0     0     0     0     0     0     0     0     0     0     0     0     0     0
     0     0     0     0     0     0     0     0     0     0     0     0     0     0     0     0     0
     0     0     0     0     0     0     0     0     0     0     0     0     0     0     0     0     0
     0     0     0     0     0     0     0     0     0     0     0     0     0     0     0     0     0
     0     0     0     0     0     0     0     0     0     0     0     0     0     0     0     0     0
     0     0     0     0     0     0     0     0     0     0     0     0     0     0     0     0     0

本次运算用时:220.455秒
算法在第435代时收敛

best
2443.38597435189
2443.38597435189
2324.98442297098
2324.98442297098
2324.98442297098
2324.98442297098
2324.98442297098
2324.98442297098
2324.98442297098
2324.98442297098
2324.98442297098
2237.21869241383
2237.21869241383
2237.21869241383
2237.21869241383
2237.21869241383
2237.21869241383
2237.21869241383
2237.21869241383
2237.21869241383
2237.21869241383
2237.21869241383
2237.21869241383
2237.21869241383
2226.25920613715
2226.25920613715
2226.25920613715
2226.25920613715
2226.25920613715
2226.25920613715
2226.25920613715
2185.71916192622
2185.71916192622
2185.71916192622
2185.71916192622
2185.71916192622
2185.71916192622
2185.71916192622
2185.71916192622
2185.71916192622
2185.71916192622
2185.71916192622
2185.71916192622
2185.71916192622
2185.71916192622
2185.71916192622
2185.71916192622
2185.71916192622
2185.71916192622
2172.51239074343
2172.51239074343
2172.51239074343
2172.51239074343
2172.51239074343
2172.51239074343
2172.51239074343
2172.51239074343
2172.51239074343
2172.51239074343
2172.51239074343
2172.51239074343
2172.51239074343
2172.51239074343
2172.51239074343
2172.51239074343
2172.51239074343
2172.51239074343
2172.51239074343
2172.51239074343
2172.51239074343
2172.51239074343
2172.51239074343
2172.51239074343
2172.51239074343
2172.51239074343
2172.51239074343
2172.51239074343
2171.37971332011
2171.37971332011
2171.37971332011
2171.37971332011
2171.37971332011
2171.37971332011
2171.37971332011
2171.37971332011
2171.37971332011
2171.37971332011
2171.37971332011
2171.37971332011
2171.37971332011
2171.37971332011
2171.37971332011
2171.37971332011
2171.37971332011
2171.37971332011
2163.63445963028
2163.63445963028
2163.63445963028
2163.63445963028
2163.63445963028
2163.63445963028
2163.63445963028
2162.10968648524
2162.10968648524
2162.10968648524
2138.93899093181
2134.54027876683
2134.54027876683
2134.54027876683
2134.54027876683
2134.54027876683
2134.54027876683
2134.54027876683
2134.54027876683
2126.44066893415
2126.44066893415
2126.44066893415
2126.44066893415
2126.44066893415
2126.44066893415
2126.44066893415
2126.44066893415
2126.44066893415
2126.44066893415
2126.44066893415
2126.44066893415
2126.44066893415
2117.51888233237
2117.51888233237
2117.51888233237
2117.51888233237
2117.51888233237
2117.51888233237
2117.51888233237
2117.51888233237
2117.51888233237
2117.51888233237
2117.51888233237
2117.51888233237
2117.51888233237
2117.51888233237
2117.51888233237
2117.51888233237
2117.51888233237
2117.51888233237
2117.51888233237
2117.51888233237
2117.51888233237
2117.51888233237
2117.51888233237
2117.51888233237
2117.51888233237
2117.51888233237
2117.51888233237
2117.51888233237
2117.51888233237
2117.51888233237
2117.51888233237
2117.51888233237
2117.51888233237
2117.51888233237
2117.51888233237
2117.51888233237
2117.51888233237
2115.23402435676
2115.23402435676
2115.23402435676
2115.23402435676
2115.23402435676
2115.23402435676
2115.23402435676
2115.23402435676
2115.23402435676
2115.23402435676
2115.23402435676
2115.23402435676
2115.23402435676
2115.23402435676
2115.23402435676
2115.23402435676
2115.23402435676
2115.23402435676
2115.23402435676
2115.23402435676
2115.23402435676
2115.23402435676
2115.23402435676
2115.23402435676
2115.23402435676
2115.23402435676
2115.23402435676
2115.23402435676
2115.23402435676
2115.23402435676
2115.23402435676
2115.23402435676
2115.23402435676
2115.23402435676
2115.23402435676
2115.23402435676
2115.23402435676
2115.23402435676
2115.23402435676
2115.23402435676
2115.23402435676
2115.23402435676
2115.23402435676
2115.23402435676
2115.23402435676
2115.23402435676
2115.23402435676
2115.23402435676
2115.23402435676
2115.23402435676
2114.49037378429
2114.32461923339
2114.32461923339
2114.32461923339
2114.32461923339
2114.32461923339
2114.32461923339
2114.32461923339
2114.32461923339
2114.32461923339
2114.32461923339
2114.32461923339
2114.32461923339
2114.32461923339
2114.32461923339
2114.32461923339
2114.32461923339
2114.32461923339
2114.32461923339
2114.32461923339
2114.32461923339
2114.32461923339
2114.32461923339
2114.32461923339
2114.32461923339
2111.99616484830
2111.99616484830
2111.99616484830
2111.99616484830
2111.99616484830
2111.99616484830
2111.99616484830
2111.99616484830
2111.99616484830
2110.87537750146
2110.87537750146
2110.87537750146
2110.87537750146
2110.87537750146
2110.87537750146
2110.87537750146
2110.87537750146
2110.87537750146
2110.87537750146
2110.87537750146
2110.87537750146
2106.48779925743
2106.48779925743
2106.48779925743
2106.48779925743
2106.48779925743
2106.48779925743
2106.48779925743
2106.48779925743
2106.48779925743
2106.48779925743
2106.48779925743
2106.48779925743
2106.48779925743
2106.48779925743
2106.48779925743
2106.48779925743
2106.48779925743
2106.48779925743
2106.48779925743
2106.48779925743
2106.48779925743
2106.48779925743
2106.48779925743
2106.48779925743
2106.48779925743
2106.48779925743
2106.48779925743
2106.48779925743
2106.48779925743
2106.48779925743
2106.48779925743
2106.48779925743
2106.48779925743
2106.48779925743
2106.48779925743
2106.48779925743
2106.48779925743
2106.48779925743
2106.48779925743
2106.48779925743
2106.48779925743
2106.48779925743
2106.48779925743
2106.48779925743
2106.48779925743
2106.48779925743
2106.48779925743
2106.48779925743
2106.48779925743
2106.48779925743
2106.48779925743
2106.48779925743
2106.48779925743
2106.48779925743
2106.48779925743
2106.48779925743
2106.48779925743
2106.48779925743
2106.48779925743
2106.48779925743
2106.48779925743
2106.48779925743
2106.48779925743
2106.48779925743
2106.48779925743
2106.48779925743
2106.48779925743
2106.48779925743
2106.48779925743
2106.48779925743
2106.48779925743
2106.48779925743
2106.48779925743
2106.48779925743
2106.48779925743
2106.48779925743
2106.48779925743
2106.48779925743
2106.48779925743
2106.48779925743
2106.48779925743
2106.48779925743
2106.48779925743
2106.48779925743
2106.48779925743
2106.48779925743
2106.48779925743
2106.48779925743
2106.48779925743
2106.48779925743
2106.48779925743
2106.48779925743
2106.48779925743
2106.48779925743
2106.48779925743
2106.48779925743
2106.48779925743
2106.48779925743
2106.48779925743
2106.48779925743
2106.48779925743
2106.48779925743
2106.48779925743
2106.48779925743
2106.48779925743
2106.48779925743
2106.48779925743
2106.48779925743
2106.48779925743
2106.48779925743
2106.48779925743
2106.48779925743
2106.48779925743
2106.48779925743
2106.48779925743
2106.48779925743
2106.48779925743
