最优解为:667.7559
最优解路径:

Best_route =

     0     0     0     0     0     0     0     0     0     0     0     0     0     0     0     0
     2    13     8    15     9     7    11    12     5    10    14     3     4     1     0     0
     6     0     0     0     0     0     0     0     0     0     0     0     0     0     0     0
     0     0     0     0     0     0     0     0     0     0     0     0     0     0     0     0

本次运算用时:8.498秒
算法在第29代时收敛

best
677.373081209253
677.373081209253
675.317451830858
675.317451830858
670.271190389786
670.271190389786
670.271190389786
670.271190389786
670.271190389786
670.271190389786
670.271190389786
670.271190389786
670.271190389786
670.271190389786
670.271190389786
670.271190389786
670.271190389786
670.271190389786
670.271190389786
670.271190389786
670.271190389786
668.584960238882
668.584960238882
668.584960238882
668.095738791761
668.095738791761
668.095738791761
668.095738791761
667.755883290012
667.755883290012
667.755883290012
667.755883290012
667.755883290012
667.755883290012
667.755883290012
667.755883290012
667.755883290012
667.755883290012
667.755883290012
667.755883290012
667.755883290012
667.755883290012
667.755883290012
667.755883290012
667.755883290012
667.755883290012
667.755883290012
667.755883290012
667.755883290012
667.755883290012
667.755883290012
667.755883290012
667.755883290012
667.755883290012
667.755883290012
667.755883290012
667.755883290012
667.755883290012
667.755883290012
667.755883290012
667.755883290012
667.755883290012
667.755883290012
667.755883290012
667.755883290012
667.755883290012
667.755883290012
667.755883290012
667.755883290012
667.755883290012
667.755883290012
667.755883290012
667.755883290012
667.755883290012
667.755883290012
667.755883290012
667.755883290012
667.755883290012
667.755883290012
667.755883290012
667.755883290012
667.755883290012
667.755883290012
667.755883290012
667.755883290012
667.755883290012
667.755883290012
667.755883290012
667.755883290012
667.755883290012
667.755883290012
667.755883290012
667.755883290012
667.755883290012
667.755883290012
667.755883290012
667.755883290012
667.755883290012
667.755883290012
667.755883290012
667.755883290012
667.755883290012
667.755883290012
667.755883290012
667.755883290012
667.755883290012
667.755883290012
667.755883290012
667.755883290012
667.755883290012
667.755883290012
667.755883290012
667.755883290012
667.755883290012
667.755883290012
667.755883290012
667.755883290012
667.755883290012
667.755883290012
667.755883290012
667.755883290012
667.755883290012
667.755883290012
667.755883290012
667.755883290012
667.755883290012
667.755883290012
667.755883290012
667.755883290012
667.755883290012
667.755883290012
667.755883290012
667.755883290012
667.755883290012
667.755883290012
667.755883290012
667.755883290012
667.755883290012
667.755883290012
667.755883290012
667.755883290012
667.755883290012
667.755883290012
667.755883290012
667.755883290012
667.755883290012
667.755883290012
667.755883290012
667.755883290012
667.755883290012
667.755883290012
667.755883290012
667.755883290012
667.755883290012
667.755883290012
667.755883290012
667.755883290012
667.755883290012
667.755883290012
667.755883290012
667.755883290012
667.755883290012
667.755883290012
667.755883290012
667.755883290012
667.755883290012
667.755883290012
667.755883290012
667.755883290012
667.755883290012
667.755883290012
667.755883290012
667.755883290012
667.755883290012
667.755883290012
667.755883290012
667.755883290012
667.755883290012
667.755883290012
667.755883290012
667.755883290012
667.755883290012
667.755883290012
667.755883290012
667.755883290012
667.755883290012
667.755883290012
667.755883290012
667.755883290012
667.755883290012
667.755883290012
667.755883290012
667.755883290012
667.755883290012
667.755883290012
667.755883290012
667.755883290012
667.755883290012
667.755883290012
667.755883290012

ave
697.787562161124
744.456098064777
740.218095720091
734.756000460712
686.405614655125
704.290499747464
705.170342906584
690.348027637344
737.039708834833
688.753601573583
717.645639030849
701.897162539994
730.384680269124
731.143340877827
686.545716751740
702.420600252280
712.737161342450
699.980818113094
712.614895408034
700.615036860218
710.370054060020
714.325323573994
696.667184132718
712.322548575031
705.911060388798
749.433979309298
737.102237768198
736.543980216561
691.616563711098
722.667985456029
689.906506304278
736.180615771745
706.119064620350
691.575354159482
721.928774426685
721.621150806477
722.788003703735
691.430060745947
736.263194757584
719.391138543143
703.092180106901
735.003407952433
689.472467262139
674.275541148822
703.713673248851
689.731304274309
703.438562247567
674.517878954297
703.264402698123
689.741531609183
675.113651274849
673.353678619226
689.687952303951
674.031280493580
671.034416033578
701.331896590840
715.838717939392
714.036292059680
670.900721995785
699.599581103211
700.165765795287
670.844052515090
684.474147326831
669.818556805928
669.608602441694
671.347681583116
684.016209216913
712.903004021476
669.637095828774
684.816568693071
685.640907700377
670.840114318907
669.193509401103
668.196550015643
668.348051863815
669.371005924355
668.790019554990
682.927800932159
668.578946970454
668.675788235176
669.645029850619
668.460331631111
669.867893979212
671.050443289210
669.969982477645
668.783073275535
683.810865784004
668.095738791761
669.975510374114
683.050648979070
683.326577817658
668.095738791761
669.959932280318
668.095738791761
668.297361239526
683.514055448232
684.333919707068
668.095738791761
668.703148041109
668.579340234260
683.298004353770
668.095738791761
683.544512205228
669.463276439113
668.095738791761
668.301718763618
683.801470131653
668.783570570176
669.007180909911
668.095738791761
669.524236225443
668.907815849592
683.197193129887
683.570968812867
668.396766751334
669.644659614625
669.564431340072
670.242514154661
668.656832108740
683.157629939736
669.206754577860
668.297988734759
684.224544001704
669.163172439619
668.851162930449
669.275177957953
668.981337988757
669.170790057139
668.493747297170
669.216060221331
668.855398601975
668.654200252201
668.351353076374
668.556020884858
669.657506154652
668.780392143707
668.556020884858
668.556020884858
669.227979129284
668.856450195199
684.833706726624
669.929160010011
697.871189258430
669.280455647336
668.493122865135
670.503529825546
668.095738791761
683.412024125592
670.113548680051
682.896059909392
669.520694535428
670.198881290160
668.773337986910
668.297988734759
684.291422340890
684.520372951971
668.351353076374
669.147735779941
668.966654486692
669.144649645373
668.095738791761
685.992792260346
670.547680587074
670.844593172722
669.058072642963
669.930465198514
698.810499456359
669.614820148071
698.696031541387
668.812069128137
668.667551054261
684.685512577845
669.403379290309
669.414911655638
683.767349048166
669.428822207238
684.311736894866
685.467095664979
684.316778532757
684.713041935875
669.422854796767
683.614041540198
668.670986827297
669.393356157576
668.095738791761
669.293196869365
668.859128630834
669.259999542237
683.645142306960
683.314176588289
669.906966663735
668.453282921687
713.329873330886
670.636671929172
668.188605734028
668.893611345286
669.976004972617
685.123440374362
668.095738791761
668.452164300256