最优解为:617.3437
最优解路径:

Best_route =

    13     8     3    14     7     9     1     4    10    15     0     0     0     0     0     0
     0     0     0     0     0     0     0     0     0     0     0     0     0     0     0     0
     5     2    12    11     6     0     0     0     0     0     0     0     0     0     0     0
     0     0     0     0     0     0     0     0     0     0     0     0     0     0     0     0

本次运算用时:9.205秒
算法在第23代时收敛

best
624.340099356124
624.340099356124
623.509882839499
623.509882839499
622.164647758100
622.164647758100
622.164647758100
620.650549859324
620.650549859324
620.650549859324
620.455740722243
620.115885220493
620.115885220493
620.115885220493
620.115885220493
620.115885220493
620.115885220493
620.115885220493
620.115885220493
620.115885220493
620.115885220493
620.115885220493
617.343715792433
617.343715792433
617.343715792433
617.343715792433
617.343715792433
617.343715792433
617.343715792433
617.343715792433
617.343715792433
617.343715792433
617.343715792433
617.343715792433
617.343715792433
617.343715792433
617.343715792433
617.343715792433
617.343715792433
617.343715792433
617.343715792433
617.343715792433
617.343715792433
617.343715792433
617.343715792433
617.343715792433
617.343715792433
617.343715792433
617.343715792433
617.343715792433
617.343715792433
617.343715792433
617.343715792433
617.343715792433
617.343715792433
617.343715792433
617.343715792433
617.343715792433
617.343715792433
617.343715792433
617.343715792433
617.343715792433
617.343715792433
617.343715792433
617.343715792433
617.343715792433
617.343715792433
617.343715792433
617.343715792433
617.343715792433
617.343715792433
617.343715792433
617.343715792433
617.343715792433
617.343715792433
617.343715792433
617.343715792433
617.343715792433
617.343715792433
617.343715792433
617.343715792433
617.343715792433
617.343715792433
617.343715792433
617.343715792433
617.343715792433
617.343715792433
617.343715792433
617.343715792433
617.343715792433
617.343715792433
617.343715792433
617.343715792433
617.343715792433
617.343715792433
617.343715792433
617.343715792433
617.343715792433
617.343715792433
617.343715792433
617.343715792433
617.343715792433
617.343715792433
617.343715792433
617.343715792433
617.343715792433
617.343715792433
617.343715792433
617.343715792433
617.343715792433
617.343715792433
617.343715792433
617.343715792433
617.343715792433
617.343715792433
617.343715792433
617.343715792433
617.343715792433
617.343715792433
617.343715792433
617.343715792433
617.343715792433
617.343715792433
617.343715792433
617.343715792433
617.343715792433
617.343715792433
617.343715792433
617.343715792433
617.343715792433
617.343715792433
617.343715792433
617.343715792433
617.343715792433
617.343715792433
617.343715792433
617.343715792433
617.343715792433
617.343715792433
617.343715792433
617.343715792433
617.343715792433
617.343715792433
617.343715792433
617.343715792433
617.343715792433
617.343715792433
617.343715792433
617.343715792433
617.343715792433
617.343715792433
617.343715792433
617.343715792433
617.343715792433
617.343715792433
617.343715792433
617.343715792433
617.343715792433
617.343715792433
617.343715792433
617.343715792433
617.343715792433
617.343715792433
617.343715792433
617.343715792433
617.343715792433
617.343715792433
617.343715792433
617.343715792433
617.343715792433
617.343715792433
617.343715792433
617.343715792433
617.343715792433
617.343715792433
617.343715792433
617.343715792433
617.343715792433
617.343715792433
617.343715792433
617.343715792433
617.343715792433
617.343715792433
617.343715792433
617.343715792433
617.343715792433
617.343715792433
617.343715792433
617.343715792433
617.343715792433
617.343715792433
617.343715792433
617.343715792433
617.343715792433
617.343715792433
617.343715792433
617.343715792433
617.343715792433
617.343715792433
617.343715792433

ave
653.234752859171
701.953299725529
682.506757124450
651.733983256736
637.586668047088
684.621872318987
714.059066135950
652.635667839701
666.285576865357
651.689236285070
651.844956968412
634.058347718704
662.317318047760
646.320266941697
646.618222059832
628.837553206766
689.364627425135
629.483284972611
630.636167852198
642.093983784865
646.195483005699
628.375495317552
643.272424930608
659.017579264967
655.891267871040
660.293003652743
637.771807723567
667.710680769131
639.037944739155
653.091911357443
624.670209643759
642.447669708473
623.269882666585
637.708884969177
638.333629204994
652.767454973929
622.434537275980
636.795209524668
622.963582044087
637.339347165590
668.567138167469
653.548133211886
652.023856829711
636.763211308904
652.702553129885
621.728956378209
651.070356272891
621.971866212333
636.503148026575
619.229549337583
620.249836029227
665.546704756273
618.529983410530
633.827773219619
636.077204271815
634.505720531177
619.486636265201
634.051432192955
635.826857309969
620.398075183170
634.637310563492
619.326494984621
619.586799258917
621.616276639830
619.261406057013
633.892177675646
618.219626871240
633.638401490196
619.314851833134
619.061052330795
633.988512017633
667.084894202410
619.119409221772
619.779705904347
632.878821717924
618.460350423566
617.933374837348
619.083586571775
633.035721651241
632.972530691322
633.511396185306
619.446406422928
634.432932838968
620.169923309387
618.031345040238
633.986674537226
649.755992692580
618.993601008514
634.051256064021
617.667043682591
617.343715792433
618.705449887420
617.343715792433
618.723492529986
619.458776120506
619.184700667026
617.901771659922
633.376338011333
617.999319018100
632.183217985252
618.478006554283
633.462937073035
634.066451247380
618.949717759637
618.564080198685
619.055493896994
618.744008939645
617.343715792433
617.509057495777
618.930447026012
618.096459293997
618.511629191290
618.552775087596
634.036384540628
634.304485844483
619.127741458969
634.060369958515
633.761263679932
619.791519341308
617.987272149238
617.703745691322
617.532706669946
618.176263026751
618.698985987564
618.151599292401
619.853380472286
617.343715792433
619.473498868130
618.200455093794
619.169215593232
617.343715792433
617.343715792433
634.172067496991
618.616264329725
617.904524378570
618.363241554652
619.892832962917
618.054785695474
633.737212928990
617.738686641803
618.792701349646
618.583284205667
617.899184448984
617.644986437243
619.043474501667
618.972111480954
618.105164420841
618.454388019033
619.029752021628
617.817689828336
633.775622448806
617.482324263836
650.989369280389
618.475566404496
620.728797166643
617.703745691322
634.141183556400
633.072413430707
619.380917207961
632.875535274815
618.126966550130
619.471266048581
632.348559688596
619.675728353578
636.092924425744
633.196462519316
619.452946261325
617.343715792433
617.532706669946
619.142569867831
617.710193571471
619.733825774969
618.003060468195
648.234687359870
619.378204736638
618.285450171510
619.015060114900
619.103906780371
632.443850361549
633.185993200413
619.447098496905
618.054785695474
633.188309895614
617.703745691322
617.854237474613
618.606933379836
617.865794817961
619.239383464758
633.371136726725
619.130888839247
617.721697547459
632.990482547459
617.532706669946
617.343715792433
617.987272149238
617.910755816620
618.223305984314
617.901771659922
633.145802689353
618.240455600798