最优解为:310.4985
最优解路径:

Best_route =

     0     0     0     0     0     0
     4     2     1     3     5     0

本次运算用时:1.343秒
算法在第1代时收敛

best
310.498490713033
310.498490713033
310.498490713033
310.498490713033
310.498490713033
310.498490713033
310.498490713033
310.498490713033
310.498490713033
310.498490713033
310.498490713033
310.498490713033
310.498490713033
310.498490713033
310.498490713033
310.498490713033
310.498490713033
310.498490713033
310.498490713033
310.498490713033
310.498490713033
310.498490713033
310.498490713033
310.498490713033
310.498490713033
310.498490713033
310.498490713033
310.498490713033
310.498490713033
310.498490713033
310.498490713033
310.498490713033
310.498490713033
310.498490713033
310.498490713033
310.498490713033
310.498490713033
310.498490713033
310.498490713033
310.498490713033
310.498490713033
310.498490713033
310.498490713033
310.498490713033
310.498490713033
310.498490713033
310.498490713033
310.498490713033
310.498490713033
310.498490713033
310.498490713033
310.498490713033
310.498490713033
310.498490713033
310.498490713033
310.498490713033
310.498490713033
310.498490713033
310.498490713033
310.498490713033
310.498490713033
310.498490713033
310.498490713033
310.498490713033
310.498490713033
310.498490713033
310.498490713033
310.498490713033
310.498490713033
310.498490713033
310.498490713033
310.498490713033
310.498490713033
310.498490713033
310.498490713033
310.498490713033
310.498490713033
310.498490713033
310.498490713033
310.498490713033
310.498490713033
310.498490713033
310.498490713033
310.498490713033
310.498490713033
310.498490713033
310.498490713033
310.498490713033
310.498490713033
310.498490713033
310.498490713033
310.498490713033
310.498490713033
310.498490713033
310.498490713033
310.498490713033
310.498490713033
310.498490713033
310.498490713033
310.498490713033

ave313.788683104292
328.231431441444
313.652133697642
313.949299292509
313.906157991368
341.868770812290
328.492627932377
312.750107122666
313.929710527264
313.082210960901
328.106976160785
312.980075173378
313.404491114015
327.089058307886
312.707393389176
312.540434328129
312.833240416981
328.565778018724
312.496010738929
313.117284852925
327.511526166560
327.014002749785
313.012711022115
312.303126802339
312.449725487070
310.954765638023
311.178228150797
311.557652442365
326.193840406809
311.015422943623
311.383552552593
326.133183101209
325.853209780679
311.526061426987
310.726628175528
370.330343687609
326.029094032872
310.854994143100
310.880019890907
310.981575748251
310.498490713034
325.600046570377
311.027049122527
310.498490713034
310.600046570377
310.925493265183
310.498490713034
310.498490713034
310.498490713034
310.600046570377
310.498490713034
310.498490713034
310.498490713034
310.600046570377
310.498490713034
310.600046570377
310.498490713034
310.651882428413
310.498490713034
310.498490713034
310.498490713034
310.498490713034
310.498490713034
310.498490713034
310.498490713034
310.498490713034
310.498490713034
310.498490713034
310.625072318185
310.498490713034
310.498490713034
310.498490713034
310.498490713034
310.498490713034
310.600046570377
310.498490713034
310.498490713034
310.498490713034
310.498490713034
310.498490713034
310.498490713034
310.498490713034
310.498490713034
310.498490713034
310.498490713034
310.498490713034
310.498490713034
310.498490713034
310.498490713034
311.252984870334
310.498490713034
310.498490713034
310.498490713034
325.297580713034
310.651882428413
310.600046570377
310.498490713034
310.625072318185
310.498490713034
310.498490713034