实验环境：
VeiNum = 3
Q_ant = 150
AntNum = 20 
iter_max = 200

抽取的客户节点编号为

Cus_select =

    60    26    89    36    54    24    17    76    81    31    74    42    12    34    40

各任务对应的的客户节点编号为

Task_Cus =

    60    26    89    36    54    24    17    76    81    31    74    42    12    34    40

cus：
35	35
35	35
35	35
17	34
45	30
26	35
2	60
57	29
65	35
5	30
49	42
55	54
31	52
46	13
24	12
50	35
65	55
40	25


task：
3	4	3	0	1
4	2	4	1	0
3	5	3	0	1
5	2	4	3	0
3	6	3	0	1
6	2	4	5	0
2	7	1	0	1
7	3	2	7	0
2	8	1	0	1
8	3	2	9	0
3	9	3	0	1
9	2	4	11	0
2	10	1	0	1
10	3	2	13	0
2	11	1	0	1
11	3	2	15	0
2	12	1	0	1
12	3	2	17	0
3	13	3	0	1
13	2	4	19	0
2	14	1	0	1
14	3	2	21	0
3	15	3	0	1
15	2	4	23	0
3	16	3	0	1
16	2	4	25	0
2	17	1	0	1
17	3	2	27	0
3	18	3	0	1
18	2	4	29	0


linktime
0	0.950693909432999	0.450693909432999	0.779508497187474	0.279508497187474	0.725000000000000	0.225000000000000	0	1.03501207722422	0	0.570087712549569	1.25000000000000	0.750000000000000	0	0.760345316287278	0	0.391311896062463	0	0.689655711206686	0.936606229914325	0.436606229914325	0	0.614918693812442	1.13737743919910	0.637377439199098	0.875000000000000	0.375000000000000	0	0.901387818865997	0.779508497187474	0.279508497187474
0.450693909432999	1.56805448553266	0	1.39686907328714	0.707106781186548	1.34236057609967	0.226384628453435	0.617360576099665	0.750416550990182	0.617360576099665	1.00778221853732	1.86736057609967	1.20026038841578	0.617360576099665	0.316227766016838	0.617360576099665	0.824621125123532	0.617360576099665	1.07354552767919	1.55396680601399	0.570087712549569	0.617360576099665	0.895125689498408	1.75473801529876	0.577169819030760	1.49236057609967	0.825378700960959	0.617360576099665	1.30981868974297	1.39686907328714	0.617454451761423
0	0.950693909432999	0.617360576099665	0.779508497187474	0.446175163854140	0.725000000000000	0.391666666666667	0	1.20167874389089	0	0.736754379216236	1.25000000000000	0.916666666666667	0	0.927011982953944	0	0.557978562729130	0	0.856322377873353	0.936606229914325	0.603272896580991	0	0.781585360479109	1.13737743919910	0.804044105865765	0.875000000000000	0.541666666666667	0	1.06805448553266	0.779508497187474	0.446175163854140
0.279508497187474	1.39686907328714	0.707106781186548	1.22568366104161	0	1.17117516385414	0.491172067609713	0.446175163854140	1.31077267289183	0.446175163854140	0.301039864469807	1.69617516385414	0.515388203202208	0.446175163854140	1	0.446175163854140	0.316227766016838	0.446175163854140	0.650000000000000	1.38278139376847	0.651920240520265	0.446175163854140	0.425734659148160	1.58355260305324	0.691465834296967	1.32117516385414	0.176776695296637	0.446175163854140	0.800390529679106	1.22568366104161	0.176776695296637
0	0.950693909432999	0.617360576099665	0.779508497187474	0.446175163854140	0.725000000000000	0.391666666666667	0	1.20167874389089	0	0.736754379216236	1.25000000000000	0.916666666666667	0	0.927011982953944	0	0.557978562729130	0	0.856322377873353	0.936606229914325	0.603272896580991	0	0.781585360479109	1.13737743919910	0.804044105865765	0.875000000000000	0.541666666666667	0	1.06805448553266	0.779508497187474	0.446175163854140
0.225000000000000	1.34236057609967	0.226384628453435	1.17117516385414	0.491172067609713	1.11666666666667	0	0.391666666666667	0.866386172558173	0.391666666666667	0.789382670192347	1.64166666666667	0.975000000000000	0.391666666666667	0.539675828623073	0.391666666666667	0.601040764008565	0.391666666666667	0.866746791167986	1.32827289658099	0.443001128666734	0.391666666666667	0.743303437365925	1.52904410586577	0.577169819030760	1.26666666666667	0.600000000000000	0.391666666666667	1.09573035004056	1.17117516385414	0.430116263352131
0	0.950693909432999	0.617360576099665	0.779508497187474	0.446175163854140	0.725000000000000	0.391666666666667	0	1.20167874389089	0	0.736754379216236	1.25000000000000	0.916666666666667	0	0.927011982953944	0	0.557978562729130	0	0.856322377873353	0.936606229914325	0.603272896580991	0	0.781585360479109	1.13737743919910	0.804044105865765	0.875000000000000	0.541666666666667	0	1.06805448553266	0.779508497187474	0.446175163854140
1.03501207722422	2.15237265332389	0.750416550990182	1.98118724107836	1.31077267289183	1.92667874389089	0.866386172558173	1.20167874389089	0	1.20167874389089	63.1347764706584	2.45167874389089	1.69447632028305	1.20167874389089	30.1496268633627	1.20167874389089	50.3289181286465	1.20167874389089	53.3385414123784	2.13828497380521	0.752080447824566	1.20167874389089	64.3816744112795	2.33905618308999	1.32003787824441	2.07667874389089	1.35300591277348	1.20167874389089	63.1981012372998	1.98118724107836	1.29155913530895
1.53501207722422	0.750416550990182	2.15237265332389	1.31077267289183	1.98118724107836	0.866386172558173	1.92667874389089	1.53501207722422	2.73669082111511	1.53501207722422	2.27176645644046	1.69447632028305	2.45167874389089	1.53501207722422	2.46202406017817	1.53501207722422	2.09299063995335	1.53501207722422	2.39133445509758	0.752080447824566	2.13828497380521	1.53501207722422	2.31659743770333	1.32003787824441	2.33905618308999	1.35300591277348	2.07667874389089	1.53501207722422	2.60306656275689	1.29155913530895	1.98118724107836
0.570087712549569	1.68744828864923	1.00778221853732	1.51626287640371	0.301039864469807	1.46175437921624	0.789382670192347	0.736754379216236	63.1347764706584	0.736754379216236	0	1.98675437921624	0.250000000000000	0.736754379216236	52.0096144957834	0.736754379216236	15.2643375224737	0.736754379216236	25.0798724079689	1.67336060913056	0.867827747885489	0.736754379216236	19.4164878389476	1.87413181841533	0.928035559663529	1.61175437921624	0.230488611432322	0.736754379216236	27.2029410174709	1.51626287640371	0.436606229914325
1.07008771254957	1.00778221853732	1.68744828864923	0.301039864469807	1.51626287640371	0.789382670192347	1.46175437921624	1.07008771254957	2.27176645644046	1.07008771254957	1.80684209176580	0.250000000000000	1.98675437921624	1.07008771254957	1.99709969550351	1.07008771254957	1.62806627527870	1.07008771254957	1.92641009042292	0.867827747885489	1.67336060913056	1.07008771254957	1.85167307302868	0.928035559663529	1.87413181841533	0.230488611432322	1.61175437921624	1.07008771254957	2.13814219808223	0.436606229914325	1.51626287640371
0.750000000000000	1.86736057609967	1.20026038841578	1.69617516385414	0.515388203202208	1.64166666666667	0.975000000000000	0.916666666666667	1.69447632028305	0.916666666666667	0.250000000000000	2.16666666666667	0	0.916666666666667	1.50519932234904	0.916666666666667	0.436606229914325	0.916666666666667	0.536772763839597	1.85327289658099	0.950328890437411	0.916666666666667	0.726722092687432	2.05404410586577	1.17526592735432	1.79166666666667	0.375000000000000	0.916666666666667	0.500000000000000	1.69617516385414	0.673145600891813
0	0.950693909432999	0.617360576099665	0.779508497187474	0.446175163854140	0.725000000000000	0.391666666666667	0	1.20167874389089	0	0.736754379216236	1.25000000000000	0.916666666666667	0	0.927011982953944	0	0.557978562729130	0	0.856322377873353	0.936606229914325	0.603272896580991	0	0.781585360479109	1.13737743919910	0.804044105865765	0.875000000000000	0.541666666666667	0	1.06805448553266	0.779508497187474	0.446175163854140
0.760345316287278	1.87770589238694	0.316227766016838	1.70652048014142	1	1.65201198295394	0.539675828623073	0.927011982953944	30.1496268633627	0.927011982953944	52.0096144957834	2.17701198295394	1.50519932234904	0.927011982953944	0	0.927011982953944	45.6070170039655	0.927011982953944	55.4616984954482	1.86361821286827	0.851469318296320	0.927011982953944	44.3846820423443	2.06438942215304	0.654312616415120	1.80201198295394	1.13192314226718	0.927011982953944	65	1.70652048014142	0.883883476483184
1.26034531628728	0.316227766016838	1.87770589238694	1	1.70652048014142	0.539675828623073	1.65201198295394	1.26034531628728	2.46202406017817	1.26034531628728	1.99709969550351	1.50519932234904	2.17701198295394	1.26034531628728	2.18735729924122	1.26034531628728	1.81832387901641	1.26034531628728	2.11666769416063	0.851469318296320	1.86361821286827	1.26034531628728	2.04193067676639	0.654312616415120	2.06438942215304	1.13192314226718	1.80201198295394	1.26034531628728	2.32839980181994	0.883883476483184	1.70652048014142
0.391311896062463	1.50867247216213	0.824621125123532	1.33748705991660	0.316227766016838	1.28297856272913	0.601040764008565	0.557978562729130	50.3289181286465	0.557978562729130	15.2643375224737	1.80797856272913	0.436606229914325	0.557978562729130	45.6070170039655	0.557978562729130	0	0.557978562729130	13.4164078649987	1.49458479264345	0.514781507049350	0.557978562729130	29.1547594742265	1.69535600192823	0.976281209488332	1.43297856272913	0.176776695296637	0.557978562729130	20.6155281280883	1.33748705991660	0.480884601541784
0.891311896062463	0.824621125123532	1.50867247216213	0.316227766016838	1.33748705991660	0.601040764008565	1.28297856272913	0.891311896062463	2.09299063995335	0.891311896062463	1.62806627527870	0.436606229914325	1.80797856272913	0.891311896062463	1.81832387901641	0.891311896062463	1.44929045879159	0.891311896062463	1.74763427393582	0.514781507049350	1.49458479264345	0.891311896062463	1.67289725654157	0.976281209488332	1.69535600192823	0.176776695296637	1.43297856272913	0.891311896062463	1.95936638159513	0.480884601541784	1.33748705991660
0.689655711206686	1.80701628730635	1.07354552767919	1.63583087506083	0.650000000000000	1.58132237787335	0.866746791167986	0.856322377873353	53.3385414123784	0.856322377873353	25.0798724079689	2.10632237787335	0.536772763839597	0.856322377873353	55.4616984954482	0.856322377873353	13.4164078649987	0.856322377873353	0	1.79292860778768	0.602079728939615	0.856322377873353	41.9761837236307	1.99369981707245	1.30503831361382	1.73132237787335	0.491172067609713	0.856322377873353	10.0498756211209	1.63583087506083	0.816241385865726
1.18965571120669	1.07354552767919	1.80701628730635	0.650000000000000	1.63583087506083	0.866746791167986	1.58132237787335	1.18965571120669	2.39133445509758	1.18965571120669	1.92641009042292	0.536772763839597	2.10632237787335	1.18965571120669	2.11666769416063	1.18965571120669	1.74763427393582	1.18965571120669	2.04597808908004	0.602079728939615	1.79292860778768	1.18965571120669	1.97124107168580	1.30503831361382	1.99369981707245	0.491172067609713	1.73132237787335	1.18965571120669	2.25771019673935	0.816241385865726	1.63583087506083
0.436606229914325	1.55396680601399	0.570087712549569	1.38278139376847	0.651920240520265	1.32827289658099	0.443001128666734	0.603272896580991	0.752080447824566	0.603272896580991	0.867827747885489	1.85327289658099	0.950328890437411	0.603272896580991	0.851469318296320	0.603272896580991	0.514781507049350	0.603272896580991	0.602079728939615	1.53987912649532	0	0.603272896580991	1.04462912078881	1.74065033578009	1.01519702521235	1.47827289658099	0.637377439199098	0.603272896580991	0.853302408293801	1.38278139376847	0.711512473537885
0	0.950693909432999	0.617360576099665	0.779508497187474	0.446175163854140	0.725000000000000	0.391666666666667	0	1.20167874389089	0	0.736754379216236	1.25000000000000	0.916666666666667	0	0.927011982953944	0	0.557978562729130	0	0.856322377873353	0.936606229914325	0.603272896580991	0	0.781585360479109	1.13737743919910	0.804044105865765	0.875000000000000	0.541666666666667	0	1.06805448553266	0.779508497187474	0.446175163854140
0.614918693812442	1.73227926991211	0.895125689498408	1.56109385766658	0.425734659148160	1.50658536047911	0.743303437365925	0.781585360479109	64.3816744112795	0.781585360479109	19.4164878389476	2.03158536047911	0.726722092687432	0.781585360479109	44.3846820423443	0.781585360479109	29.1547594742265	0.781585360479109	41.9761837236307	1.71819159039343	1.04462912078881	0.781585360479109	0	1.91896279967821	0.550567888638631	1.65658536047911	0.559016994374948	0.781585360479109	46.0977222864644	1.56109385766658	0.335410196624969
1.11491869381244	0.895125689498408	1.73227926991211	0.425734659148160	1.56109385766658	0.743303437365925	1.50658536047911	1.11491869381244	2.31659743770333	1.11491869381244	1.85167307302868	0.726722092687432	2.03158536047911	1.11491869381244	2.04193067676639	1.11491869381244	1.67289725654157	1.11491869381244	1.97124107168580	1.04462912078881	1.71819159039343	1.11491869381244	1.89650405429155	0.550567888638631	1.91896279967821	0.559016994374948	1.65658536047911	1.11491869381244	2.18297317934511	0.335410196624969	1.56109385766658
0.637377439199098	1.75473801529876	0.577169819030760	1.58355260305324	0.691465834296967	1.52904410586577	0.577169819030760	0.804044105865765	1.32003787824441	0.804044105865765	0.928035559663529	2.05404410586577	1.17526592735432	0.804044105865765	0.654312616415120	0.804044105865765	0.976281209488332	0.804044105865765	1.30503831361382	1.74065033578009	1.01519702521235	0.804044105865765	0.550567888638631	1.94142154506486	0	1.67904410586576	0.867827747885489	0.804044105865765	1.48534507775129	1.58355260305324	0.515388203202208
0	0.950693909432999	0.617360576099665	0.779508497187474	0.446175163854140	0.725000000000000	0.391666666666667	0	1.20167874389089	0	0.736754379216236	1.25000000000000	0.916666666666667	0	0.927011982953944	0	0.557978562729130	0	0.856322377873353	0.936606229914325	0.603272896580991	0	0.781585360479109	1.13737743919910	0.804044105865765	0.875000000000000	0.541666666666667	0	1.06805448553266	0.779508497187474	0.446175163854140
0.375000000000000	1.49236057609967	0.825378700960959	1.32117516385414	0.176776695296637	1.26666666666667	0.600000000000000	0.541666666666667	1.35300591277348	0.541666666666667	0.230488611432322	1.79166666666667	0.375000000000000	0.541666666666667	1.13192314226718	0.541666666666667	0.176776695296637	0.541666666666667	0.491172067609713	1.47827289658099	0.637377439199098	0.541666666666667	0.559016994374948	1.67904410586576	0.867827747885489	1.41666666666667	0	0.541666666666667	0.625000000000000	1.32117516385414	0.353553390593274
0	0.950693909432999	0.617360576099665	0.779508497187474	0.446175163854140	0.725000000000000	0.391666666666667	0	1.20167874389089	0	0.736754379216236	1.25000000000000	0.916666666666667	0	0.927011982953944	0	0.557978562729130	0	0.856322377873353	0.936606229914325	0.603272896580991	0	0.781585360479109	1.13737743919910	0.804044105865765	0.875000000000000	0.541666666666667	0	1.06805448553266	0.779508497187474	0.446175163854140
0.901387818865997	2.01874839496566	1.30981868974297	1.84756298272014	0.800390529679106	1.79305448553266	1.09573035004056	1.06805448553266	63.1981012372998	1.06805448553266	27.2029410174709	2.31805448553266	0.500000000000000	1.06805448553266	65	1.06805448553266	20.6155281280883	1.06805448553266	10.0498756211209	2.00466071544699	0.853302408293801	1.06805448553266	46.0977222864644	2.20543192473176	1.48534507775129	1.94305448553266	0.625000000000000	1.06805448553266	0	1.84756298272014	0.976281209488332
1.40138781886600	1.30981868974297	2.01874839496566	0.800390529679106	1.84756298272014	1.09573035004056	1.79305448553266	1.40138781886600	2.60306656275689	1.40138781886600	2.13814219808223	0.500000000000000	2.31805448553266	1.40138781886600	2.32839980181994	1.40138781886600	1.95936638159513	1.40138781886600	2.25771019673935	0.853302408293801	2.00466071544699	1.40138781886600	2.18297317934511	1.48534507775129	2.20543192473176	0.625000000000000	1.94305448553266	1.40138781886600	2.46944230439866	0.976281209488332	1.84756298272014
0.279508497187474	1.39686907328714	0.617454451761423	1.22568366104161	0.176776695296637	1.17117516385414	0.430116263352131	0.446175163854140	1.29155913530895	0.446175163854140	0.436606229914325	1.69617516385414	0.673145600891813	0.446175163854140	0.883883476483184	0.446175163854140	0.480884601541784	0.446175163854140	0.816241385865726	1.38278139376847	0.711512473537885	0.446175163854140	0.335410196624969	1.58355260305324	0.515388203202208	1.32117516385414	0.353553390593274	0.446175163854140	0.976281209488332	1.22568366104161	0
0	0.950693909432999	0.617360576099665	0.779508497187474	0.446175163854140	0.725000000000000	0.391666666666667	0	1.20167874389089	0	0.736754379216236	1.25000000000000	0.916666666666667	0	0.927011982953944	0	0.557978562729130	0	0.856322377873353	0.936606229914325	0.603272896580991	0	0.781585360479109	1.13737743919910	0.804044105865765	0.875000000000000	0.541666666666667	0	1.06805448553266	0.779508497187474	0.446175163854140


tasktime
0
0.166666666666667
1.11736057609967
0.166666666666667
0.946175163854140
0.166666666666667
0.891666666666667
1.70167874389089
0.166666666666667
1.23675437921624
0.166666666666667
0.166666666666667
1.41666666666667
1.42701198295394
0.166666666666667
1.05797856272913
0.166666666666667
1.35632237787335
0.166666666666667
0.166666666666667
1.10327289658099
1.28158536047911
0.166666666666667
0.166666666666667
1.30404410586576
0.166666666666667
1.04166666666667
1.56805448553266
0.166666666666667
0.166666666666667
0.946175163854140
1
4	2	4	0	0
5	2	4	0	0
6	2	4	0	0
2	7	1	0	1
2	8	1	0	1
9	2	4	0	0
2	10	1	0	1
2	11	1	0	1
2	12	1	0	1
13	2	4	0	0
2	14	1	0	1
15	2	4	0	0
16	2	4	0	0
2	17	1	0	1
18	2	4	0	0


2
3	4	3	0	1
3	5	3	0	1
3	6	3	0	1
7	3	2	0	0
8	3	2	0	0
3	9	3	0	1
10	3	2	0	0
11	3	2	0	0
12	3	2	0	0
3	13	3	0	1
14	3	2	0	0
3	15	3	0	1
3	16	3	0	1
17	3	2	0	0
3	18	3	0	1



linktime1
0	0.450693909432999	0.279508497187474	0.225000000000000	0	0	0.750000000000000	0	0	0	0.436606229914325	0	0.637377439199098	0.375000000000000	0	0.279508497187474
0	0.617360576099665	0.446175163854140	0.391666666666667	0	0	0.916666666666667	0	0	0	0.603272896580991	0	0.804044105865765	0.541666666666667	0	0.446175163854140
0	0.617360576099665	0.446175163854140	0.391666666666667	0	0	0.916666666666667	0	0	0	0.603272896580991	0	0.804044105865765	0.541666666666667	0	0.446175163854140
0	0.617360576099665	0.446175163854140	0.391666666666667	0	0	0.916666666666667	0	0	0	0.603272896580991	0	0.804044105865765	0.541666666666667	0	0.446175163854140
1.03501207722422	0.750416550990182	1.31077267289183	0.866386172558173	1.20167874389089	1.20167874389089	1.69447632028305	1.20167874389089	1.20167874389089	1.20167874389089	0.752080447824566	1.20167874389089	1.32003787824441	1.35300591277348	1.20167874389089	1.29155913530895
0.570087712549569	1.00778221853732	0.301039864469807	0.789382670192347	0.736754379216236	0.736754379216236	0.250000000000000	0.736754379216236	0.736754379216236	0.736754379216236	0.867827747885489	0.736754379216236	0.928035559663529	0.230488611432322	0.736754379216236	0.436606229914325
0	0.617360576099665	0.446175163854140	0.391666666666667	0	0	0.916666666666667	0	0	0	0.603272896580991	0	0.804044105865765	0.541666666666667	0	0.446175163854140
0.760345316287278	0.316227766016838	1	0.539675828623073	0.927011982953944	0.927011982953944	1.50519932234904	0.927011982953944	0.927011982953944	0.927011982953944	0.851469318296320	0.927011982953944	0.654312616415120	1.13192314226718	0.927011982953944	0.883883476483184
0.391311896062463	0.824621125123532	0.316227766016838	0.601040764008565	0.557978562729130	0.557978562729130	0.436606229914325	0.557978562729130	0.557978562729130	0.557978562729130	0.514781507049350	0.557978562729130	0.976281209488332	0.176776695296637	0.557978562729130	0.480884601541784
0.689655711206686	1.07354552767919	0.650000000000000	0.866746791167986	0.856322377873353	0.856322377873353	0.536772763839597	0.856322377873353	0.856322377873353	0.856322377873353	0.602079728939615	0.856322377873353	1.30503831361382	0.491172067609713	0.856322377873353	0.816241385865726
0	0.617360576099665	0.446175163854140	0.391666666666667	0	0	0.916666666666667	0	0	0	0.603272896580991	0	0.804044105865765	0.541666666666667	0	0.446175163854140
0.614918693812442	0.895125689498408	0.425734659148160	0.743303437365925	0.781585360479109	0.781585360479109	0.726722092687432	0.781585360479109	0.781585360479109	0.781585360479109	1.04462912078881	0.781585360479109	0.550567888638631	0.559016994374948	0.781585360479109	0.335410196624969
0	0.617360576099665	0.446175163854140	0.391666666666667	0	0	0.916666666666667	0	0	0	0.603272896580991	0	0.804044105865765	0.541666666666667	0	0.446175163854140
0	0.617360576099665	0.446175163854140	0.391666666666667	0	0	0.916666666666667	0	0	0	0.603272896580991	0	0.804044105865765	0.541666666666667	0	0.446175163854140
0.901387818865997	1.30981868974297	0.800390529679106	1.09573035004056	1.06805448553266	1.06805448553266	0.500000000000000	1.06805448553266	1.06805448553266	1.06805448553266	0.853302408293801	1.06805448553266	1.48534507775129	0.625000000000000	1.06805448553266	0.976281209488332
0	0.617360576099665	0.446175163854140	0.391666666666667	0	0	0.916666666666667	0	0	0	0.603272896580991	0	0.804044105865765	0.541666666666667	0	0.446175163854140


tasktime1

0
1.11736057609967
0.946175163854140
0.891666666666667
1.70167874389089
1.23675437921624
1.41666666666667
1.42701198295394
1.05797856272913
1.35632237787335
1.10327289658099
1.28158536047911
1.30404410586576
1.04166666666667
1.56805448553266
0.946175163854140

linktime2
0	0.950693909432999	0.779508497187474	0.725000000000000	1.03501207722422	0.570087712549569	1.25000000000000	0.760345316287278	0.391311896062463	0.689655711206686	0.936606229914325	0.614918693812442	1.13737743919910	0.875000000000000	0.901387818865997	0.779508497187474
0.450693909432999	1.56805448553266	1.39686907328714	1.34236057609967	0.750416550990182	1.00778221853732	1.86736057609967	0.316227766016838	0.824621125123532	1.07354552767919	1.55396680601399	0.895125689498408	1.75473801529876	1.49236057609967	1.30981868974297	1.39686907328714
0.279508497187474	1.39686907328714	1.22568366104161	1.17117516385414	1.31077267289183	0.301039864469807	1.69617516385414	1	0.316227766016838	0.650000000000000	1.38278139376847	0.425734659148160	1.58355260305324	1.32117516385414	0.800390529679106	1.22568366104161
0.225000000000000	1.34236057609967	1.17117516385414	1.11666666666667	0.866386172558173	0.789382670192347	1.64166666666667	0.539675828623073	0.601040764008565	0.866746791167986	1.32827289658099	0.743303437365925	1.52904410586577	1.26666666666667	1.09573035004056	1.17117516385414
1.53501207722422	0.750416550990182	1.31077267289183	0.866386172558173	2.73669082111511	2.27176645644046	1.69447632028305	2.46202406017817	2.09299063995335	2.39133445509758	0.752080447824566	2.31659743770333	1.32003787824441	1.35300591277348	2.60306656275689	1.29155913530895
1.07008771254957	1.00778221853732	0.301039864469807	0.789382670192347	2.27176645644046	1.80684209176580	0.250000000000000	1.99709969550351	1.62806627527870	1.92641009042292	0.867827747885489	1.85167307302868	0.928035559663529	0.230488611432322	2.13814219808223	0.436606229914325
0.750000000000000	1.86736057609967	1.69617516385414	1.64166666666667	1.69447632028305	0.250000000000000	2.16666666666667	1.50519932234904	0.436606229914325	0.536772763839597	1.85327289658099	0.726722092687432	2.05404410586577	1.79166666666667	0.500000000000000	1.69617516385414
1.26034531628728	0.316227766016838	1	0.539675828623073	2.46202406017817	1.99709969550351	1.50519932234904	2.18735729924122	1.81832387901641	2.11666769416063	0.851469318296320	2.04193067676639	0.654312616415120	1.13192314226718	2.32839980181994	0.883883476483184
0.891311896062463	0.824621125123532	0.316227766016838	0.601040764008565	2.09299063995335	1.62806627527870	0.436606229914325	1.81832387901641	1.44929045879159	1.74763427393582	0.514781507049350	1.67289725654157	0.976281209488332	0.176776695296637	1.95936638159513	0.480884601541784
1.18965571120669	1.07354552767919	0.650000000000000	0.866746791167986	2.39133445509758	1.92641009042292	0.536772763839597	2.11666769416063	1.74763427393582	2.04597808908004	0.602079728939615	1.97124107168580	1.30503831361382	0.491172067609713	2.25771019673935	0.816241385865726
0.436606229914325	1.55396680601399	1.38278139376847	1.32827289658099	0.752080447824566	0.867827747885489	1.85327289658099	0.851469318296320	0.514781507049350	0.602079728939615	1.53987912649532	1.04462912078881	1.74065033578009	1.47827289658099	0.853302408293801	1.38278139376847
1.11491869381244	0.895125689498408	0.425734659148160	0.743303437365925	2.31659743770333	1.85167307302868	0.726722092687432	2.04193067676639	1.67289725654157	1.97124107168580	1.04462912078881	1.89650405429155	0.550567888638631	0.559016994374948	2.18297317934511	0.335410196624969
0.637377439199098	1.75473801529876	1.58355260305324	1.52904410586577	1.32003787824441	0.928035559663529	2.05404410586577	0.654312616415120	0.976281209488332	1.30503831361382	1.74065033578009	0.550567888638631	1.94142154506486	1.67904410586576	1.48534507775129	1.58355260305324
0.375000000000000	1.49236057609967	1.32117516385414	1.26666666666667	1.35300591277348	0.230488611432322	1.79166666666667	1.13192314226718	0.176776695296637	0.491172067609713	1.47827289658099	0.559016994374948	1.67904410586576	1.41666666666667	0.625000000000000	1.32117516385414
1.40138781886600	1.30981868974297	0.800390529679106	1.09573035004056	2.60306656275689	2.13814219808223	0.500000000000000	2.32839980181994	1.95936638159513	2.25771019673935	0.853302408293801	2.18297317934511	1.48534507775129	0.625000000000000	2.46944230439866	0.976281209488332
0.279508497187474	1.39686907328714	1.22568366104161	1.17117516385414	1.29155913530895	0.436606229914325	1.69617516385414	0.883883476483184	0.480884601541784	0.816241385865726	1.38278139376847	0.335410196624969	1.58355260305324	1.32117516385414	0.976281209488332	1.22568366104161



tasktime2
0
0.166666666666667
0.166666666666667
0.166666666666667
0.166666666666667
0.166666666666667
0.166666666666667
0.166666666666667
0.166666666666667
0.166666666666667
0.166666666666667
0.166666666666667
0.166666666666667
0.166666666666667
0.166666666666667
0.166666666666667