实验环境：
VeiNum = 3
Q_ant = 150
AntNum = 20 
iter_max = 200

抽取的客户节点编号为

Cus_select =

    60    26    89    36    54    24    17    76    81    31    74    42    12    34    40

各任务对应的的客户节点编号为

Task_Cus =

    60    26    89    36    54    24    17    76    81    31    74    42    12    34    40

cus：
35	35
35	35
35	35
17	34
45	30
26	35
2	60
57	29
65	35
5	30
49	42
55	54
31	52
46	13
24	12
50	35
65	55
40	25


task：
3	4	3	0	1
4	2	4	1	0
3	5	3	0	1
5	2	4	3	0
3	6	3	0	1
6	2	4	5	0
2	7	1	0	1
7	3	2	7	0
2	8	1	0	1
8	3	2	9	0
3	9	3	0	1
9	2	4	11	0
2	10	1	0	1
10	3	2	13	0
2	11	1	0	1
11	3	2	15	0
2	12	1	0	1
12	3	2	17	0
3	13	3	0	1
13	2	4	19	0
2	14	1	0	1
14	3	2	21	0
3	15	3	0	1
15	2	4	23	0
3	16	3	0	1
16	2	4	25	0
2	17	1	0	1
17	3	2	27	0
3	18	3	0	1
18	2	4	29	0


linktime
0	0.950693909432999	0.450693909432999	0.779508497187474	0.279508497187474	0.725000000000000	0.225000000000000	0	1.03501207722422	0	0.570087712549569	1.25000000000000	0.750000000000000	0	0.760345316287278	0	0.391311896062463	0	0.689655711206686	0.936606229914325	0.436606229914325	0	0.614918693812442	1.13737743919910	0.637377439199098	0.875000000000000	0.375000000000000	0	0.901387818865997	0.779508497187474	0.279508497187474
0.450693909432999	1.56805448553266	0	1.39686907328714	0.707106781186548	1.34236057609967	0.226384628453435	0.617360576099665	0.750416550990182	0.617360576099665	1.00778221853732	1.86736057609967	1.20026038841578	0.617360576099665	0.316227766016838	0.617360576099665	0.824621125123532	0.617360576099665	1.07354552767919	1.55396680601399	0.570087712549569	0.617360576099665	0.895125689498408	1.75473801529876	0.577169819030760	1.49236057609967	0.825378700960959	0.617360576099665	1.30981868974297	1.39686907328714	0.617454451761423
0	0.950693909432999	0.617360576099665	0.779508497187474	0.446175163854140	0.725000000000000	0.391666666666667	0	1.20167874389089	0	0.736754379216236	1.25000000000000	0.916666666666667	0	0.927011982953944	0	0.557978562729130	0	0.856322377873353	0.936606229914325	0.603272896580991	0	0.781585360479109	1.13737743919910	0.804044105865765	0.875000000000000	0.541666666666667	0	1.06805448553266	0.779508497187474	0.446175163854140
0.279508497187474	1.39686907328714	0.707106781186548	1.22568366104161	0	1.17117516385414	0.491172067609713	0.446175163854140	1.31077267289183	0.446175163854140	0.301039864469807	1.69617516385414	0.515388203202208	0.446175163854140	1	0.446175163854140	0.316227766016838	0.446175163854140	0.650000000000000	1.38278139376847	0.651920240520265	0.446175163854140	0.425734659148160	1.58355260305324	0.691465834296967	1.32117516385414	0.176776695296637	0.446175163854140	0.800390529679106	1.22568366104161	0.176776695296637
0	0.950693909432999	0.617360576099665	0.779508497187474	0.446175163854140	0.725000000000000	0.391666666666667	0	1.20167874389089	0	0.736754379216236	1.25000000000000	0.916666666666667	0	0.927011982953944	0	0.557978562729130	0	0.856322377873353	0.936606229914325	0.603272896580991	0	0.781585360479109	1.13737743919910	0.804044105865765	0.875000000000000	0.541666666666667	0	1.06805448553266	0.779508497187474	0.446175163854140
0.225000000000000	1.34236057609967	0.226384628453435	1.17117516385414	0.491172067609713	1.11666666666667	0	0.391666666666667	0.866386172558173	0.391666666666667	0.789382670192347	1.64166666666667	0.975000000000000	0.391666666666667	0.539675828623073	0.391666666666667	0.601040764008565	0.391666666666667	0.866746791167986	1.32827289658099	0.443001128666734	0.391666666666667	0.743303437365925	1.52904410586577	0.577169819030760	1.26666666666667	0.600000000000000	0.391666666666667	1.09573035004056	1.17117516385414	0.430116263352131
0	0.950693909432999	0.617360576099665	0.779508497187474	0.446175163854140	0.725000000000000	0.391666666666667	0	1.20167874389089	0	0.736754379216236	1.25000000000000	0.916666666666667	0	0.927011982953944	0	0.557978562729130	0	0.856322377873353	0.936606229914325	0.603272896580991	0	0.781585360479109	1.13737743919910	0.804044105865765	0.875000000000000	0.541666666666667	0	1.06805448553266	0.779508497187474	0.446175163854140
1.03501207722422	2.15237265332389	0.750416550990182	1.98118724107836	1.31077267289183	1.92667874389089	0.866386172558173	1.20167874389089	0	1.20167874389089	63.1347764706584	2.45167874389089	1.69447632028305	1.20167874389089	30.1496268633627	1.20167874389089	50.3289181286465	1.20167874389089	53.3385414123784	2.13828497380521	0.752080447824566	1.20167874389089	64.3816744112795	2.33905618308999	1.32003787824441	2.07667874389089	1.35300591277348	1.20167874389089	63.1981012372998	1.98118724107836	1.29155913530895
1.53501207722422	0.750416550990182	2.15237265332389	1.31077267289183	1.98118724107836	0.866386172558173	1.92667874389089	1.53501207722422	2.73669082111511	1.53501207722422	2.27176645644046	1.69447632028305	2.45167874389089	1.53501207722422	2.46202406017817	1.53501207722422	2.09299063995335	1.53501207722422	2.39133445509758	0.752080447824566	2.13828497380521	1.53501207722422	2.31659743770333	1.32003787824441	2.33905618308999	1.35300591277348	2.07667874389089	1.53501207722422	2.60306656275689	1.29155913530895	1.98118724107836
0.570087712549569	1.68744828864923	1.00778221853732	1.51626287640371	0.301039864469807	1.46175437921624	0.789382670192347	0.736754379216236	63.1347764706584	0.736754379216236	0	1.98675437921624	0.250000000000000	0.736754379216236	52.0096144957834	0.736754379216236	15.2643375224737	0.736754379216236	25.0798724079689	1.67336060913056	0.867827747885489	0.736754379216236	19.4164878389476	1.87413181841533	0.928035559663529	1.61175437921624	0.230488611432322	0.736754379216236	27.2029410174709	1.51626287640371	0.436606229914325
1.07008771254957	1.00778221853732	1.68744828864923	0.301039864469807	1.51626287640371	0.789382670192347	1.46175437921624	1.07008771254957	2.27176645644046	1.07008771254957	1.80684209176580	0.250000000000000	1.98675437921624	1.07008771254957	1.99709969550351	1.07008771254957	1.62806627527870	1.07008771254957	1.92641009042292	0.867827747885489	1.67336060913056	1.07008771254957	1.85167307302868	0.928035559663529	1.87413181841533	0.230488611432322	1.61175437921624	1.07008771254957	2.13814219808223	0.436606229914325	1.51626287640371
0.750000000000000	1.86736057609967	1.20026038841578	1.69617516385414	0.515388203202208	1.64166666666667	0.975000000000000	0.916666666666667	1.69447632028305	0.916666666666667	0.250000000000000	2.16666666666667	0	0.916666666666667	1.50519932234904	0.916666666666667	0.436606229914325	0.916666666666667	0.536772763839597	1.85327289658099	0.950328890437411	0.916666666666667	0.726722092687432	2.05404410586577	1.17526592735432	1.79166666666667	0.375000000000000	0.916666666666667	0.500000000000000	1.69617516385414	0.673145600891813
0	0.950693909432999	0.617360576099665	0.779508497187474	0.446175163854140	0.725000000000000	0.391666666666667	0	1.20167874389089	0	0.736754379216236	1.25000000000000	0.916666666666667	0	0.927011982953944	0	0.557978562729130	0	0.856322377873353	0.936606229914325	0.603272896580991	0	0.781585360479109	1.13737743919910	0.804044105865765	0.875000000000000	0.541666666666667	0	1.06805448553266	0.779508497187474	0.446175163854140
0.760345316287278	1.87770589238694	0.316227766016838	1.70652048014142	1	1.65201198295394	0.539675828623073	0.927011982953944	30.1496268633627	0.927011982953944	52.0096144957834	2.17701198295394	1.50519932234904	0.927011982953944	0	0.927011982953944	45.6070170039655	0.927011982953944	55.4616984954482	1.86361821286827	0.851469318296320	0.927011982953944	44.3846820423443	2.06438942215304	0.654312616415120	1.80201198295394	1.13192314226718	0.927011982953944	65	1.70652048014142	0.883883476483184
