最优解为:596.9211
最优解路径:

Best_route =

     0     0     0     0     0     0     0     0     0     0     0
     3     4     7     8     5     6     1     2     9    10     0

本次运算用时:3.028秒
算法在第1代时收敛

best
596.921115128517
596.921115128517
596.921115128517
596.921115128517
596.921115128517
596.921115128517
596.921115128517
596.921115128517
596.921115128517
596.921115128517
596.921115128517
596.921115128517
596.921115128517
596.921115128517
596.921115128517
596.921115128517
596.921115128517
596.921115128517
596.921115128517
596.921115128517
596.921115128517
596.921115128517
596.921115128517
596.921115128517
596.921115128517
596.921115128517
596.921115128517
596.921115128517
596.921115128517
596.921115128517
596.921115128517
596.921115128517
596.921115128517
596.921115128517
596.921115128517
596.921115128517
596.921115128517
596.921115128517
596.921115128517
596.921115128517
596.921115128517
596.921115128517
596.921115128517
596.921115128517
596.921115128517
596.921115128517
596.921115128517
596.921115128517
596.921115128517
596.921115128517
596.921115128517
596.921115128517
596.921115128517
596.921115128517
596.921115128517
596.921115128517
596.921115128517
596.921115128517
596.921115128517
596.921115128517
596.921115128517
596.921115128517
596.921115128517
596.921115128517
596.921115128517
596.921115128517
596.921115128517
596.921115128517
596.921115128517
596.921115128517
596.921115128517
596.921115128517
596.921115128517
596.921115128517
596.921115128517
596.921115128517
596.921115128517
596.921115128517
596.921115128517
596.921115128517
596.921115128517
596.921115128517
596.921115128517
596.921115128517
596.921115128517
596.921115128517
596.921115128517
596.921115128517
596.921115128517
596.921115128517
596.921115128517
596.921115128517
596.921115128517
596.921115128517
596.921115128517
596.921115128517
596.921115128517
596.921115128517
596.921115128517
596.921115128517

ave
804.032744367610
821.676244205053
758.425790588269
863.439991304315
735.128838337613
863.737265330592
728.913248456990
786.641419548481
690.991656599291
773.997284831116
820.252864212878
804.996759244140
915.869001375212
762.010001930996
688.790048168845
665.974053672632
818.657733179409
705.527556438079
705.730991207221
757.383611451937
758.479283013141
644.099233516955
715.247477662690
673.743363991001
626.279250269926
628.875176265703
613.256700647234
627.860112315601
670.060948314408
688.835563022451
642.860112315601
627.449002664543
658.220788343309
677.675569029278
612.030081618880
715.190612588155
756.932620422140
628.187918495081
596.921115128517
654.006112815173
643.135564598273
642.749513400839
684.870021165987
672.310765921889
627.018505305525
699.986482334852
612.989158606033
675.396313592417
627.861715872955
643.923439656273
669.317414052450
714.831540117801
612.516533472991
643.093408959552
669.919734832531
642.556274383535
643.515442584705
627.458884206526
612.559525176818
598.098153963441
611.978764394982
612.528908242551
612.296968067865
643.511369691709
627.933201604693
684.332252087978
597.529510229650
612.356879992496
624.667397344213
643.835249814943
597.484259376253
659.216344518832
609.929863388589
627.692900807283
643.849316849627
612.123040356034
684.492564669284
597.356879992496
684.633749284117
654.189481935772
711.506109359704
627.326205944516
658.809874645217
597.330937938323
598.047403623988
612.296968067866
628.105619774898
627.542475527163
659.333170249714
654.164106766045
612.449002664543
627.752809223317
670.060948314408
611.936608756260
699.662725052129
627.860112315601
611.911233586534
643.319873291689
700.861971869825
628.015100660205