最优解为:480.8252
最优解路径:

Best_route =

     5     6     3     4     1     2     0
     0     0     0     0     0     0     0

本次运算用时:1.609秒
算法在第1代时收敛

best
480.825240146540
480.825240146540
480.825240146540
480.825240146540
480.825240146540
480.825240146540
480.825240146540
480.825240146540
480.825240146540
480.825240146540
480.825240146540
480.825240146540
480.825240146540
480.825240146540
480.825240146540
480.825240146540
480.825240146540
480.825240146540
480.825240146540
480.825240146540
480.825240146540
480.825240146540
480.825240146540
480.825240146540
480.825240146540
480.825240146540
480.825240146540
480.825240146540
480.825240146540
480.825240146540
480.825240146540
480.825240146540
480.825240146540
480.825240146540
480.825240146540
480.825240146540
480.825240146540
480.825240146540
480.825240146540
480.825240146540
480.825240146540
480.825240146540
480.825240146540
480.825240146540
480.825240146540
480.825240146540
480.825240146540
480.825240146540
480.825240146540
480.825240146540
480.825240146540
480.825240146540
480.825240146540
480.825240146540
480.825240146540
480.825240146540
480.825240146540
480.825240146540
480.825240146540
480.825240146540
480.825240146540
480.825240146540
480.825240146540
480.825240146540
480.825240146540
480.825240146540
480.825240146540
480.825240146540
480.825240146540
480.825240146540
480.825240146540
480.825240146540
480.825240146540
480.825240146540
480.825240146540
480.825240146540
480.825240146540
480.825240146540
480.825240146540
480.825240146540
480.825240146540
480.825240146540
480.825240146540
480.825240146540
480.825240146540
480.825240146540
480.825240146540
480.825240146540
480.825240146540
480.825240146540
480.825240146540
480.825240146540
480.825240146540
480.825240146540
480.825240146540
480.825240146540
480.825240146540
480.825240146540
480.825240146540
480.825240146540

ave
480.975482599477
497.654057127569
493.364069606804
480.916862037113
480.947402667304
523.147057609235
495.975482599477
493.394610236995
496.006023229668
481.069565188069
480.886321406922
496.039024557878
480.883860708904
480.886321406922
480.855780776731
495.916862037113
480.886321406922
495.914401339095
480.914401339095
480.855780776731
480.855780776731
480.916862037113
480.825240146540
480.883860708904
480.825240146540
480.886321406922
480.855780776731
480.883860708904
480.855780776731
480.825240146540
480.825240146540
480.855780776731
480.855780776731
480.855780776731
480.825240146540
480.825240146540
480.825240146540
480.855780776731
480.825240146540
480.855780776731
480.855780776731
480.825240146540
497.613301671567
480.855780776731
480.825240146540
480.825240146540
480.914401339095
495.825240146540
495.883860708904
480.855780776731
480.855780776731
480.855780776731
480.855780776731
480.855780776731
480.825240146540
480.883860708904
480.855780776731
480.825240146540
480.855780776731
480.825240146540
480.825240146540
480.855780776731
480.886321406922
480.825240146540
480.825240146540
480.855780776731
480.825240146540
480.825240146540
480.825240146540
480.825240146540
480.825240146540
480.855780776731
480.825240146540
480.825240146540
480.855780776731
480.825240146540
480.855780776731
480.825240146540
480.825240146540
480.855780776731
480.855780776731
480.825240146540
480.855780776731
480.855780776731
480.825240146540
480.855780776731
495.883860708904
480.855780776731
480.825240146540
480.855780776731
480.855780776731
480.886321406922
480.855780776731
480.825240146540
480.825240146540
480.855780776731
480.855780776731
480.825240146540
480.886321406922
480.855780776731