最优解为:310.9022
最优解路径:

Best_route =

     3     5     6     2     4     7    10     8     9     1     0
     0     0     0     0     0     0     0     0     0     0     0

本次运算用时:5.844秒
算法在第9代时收敛

best
312.177956389941
312.177956389941
312.177956389941
312.177956389941
312.177956389941
312.177956389941
312.177956389941
312.177956389941
310.902209394931
310.902209394931
310.902209394931
310.902209394931
310.902209394931
310.902209394931
310.902209394931
310.902209394931
310.902209394931
310.902209394931
310.902209394931
310.902209394931
310.902209394931
310.902209394931
310.902209394931
310.902209394931
310.902209394931
310.902209394931
310.902209394931
310.902209394931
310.902209394931
310.902209394931
310.902209394931
310.902209394931
310.902209394931
310.902209394931
310.902209394931
310.902209394931
310.902209394931
310.902209394931
310.902209394931
310.902209394931
310.902209394931
310.902209394931
310.902209394931
310.902209394931
310.902209394931
310.902209394931
310.902209394931
310.902209394931
310.902209394931
310.902209394931
310.902209394931
310.902209394931
310.902209394931
310.902209394931
310.902209394931
310.902209394931
310.902209394931
310.902209394931
310.902209394931
310.902209394931
310.902209394931
310.902209394931
310.902209394931
310.902209394931
310.902209394931
310.902209394931
310.902209394931
310.902209394931
310.902209394931
310.902209394931
310.902209394931
310.902209394931
310.902209394931
310.902209394931
310.902209394931
310.902209394931
310.902209394931
310.902209394931
310.902209394931
310.902209394931
310.902209394931
310.902209394931
310.902209394931
310.902209394931
310.902209394931
310.902209394931
310.902209394931
310.902209394931
310.902209394931
310.902209394931
310.902209394931
310.902209394931
310.902209394931
310.902209394931
310.902209394931
310.902209394931
310.902209394931
310.902209394931
310.902209394931
310.902209394931
310.902209394931
310.902209394931
310.902209394931
310.902209394931
310.902209394931
310.902209394931
310.902209394931
310.902209394931
310.902209394931
310.902209394931
310.902209394931
310.902209394931
310.902209394931
310.902209394931
310.902209394931
310.902209394931
310.902209394931
310.902209394931
310.902209394931
310.902209394931
310.902209394931
310.902209394931
310.902209394931
310.902209394931
310.902209394931
310.902209394931
310.902209394931
310.902209394931
310.902209394931
310.902209394931
310.902209394931
310.902209394931
310.902209394931
310.902209394931
310.902209394931
310.902209394931
310.902209394931
310.902209394931
310.902209394931
310.902209394931
310.902209394931
310.902209394931
310.902209394931
310.902209394931
310.902209394931
310.902209394931
310.902209394931
310.902209394931
310.902209394931
310.902209394931
310.902209394931
310.902209394931
310.902209394931
310.902209394931
310.902209394931
310.902209394931
310.902209394931
310.902209394931
310.902209394931
310.902209394931
310.902209394931
310.902209394931
310.902209394931
310.902209394931
310.902209394931
310.902209394931
310.902209394931
310.902209394931
310.902209394931
310.902209394931
310.902209394931
310.902209394931
310.902209394931
310.902209394931
310.902209394931
310.902209394931
310.902209394931
310.902209394931
310.902209394931
310.902209394931
310.902209394931
310.902209394931
310.902209394931
310.902209394931
310.902209394931
310.902209394931
310.902209394931
310.902209394931
310.902209394931
310.902209394931
310.902209394931
310.902209394931
310.902209394931
310.902209394931
310.902209394931
310.902209394931
310.902209394931
310.902209394931
310.902209394931
310.902209394931

ave
391.186256458820
379.500842924123
337.953343341700
348.414031019136
345.464562061696
356.232511765502
326.202916370335
324.900430055504
324.886858818577
325.646663526268
325.787224698939
326.241519106437
354.644511375456
334.507966508319
314.686749466642
323.837434703344
324.537881638395
323.752239487317
313.656802888456
313.326326142673
313.715114653070
323.541969494374
312.626947198887
313.024529789334
323.370299440241
313.481599028490
312.641365395034
322.285612766566
322.643524034574
342.801392250138
313.222287455418
322.431062187637
322.366417688181
342.322993650944
332.964073090653
312.253852343350
312.506992605742
322.830433834054
322.985171034448
332.666974289946
322.135431490107
322.135431490107
322.135431490107
312.195513429912
312.177956389941
312.177956389941
332.092906590274
332.379950426774
312.590109613295
332.135431490107
312.177956389941
312.247522228415
322.135431490107
312.387807848435
312.544481542752
332.092906590274
312.177956389941
322.296103422658
312.177956389941
312.177956389941
322.332303422658
312.177956389941
312.177956389941
312.177956389941
312.177956389941
312.177956389941
312.177956389941
312.177956389941
322.337458658938
312.177956389941
312.195513429912
322.135431490107
312.177956389941
312.177956389941
312.177956389941
312.332303422658
312.177956389941
312.473587087471
322.247522228415
322.177956389941
322.177956389941
312.177956389941
312.177956389941
312.177956389941
312.474612382723
312.177956389941
312.734573743922
312.135431490107
332.050381690440
322.135431490107
322.341154868975
332.092906590274
322.135431490107
332.302758048768
332.289778522824
332.204997328581
322.135431490107
332.278800116823
342.050381690440
322.135431490107
342.260233148934
322.092906590274
342.050381690440
361.965331890773
342.236142604118
342.252408859270
342.070838144940
332.092906590274
312.262748707677
322.135431490107
312.177956389941
322.135431490107
341.965331890773
332.092906590274
332.092906590274
322.135431490107
332.007856790606
342.050381690440
332.086581690440
361.965331890773
312.383679768808
351.965331890773
342.007856790606
342.256105069307
391.795232291438
312.092906590274
331.880282091105
351.405607072634
351.363082172800
351.029784094432
361.269180926816
351.072308994266
351.320557272966
330.944734294764
331.363082172800
330.902209394931
331.320557272966
351.743682525987
331.282160452760
331.478373004716
311.072308994265
310.944734294764
320.987259194598
321.029784094432
320.944734294764
331.029784094432
320.944734294764
310.902209394931
341.192982573465
311.150457673632
310.944734294764
310.902209394931
311.304804706348
310.944734294764
321.451163043627
311.398705952333
310.944734294764
311.390456432867
311.056825033072
310.902209394931
321.057545907669
311.337856831005
310.902209394931
331.150457673632
320.902209394931
311.451602061095
311.150457673632
321.009865771555
310.902209394931
321.441848847227
311.304804706348
310.902209394931
310.902209394931
310.902209394931
310.902209394931
310.902209394931
310.902209394931
310.902209394931
311.612057335296
310.902209394931
310.902209394931
310.902209394931
311.304804706348
310.902209394931
311.192982573465
311.068047131698
311.334192470602
310.902209394931
311.396151488953
310.902209394931
311.304804706348
311.150457673632
311.150457673632
311.378876100015
310.902209394931
311.421735507233
311.347931533034
311.329224133053
310.902209394931
310.902209394931