最优解为:672.4847
最优解路径:

Best_route =

     7     6     2     0     0     0     0     0     0     0     0
     5     1     9     3     8    10     4     0     0     0     0

本次运算用时:3.985秒
算法在第1代时收敛

best
672.484733732901
672.484733732901
672.484733732901
672.484733732901
672.484733732901
672.484733732901
672.484733732901
672.484733732901
672.484733732901
672.484733732901
672.484733732901
672.484733732901
672.484733732901
672.484733732901
672.484733732901
672.484733732901
672.484733732901
672.484733732901
672.484733732901
672.484733732901
672.484733732901
672.484733732901
672.484733732901
672.484733732901
672.484733732901
672.484733732901
672.484733732901
672.484733732901
672.484733732901
672.484733732901
672.484733732901
672.484733732901
672.484733732901
672.484733732901
672.484733732901
672.484733732901
672.484733732901
672.484733732901
672.484733732901
672.484733732901
672.484733732901
672.484733732901
672.484733732901
672.484733732901
672.484733732901
672.484733732901
672.484733732901
672.484733732901
672.484733732901
672.484733732901
672.484733732901
672.484733732901
672.484733732901
672.484733732901
672.484733732901
672.484733732901
672.484733732901
672.484733732901
672.484733732901
672.484733732901
672.484733732901
672.484733732901
672.484733732901
672.484733732901
672.484733732901
672.484733732901
672.484733732901
672.484733732901
672.484733732901
672.484733732901
672.484733732901
672.484733732901
672.484733732901
672.484733732901
672.484733732901
672.484733732901
672.484733732901
672.484733732901
672.484733732901
672.484733732901
672.484733732901
672.484733732901
672.484733732901
672.484733732901
672.484733732901
672.484733732901
672.484733732901
672.484733732901
672.484733732901
672.484733732901
672.484733732901
672.484733732901
672.484733732901
672.484733732901
672.484733732901
672.484733732901
672.484733732901
672.484733732901
672.484733732901
672.484733732901

ave
820.100823566924
846.580979266225
810.278386706328
849.056335300994
820.316600157892
855.425221011034
830.337105342865
843.385890510781
876.325494782641
799.877316954795
827.911795952099
818.321895020119
804.865486814142
819.518776563289
833.552803430889
818.953318829087
783.540999288934
816.845042237633
810.663791674413
800.651820016579
792.315849175645
823.231398298443
757.698972968465
797.198301185078
757.930979281657
745.707469508239
748.158730395884
766.146927201789
750.616513758701
757.612690412531
743.815385305698
743.430883915020
750.848136599109
741.606377446804
750.846448915812
741.374470672607
742.953134127294
743.712688078151
741.849023336007
741.381404808619
743.331184661091
743.371368499934
739.339698340403
742.318071041603
755.259598127702
739.393154498755
739.511361584020
744.962795489000
746.923124414085
739.339698340403
741.732503934039
739.339698340403
741.499465130101
743.659231919799
739.339698340403
749.696075247123
739.339698340403
741.732503934039
739.339698340403
739.339698340403
739.339698340403
752.156946997279
739.339698340403
739.339698340403
739.339698340403
739.339698340403
743.670815559775
739.339698340403
739.339698340403
739.339698340403
742.899677968942
739.339698340403
739.339698340403
741.389177446804
739.456217742372
739.339698340403
739.339698340403
749.696075247123
739.339698340403
744.125309527674
739.339698340403
739.339698340403
739.339698340403
751.706766076386
739.339698340403
741.732503934039
739.339698340403
743.314663914604
740.928116038708
739.339698340403
739.339698340403
739.339698340403
739.339698340403
745.298768134001
739.045954832930
739.572737144341
739.339698340403
739.339698340403
739.339698340403
739.339698340403