最优解为:454.4026
最优解路径:

Best_route =

     0     0     0     0     0     0     0     0     0     0     0
     1     5     7     2     6     3     4     8     9    10     0

本次运算用时:2.765秒
算法在第4代时收敛

best
503.918080093000
503.918080093000
503.918080093000
454.402587879211
454.402587879211
454.402587879211
454.402587879211
454.402587879211
454.402587879211
454.402587879211
454.402587879211
454.402587879211
454.402587879211
454.402587879211
454.402587879211
454.402587879211
454.402587879211
454.402587879211
454.402587879211
454.402587879211
454.402587879211
454.402587879211
454.402587879211
454.402587879211
454.402587879211
454.402587879211
454.402587879211
454.402587879211
454.402587879211
454.402587879211
454.402587879211
454.402587879211
454.402587879211
454.402587879211
454.402587879211
454.402587879211
454.402587879211
454.402587879211
454.402587879211
454.402587879211
454.402587879211
454.402587879211
454.402587879211
454.402587879211
454.402587879211
454.402587879211
454.402587879211
454.402587879211
454.402587879211
454.402587879211
454.402587879211
454.402587879211
454.402587879211
454.402587879211
454.402587879211
454.402587879211
454.402587879211
454.402587879211
454.402587879211
454.402587879211
454.402587879211
454.402587879211
454.402587879211
454.402587879211
454.402587879211
454.402587879211
454.402587879211
454.402587879211
454.402587879211
454.402587879211
454.402587879211
454.402587879211
454.402587879211
454.402587879211
454.402587879211
454.402587879211
454.402587879211
454.402587879211
454.402587879211
454.402587879211
454.402587879211
454.402587879211
454.402587879211
454.402587879211
454.402587879211
454.402587879211
454.402587879211
454.402587879211
454.402587879211
454.402587879211
454.402587879211
454.402587879211
454.402587879211
454.402587879211
454.402587879211
454.402587879211
454.402587879211
454.402587879211
454.402587879211
454.402587879211

ave
1230.39511331795
1070.67716553638
1090.99743206541
802.709513107998
722.313720975474
784.390725765305
871.761540649873
807.077436377978
782.694782768831
833.908957941489
765.180710430438
815.422270202723
680.016460514291
641.016267707347
610.170465301786
714.102032646777
609.925654035105
738.800083614897
767.565844189652
587.414183728756
635.141587144104
583.035440942885
627.159959772552
686.976304487500
545.587204045647
695.423039112936
549.727398393447
641.649296468100
506.158524733093
545.171921741949
532.104181623669
506.126407456922
576.283791655526
516.505552991100
595.089385589761
519.526675085273
540.583062761204
503.918080093000
547.593097566923
547.592097559637
505.971850547751
545.792577871456
503.918080093000
503.918080093000
503.918080093000
518.400742449196
516.130107389111
503.918080093000
504.192415085273
503.918080093000
516.626912537109
503.918080093000
562.096252167692
503.918080093000
516.130107389111
504.022846759455
503.919080100285
503.919080100285
503.918080093000
503.918080093000
503.918080093000
547.592097559637
503.918080093000
518.422234701055
515.759176278824
503.918080093000
516.130107389111
503.918080093000
503.918080093000
503.918080093000
503.918080093000
516.130107389111
503.918080093000
503.918080093000
503.918080093000
503.918080093000
503.918080093000
542.847289300564
503.918080093000
503.918080093000
503.918080093000
515.759176278824
547.022867089907
503.918080093000
518.422234701055
503.918080093000
503.918080093000
503.918080093000
547.592097559637
503.918080093000
503.918080093000
504.127613425911
503.919080100285
503.918080093000
503.918080093000
515.759176278824
503.918080093000
515.863942945279
515.759176278824
516.130107389112