最优解为:503.9181
最优解路径:

Best_route =

     0     0     0     0     0     0     0     0     0     0     0
     1     7     2     5     6     3     4     8     9    10     0

本次运算用时:3.312秒
算法在第4代时收敛

best
510.724808252697
503.943080275141
503.943080275141
503.918080093000
503.918080093000
503.918080093000
503.918080093000
503.918080093000
503.918080093000
503.918080093000
503.918080093000
503.918080093000
503.918080093000
503.918080093000
503.918080093000
503.918080093000
503.918080093000
503.918080093000
503.918080093000
503.918080093000
503.918080093000
503.918080093000
503.918080093000
503.918080093000
503.918080093000
503.918080093000
503.918080093000
503.918080093000
503.918080093000
503.918080093000
503.918080093000
503.918080093000
503.918080093000
503.918080093000
503.918080093000
503.918080093000
503.918080093000
503.918080093000
503.918080093000
503.918080093000
503.918080093000
503.918080093000
503.918080093000
503.918080093000
503.918080093000
503.918080093000
503.918080093000
503.918080093000
503.918080093000
503.918080093000
503.918080093000
503.918080093000
503.918080093000
503.918080093000
503.918080093000
503.918080093000
503.918080093000
503.918080093000
503.918080093000
503.918080093000
503.918080093000
503.918080093000
503.918080093000
503.918080093000
503.918080093000
503.918080093000
503.918080093000
503.918080093000
503.918080093000
503.918080093000
503.918080093000
503.918080093000
503.918080093000
503.918080093000
503.918080093000
503.918080093000
503.918080093000
503.918080093000
503.918080093000
503.918080093000
503.918080093000
503.918080093000
503.918080093000
503.918080093000
503.918080093000
503.918080093000
503.918080093000
503.918080093000
503.918080093000
503.918080093000
503.918080093000
503.918080093000
503.918080093000
503.918080093000
503.918080093000
503.918080093000
503.918080093000
503.918080093000
503.918080093000
503.918080093000

ave
1171.53977791614
1180.30884885780
1242.97448616119
750.420484144206
776.141570359772
853.261975226490
659.191663898093
672.075331246997
844.565473030059
723.420941508715
729.978966010310
651.831154495741
678.066094301547
659.803594067806
745.863619787246
707.343241884638
608.073506366154
641.194117600739
666.947789898700
599.769333658409
679.645044482801
589.718359425878
589.995441405699
585.840472468651
577.839479659826
609.157179560037
569.631884382622
594.575209793884
557.172921749234
554.218096760343
515.918080093000
521.737002463767
506.126407456922
588.717465364763
533.398682578279
533.871925879153
518.125030309808
535.029126263978
518.248444192697
549.375754204971
503.918080093000
518.366720406221
510.114170283322
503.918080093000
503.918080093000
504.126236278797
503.918080093000
518.263330886879
506.126407456922
519.527675092559
515.863942945280
528.180736907847
504.022846759455
503.918080093000
503.918080093000
503.918080093000
504.191037938160
503.918080093000
503.918080093000
503.918080093000
503.918080093000
503.918080093000
503.918080093000
503.919080100285
503.919080100285
503.918080093000
503.918080093000
503.918080093000
503.918080093000
503.918080093000
519.526675085273
518.263330886879
532.065939203565
503.918080093000
503.918080093000
503.918080093000
504.022846759455
503.918080093000
503.918080093000
519.421908418818
516.021469612342
503.918080093000
503.918080093000
530.104427072703
503.918080093000
503.918080093000
503.918080093000
519.421908418818
503.918080093000
503.918080093000
503.918080093000
503.918080093000
503.918080093000
516.130107389111
503.918080093000
504.022846759455
503.918080093000
503.918080093000
504.022846759455
503.918080093000