最优解为:454.4026
最优解路径:

Best_route =

     0     0     0     0     0     0     0     0     0     0     0
     5     7     1     8     9    10     6     3     4     2     0

本次运算用时:3.28秒
算法在第3代时收敛

best
556.532097711807
503.918080093000
454.402587879211
454.402587879211
454.402587879211
454.402587879211
454.402587879211
454.402587879211
454.402587879211
454.402587879211
454.402587879211
454.402587879211
454.402587879211
454.402587879211
454.402587879211
454.402587879211
454.402587879211
454.402587879211
454.402587879211
454.402587879211
454.402587879211
454.402587879211
454.402587879211
454.402587879211
454.402587879211
454.402587879211
454.402587879211
454.402587879211
454.402587879211
454.402587879211
454.402587879211
454.402587879211
454.402587879211
454.402587879211
454.402587879211
454.402587879211
454.402587879211
454.402587879211
454.402587879211
454.402587879211
454.402587879211
454.402587879211
454.402587879211
454.402587879211
454.402587879211
454.402587879211
454.402587879211
454.402587879211
454.402587879211
454.402587879211
454.402587879211
454.402587879211
454.402587879211
454.402587879211
454.402587879211
454.402587879211
454.402587879211
454.402587879211
454.402587879211
454.402587879211
454.402587879211
454.402587879211
454.402587879211
454.402587879211
454.402587879211
454.402587879211
454.402587879211
454.402587879211
454.402587879211
454.402587879211
454.402587879211
454.402587879211
454.402587879211
454.402587879211
454.402587879211
454.402587879211
454.402587879211
454.402587879211
454.402587879211
454.402587879211
454.402587879211
454.402587879211
454.402587879211
454.402587879211
454.402587879211
454.402587879211
454.402587879211
454.402587879211
454.402587879211
454.402587879211
454.402587879211
454.402587879211
454.402587879211
454.402587879211
454.402587879211
454.402587879211
454.402587879211
454.402587879211
454.402587879211
454.402587879211

ave
1272.04631385294
1072.71674279553
1159.98807699847
1162.30309919376
935.944706213124
809.924548939606
740.202681352724
916.225871958690
927.770794442159
848.375998078583
804.284323455054
957.369922634501
693.181802787479
674.938262417590
695.675291114424
1026.19449824885
620.664343310652
629.688663825239
666.599494767492
578.477523507208
558.002829708303
699.779430238824
695.745022122484
571.964818196664
555.732786646789
591.540450018548
518.704538668185
658.371251433413
630.438931425143
547.154076571262
586.419122229718
603.641560628264
625.691230945591
516.007239002627
530.816743221456
681.740694014218
589.879746731257
553.260212714263
503.918080093000
503.918080093000
516.293525694988
629.210229085752
557.269047239939
503.918080093000
503.918080093000
515.901783617399
563.573271930013
515.918080092999
557.279182371605
503.918080093000
503.918080093000
503.918080093000
503.918080093000
503.918080093000
530.815743214170
557.067155075493
545.620873856608
503.918080093000
540.277229219387
572.836163029910
503.918080093000
516.192415085273
503.918080093000
503.918080093000
542.920509880626
503.918080093000
545.269047239939
516.293525694988
516.192415085273
503.918080093000
516.293525694988
503.918080093000
515.918080093000
539.573271930013
503.918080093000
503.918080093000
547.592097559637
503.918080093000
503.918080093000
503.918080093000
503.918080093000
503.918080093000
503.918080093000
503.918080093000
503.918080093000
530.831583844291
503.918080093000
506.021640790466
503.918080093000
506.021640790466
503.918080093000
506.021640790466
503.918080093000
503.918080093000
503.918080093000
503.918080093000
503.918080093000
516.293525694988
503.918080093000
503.918080093000