最优解为:454.4276
最优解路径:

Best_route =

     0     0     0     0     0     0     0     0     0     0     0
     5     1     7     2     6     9    10     8     3     4     0

本次运算用时:3.514秒
算法在第3代时收敛

best
503.918080093000
503.918080093000
454.427588061352
454.427588061352
454.427588061352
454.427588061352
454.427588061352
454.427588061352
454.427588061352
454.427588061352
454.427588061352
454.427588061352
454.427588061352
454.427588061352
454.427588061352
454.427588061352
454.427588061352
454.427588061352
454.427588061352
454.427588061352
454.427588061352
454.427588061352
454.427588061352
454.427588061352
454.427588061352
454.427588061352
454.427588061352
454.427588061352
454.427588061352
454.427588061352
454.427588061352
454.427588061352
454.427588061352
454.427588061352
454.427588061352
454.427588061352
454.427588061352
454.427588061352
454.427588061352
454.427588061352
454.427588061352
454.427588061352
454.427588061352
454.427588061352
454.427588061352
454.427588061352
454.427588061352
454.427588061352
454.427588061352
454.427588061352
454.427588061352
454.427588061352
454.427588061352
454.427588061352
454.427588061352
454.427588061352
454.427588061352
454.427588061352
454.427588061352
454.427588061352
454.427588061352
454.427588061352
454.427588061352
454.427588061352
454.427588061352
454.427588061352
454.427588061352
454.427588061352
454.427588061352
454.427588061352
454.427588061352
454.427588061352
454.427588061352
454.427588061352
454.427588061352
454.427588061352
454.427588061352
454.427588061352
454.427588061352
454.427588061352
454.427588061352
454.427588061352
454.427588061352
454.427588061352
454.427588061352
454.427588061352
454.427588061352
454.427588061352
454.427588061352
454.427588061352
454.427588061352
454.427588061352
454.427588061352
454.427588061352
454.427588061352
454.427588061352
454.427588061352
454.427588061352
454.427588061352
454.427588061352

ave
1103.54473285591
1264.20825913768
1054.31851110803
934.783368942710
902.128786803258
841.756359693494
859.704971514990
878.970923644960
757.874308892893
871.931968155276
766.283930529796
708.562309301557
870.751059242837
777.483467304271
830.407165726038
702.401576811831
681.878368725947
743.053195524483
543.029770524853
699.754030518087
645.992130118910
668.663523367117
742.359378208844
732.445175763547
563.197454598017
574.068378894130
616.049510584415
662.921603627215
651.893886329046
598.269281487531
504.022846759455
553.683421083504
639.447415513123
630.528539005962
503.918080093000
586.216230057987
603.251918977929
515.903783631970
516.294525702274
515.918080092999
503.918080093000
600.727353633613
557.443600684768
506.021640790466
503.921080114856
547.592097559637
503.918080093000
503.918080093000
574.019622416261
506.021640790466
503.918080093000
503.918080093000
559.968543168912
503.918080093000
504.190349219387
530.815743214170
503.918080093000
515.918080092999
504.192415085273
503.918080093000
515.919080100285
503.918080093000
528.130107389111
503.918080093000
503.918080093000
503.918080093000
504.192415085273
515.918080093000
515.918080093000
503.918080093000
515.918080093000
534.042833193884
503.918080093000
503.918080093000
503.918080093000
516.293525694988
527.918080092999
503.918080093000
506.295975782740
503.918080093000
515.918080092999
503.918080093000
504.130107389111
519.905842919400
528.354954699235
503.918080093000
528.109726759455
503.918080093000
503.918080093000
503.918080093000
503.918080093000
515.734281157466
503.918080093000
515.918080092999
503.918080093000
503.918080093000
517.563443674003
506.021640790466
503.918080093000
503.918080093000