最优解为:459.7033
最优解路径:

Best_route =

     1     7     2     5     3     4     8     9    10     6     0
     0     0     0     0     0     0     0     0     0     0     0

本次运算用时:4.593秒
算法在第13代时收敛

best
503.918080093000
503.918080093000
503.918080093000
503.918080093000
503.918080093000
503.918080093000
503.918080093000
503.918080093000
503.918080093000
503.918080093000
503.918080093000
503.918080093000
459.703270282009
459.703270282009
459.703270282009
459.703270282009
459.703270282009
459.703270282009
459.703270282009
459.703270282009
459.703270282009
459.703270282009
459.703270282009
459.703270282009
459.703270282009
459.703270282009
459.703270282009
459.703270282009
459.703270282009
459.703270282009
459.703270282009
459.703270282009
459.703270282009
459.703270282009
459.703270282009
459.703270282009
459.703270282009
459.703270282009
459.703270282009
459.703270282009
459.703270282009
459.703270282009
459.703270282009
459.703270282009
459.703270282009
459.703270282009
459.703270282009
459.703270282009
459.703270282009
459.703270282009
459.703270282009
459.703270282009
459.703270282009
459.703270282009
459.703270282009
459.703270282009
459.703270282009
459.703270282009
459.703270282009
459.703270282009
459.703270282009
459.703270282009
459.703270282009
459.703270282009
459.703270282009
459.703270282009
459.703270282009
459.703270282009
459.703270282009
459.703270282009
459.703270282009
459.703270282009
459.703270282009
459.703270282009
459.703270282009
459.703270282009
459.703270282009
459.703270282009
459.703270282009
459.703270282009
459.703270282009
459.703270282009
459.703270282009
459.703270282009
459.703270282009
459.703270282009
459.703270282009
459.703270282009
459.703270282009
459.703270282009
459.703270282009
459.703270282009
459.703270282009
459.703270282009
459.703270282009
459.703270282009
459.703270282009
459.703270282009
459.703270282009
459.703270282009

ave
1238.54117804174
1163.94175584340
1208.79864661823
750.818449100981
804.262722015158
676.193923513907
721.160330706267
763.605820706005
793.771271319826
658.227755138958
589.962752295739
628.169691072210
665.290560583456
775.246512394347
624.234319070829
595.308312771059
574.014452234243
682.374036950003
568.427386017651
626.299273095461
771.637885075267
561.792292878169
691.860843509201
560.390167414236
570.179022833832
572.120424869687
555.182866929573
528.639577063323
594.922495236870
519.422908426103
554.077426538069
563.743704659737
515.862565798166
508.125201487933
504.192415085273
518.127407464208
503.918080093000
503.918080093000
547.592097559637
559.538960419203
503.918080093000
519.526675085273
503.918080093000
504.022846759455
503.918080093000
515.862565798166
503.918080093000
515.759176278824
515.863942945280
559.867691197298
503.918080093000
521.630235782740
515.759176278824
504.022846759455
503.918080093000
515.759176278824
503.918080093000
503.918080093000
503.918080093000
503.919080100285
503.918080093000
503.918080093000
547.592097559637
503.918080093000
503.918080093000
515.863942945280
515.863942945280
503.918080093000
503.918080093000
503.918080093000
504.022846759455
503.918080093000
503.918080093000
503.918080093000
519.421908418818
515.862565798166
503.918080093000
506.128407471493
515.759176278824
519.421908418818
503.918080093000
503.918080093000
503.918080093000
503.918080093000
503.918080093000
503.918080093000
503.918080093000
547.592097559637
504.022846759455
503.918080093000
503.918080093000
503.918080093000
503.918080093000
503.918080093000
530.074764272402
503.918080093000
503.918080093000
543.415937881510
503.918080093000
503.918080093000