最优解为:1205.2868
最优解路径:

Best_route =

     3     4    19    20     9    10     1     2     7     8     0     0     0     0     0     0     0     0     0     0     0     0
    17    18    15    16     5     6    13    14    11    12    21     0     0     0     0     0     0     0     0     0     0     0
     0     0     0     0     0     0     0     0     0     0     0     0     0     0     0     0     0     0     0     0     0     0

本次运算用时:12.501秒
算法在第22代时收敛

best
1506.42389409882
1506.42389409882
1206.61013631063
1206.55981502250
1206.55981502250
1206.55981502250
1206.55981502250
1206.55981502250
1206.55981502250
1206.55981502250
1206.55981502250
1206.42389409882
1206.42389409882
1206.42389409882
1206.42389409882
1206.42389409882
1206.42389409882
1206.42389409882
1206.42389409882
1206.42389409882
1206.42389409882
1205.28680111054
1205.28680111054
1205.28680111054
1205.28680111054
1205.28680111054
1205.28680111054
1205.28680111054
1205.28680111054
1205.28680111054
1205.28680111054
1205.28680111054
1205.28680111054
1205.28680111054
1205.28680111054
1205.28680111054
1205.28680111054
1205.28680111054
1205.28680111054
1205.28680111054
1205.28680111054
1205.28680111054
1205.28680111054
1205.28680111054
1205.28680111054
1205.28680111054
1205.28680111054
1205.28680111054
1205.28680111054
1205.28680111054
1205.28680111054
1205.28680111054
1205.28680111054
1205.28680111054
1205.28680111054
1205.28680111054
1205.28680111054
1205.28680111054
1205.28680111054
1205.28680111054
1205.28680111054
1205.28680111054
1205.28680111054
1205.28680111054
1205.28680111054
1205.28680111054
1205.28680111054
1205.28680111054
1205.28680111054
1205.28680111054
1205.28680111054
1205.28680111054
1205.28680111054
1205.28680111054
1205.28680111054
1205.28680111054
1205.28680111054
1205.28680111054
1205.28680111054
1205.28680111054
1205.28680111054
1205.28680111054
1205.28680111054
1205.28680111054
1205.28680111054
1205.28680111054
1205.28680111054
1205.28680111054
1205.28680111054
1205.28680111054
1205.28680111054
1205.28680111054
1205.28680111054
1205.28680111054
1205.28680111054
1205.28680111054
1205.28680111054
1205.28680111054
1205.28680111054
1205.28680111054
1205.28680111054
1205.28680111054
1205.28680111054
1205.28680111054
1205.28680111054
1205.28680111054
1205.28680111054
1205.28680111054
1205.28680111054
1205.28680111054
1205.28680111054
1205.28680111054
1205.28680111054
1205.28680111054
1205.28680111054
1205.28680111054
1205.28680111054
1205.28680111054
1205.28680111054
1205.28680111054
1205.28680111054
1205.28680111054
1205.28680111054
1205.28680111054
1205.28680111054
1205.28680111054
1205.28680111054
1205.28680111054
1205.28680111054
1205.28680111054
1205.28680111054
1205.28680111054
1205.28680111054
1205.28680111054
1205.28680111054
1205.28680111054
1205.28680111054
1205.28680111054
1205.28680111054
1205.28680111054
1205.28680111054
1205.28680111054
1205.28680111054
1205.28680111054
1205.28680111054
1205.28680111054
1205.28680111054
1205.28680111054
1205.28680111054
1205.28680111054
1205.28680111054
1205.28680111054
1205.28680111054
1205.28680111054
1205.28680111054
1205.28680111054
1205.28680111054
1205.28680111054
1205.28680111054
1205.28680111054
1205.28680111054
1205.28680111054
1205.28680111054
1205.28680111054
1205.28680111054
1205.28680111054
1205.28680111054
1205.28680111054
1205.28680111054
1205.28680111054
1205.28680111054
1205.28680111054
1205.28680111054
1205.28680111054
1205.28680111054
1205.28680111054
1205.28680111054
1205.28680111054
1205.28680111054
1205.28680111054
1205.28680111054
1205.28680111054
1205.28680111054
1205.28680111054
1205.28680111054
1205.28680111054
1205.28680111054
1205.28680111054
1205.28680111054
1205.28680111054
1205.28680111054
1205.28680111054
1205.28680111054
1205.28680111054
1205.28680111054
1205.28680111054
1205.28680111054
1205.28680111054
1205.28680111054
1205.28680111054

ave
1644.31925866677
1710.16805051452
1653.67245703011
1627.82299685171
1647.68564104895
1639.60512305299
1586.11581064284
1689.73987808830
1797.11621962382
1702.05089924077
1613.60366577447
1633.81206522464
1762.08669169713
1652.90298738904
1652.21456339237
1490.81466309096
1624.58437000155
1612.80689733854
1578.99948820303
1546.16891972535
1737.01018987015
1553.15809402633
1512.51345560110
1526.41832403550
1626.04551922997
1580.00185042736
1597.39353786918
1630.73130201584
1563.65444690815
1350.64937778624
1474.50977714190
1482.87009770582
1479.11556438299
1446.18788785420
1560.98804776386
1408.63473709266
1631.71143503280
1539.60022430568
1530.68283393092
1397.88693622144
1526.63012982371
1539.10290742030
1705.32173855006
1639.60506351123
1675.68707912409
1640.54488683472
1537.57373365067
1586.44398604926
1536.15321912949
1603.60958380173
1599.16993311943
1661.43742437395
1547.76698919402
1695.11608997766
1704.16074566454
1771.82986961903
1710.12291228315
1511.50220540330
1483.79487427142
1740.16893017791
1703.99986878718
1537.68071714626
1562.61003888427
1587.78521113369
1574.96454153209
1707.54983785753
1628.46030726434
1751.99502708011
1756.32420092916
1627.94774327520
1541.80125172511
1551.49929503832
1708.63708708860
1523.46775682702
1778.87855948138
1662.11652517486
1503.01345695627
1660.43464205496
1679.04901159986
1536.58431790134
1794.90917017853
1620.03654376069
1686.94032381485
1553.95327687053
1534.86916512071
1522.65317108507
1549.31285010168
1507.77260046076
1636.24352863706
1557.42994316883
1729.46351685062
1657.93636197540
1594.57784204898
1628.94506593044
1553.95699523725
1628.05393944592
1583.73901490135
1529.28360623357
1545.96840300511
1551.92585577507
1542.25995493755
1516.75303614176
1646.58144272999
1584.54649901943
1598.29461756169
1628.03425889989
1622.98293456098
1520.11008502999
1510.93970386075
1579.41697214710
1548.45007464154
1750.06859791021
1676.83369801132
1666.04847613005
1532.55770736674
1604.84743777275
1553.64743829480
1507.82418522657
1451.21432240857
1508.42801991571
1642.58940880833
1632.51150811598
1555.89759621762
1440.53711940309
1568.99993125513
1519.91274911922
1465.27787318777
1537.97239113006
1551.94508445380
1722.26255168058
1366.80756887556
1479.38908856576
1537.80575491086
1580.32028465511
1474.64429786551
1551.21917134584
1718.25324669043
1533.40221532786
1614.01359219773
1529.97271624074
1411.77932027357
1659.01725205997
1689.98162277583
1455.07027849754
1660.41348193050
1725.18006098241
1638.58880372157
1457.49987638608
1474.70638899551
1629.13687545108
1589.07948834782
1572.03322685741
1612.00733779127
1671.48549519746
1720.44736519361
1549.40214831247
1639.94946255194
1562.26250963473
1569.81536049368
1500.52662441821
1543.29741424441
1715.93455180511
1548.53428842737
1689.92575333670
1614.21532735066
1397.32004709546
1552.47909073267
1611.84098175487
1615.03223958791
1498.98826608591
1671.28422970316
1791.92434167379
1607.34129944045
1404.27158277777
1466.11147590655
1375.01298685797
1583.70161962508
1618.19438721687
1646.96748044636
1481.93745165439
1817.59553676915
1427.06338000028
1547.98995483820
1626.62464149317
1499.01644898547
1512.82221819318
1550.50624506092
1631.83678676491
1450.87104971792
1560.91294730020
1475.34868021480
1507.68444750747
1393.76237128304
1544.12970456933
1584.05209012312
1526.62527875942
1565.85344414965
1556.20602870355
1414.30133797915
1583.04546991372