最优解为:1783.7659
最优解路径:

Best_route =

  1 至 24 列

    11    12     7     8    29    30    17    18     5     6    13    14     0     0     0     0     0     0     0     0     0     0     0     0
     0     0     0     0     0     0     0     0     0     0     0     0     0     0     0     0     0     0     0     0     0     0     0     0
     0     0     0     0     0     0     0     0     0     0     0     0     0     0     0     0     0     0     0     0     0     0     0     0
    21    22    23    24    25    26     3     4    15    16     0     0     0     0     0     0     0     0     0     0     0     0     0     0
    27    28    19    20     1     2     9    10     0     0     0     0     0     0     0     0     0     0     0     0     0     0     0     0

  25 至 31 列

     0     0     0     0     0     0     0
     0     0     0     0     0     0     0
     0     0     0     0     0     0     0
     0     0     0     0     0     0     0
     0     0     0     0     0     0     0

本次运算用时:114.888秒
算法在第174代时收敛

best
1797.73203106770
1795.32947032684
1795.32947032684
1795.32947032684
1795.32947032684
1795.32947032684
1795.32947032684
1795.32947032684
1795.32947032684
1795.32947032684
1792.36411175856
1792.36411175856
1790.84933488527
1790.84933488527
1790.84933488527
1790.84933488527
1790.84933488527
1790.84933488527
1789.76850158328
1789.76850158328
1785.49013704010
1785.49013704010
1785.49013704010
1785.49013704010
1785.49013704010
1785.49013704010
1785.49013704010
1785.49013704010
1785.49013704010
1785.49013704010
1785.49013704010
1785.49013704010
1785.49013704010
1785.49013704010
1785.49013704010
1785.49013704010
1785.49013704010
1785.49013704010
1785.49013704010
1785.49013704010
1785.49013704010
1785.49013704010
1785.49013704010
1785.49013704010
1785.49013704010
1785.49013704010
1785.49013704010
1785.49013704010
1785.49013704010
1785.49013704010
1785.49013704010
1785.49013704010
1785.49013704010
1785.49013704010
1785.49013704010
1785.49013704010
1785.49013704010
1785.49013704010
1785.49013704010
1785.49013704010
1785.49013704010
1785.49013704010
1785.49013704010
1785.49013704010
1785.49013704010
1785.49013704010
1785.49013704010
1785.49013704010
1785.49013704010
1785.49013704010
1785.49013704010
1785.49013704010
1785.49013704010
1785.49013704010
1785.49013704010
1785.49013704010
1785.49013704010
1785.49013704010
1785.49013704010
1785.49013704010
1785.49013704010
1785.49013704010
1785.49013704010
1785.49013704010
1785.49013704010
1785.49013704010
1785.49013704010
1785.49013704010
1785.49013704010
1785.49013704010
1785.49013704010
1785.49013704010
1785.49013704010
1785.49013704010
1785.49013704010
1785.49013704010
1785.49013704010
1785.49013704010
1785.49013704010
1785.49013704010
1785.49013704010
1785.49013704010
1785.49013704010
1785.49013704010
1785.49013704010
1785.49013704010
1785.49013704010
1785.49013704010
1785.49013704010
1785.49013704010
1785.49013704010
1785.49013704010
1785.49013704010
1785.49013704010
1785.49013704010
1785.49013704010
1785.49013704010
1785.49013704010
1785.49013704010
1785.49013704010
1785.49013704010
1785.49013704010
1785.49013704010
1785.49013704010
1785.49013704010
1785.49013704010
1785.49013704010
1785.49013704010
1785.49013704010
1785.49013704010
1785.49013704010
1785.49013704010
1785.49013704010
1785.49013704010
1785.49013704010
1785.49013704010
1785.49013704010
1785.49013704010
1785.49013704010
1785.49013704010
1785.49013704010
1785.49013704010
1785.49013704010
1785.49013704010
1785.49013704010
1785.49013704010
1785.49013704010
1785.49013704010
1785.49013704010
1785.49013704010
1785.49013704010
1785.49013704010
1785.49013704010
1785.49013704010
1785.49013704010
1785.49013704010
1785.49013704010
1785.49013704010
1785.49013704010
1785.49013704010
1785.49013704010
1785.49013704010
1785.49013704010
1785.49013704010
1785.49013704010
1785.49013704010
1785.49013704010
1785.49013704010
1785.49013704010
1785.49013704010
1785.49013704010
1785.49013704010
1785.49013704010
1783.76591514845
1783.76591514845
1783.76591514845
1783.76591514845
1783.76591514845
1783.76591514845
1783.76591514845
1783.76591514845
1783.76591514845
1783.76591514845
1783.76591514845
1783.76591514845
1783.76591514845
1783.76591514845
1783.76591514845
1783.76591514845
1783.76591514845
1783.76591514845
1783.76591514845
1783.76591514845
1783.76591514845
1783.76591514845
1783.76591514845
1783.76591514845
1783.76591514845
1783.76591514845
1783.76591514845
1783.76591514845
1783.76591514845
1783.76591514845
1783.76591514845
1783.76591514845
1783.76591514845
1783.76591514845
1783.76591514845
1783.76591514845
1783.76591514845
1783.76591514845
1783.76591514845
1783.76591514845
1783.76591514845
1783.76591514845
1783.76591514845
1783.76591514845
1783.76591514845
1783.76591514845
1783.76591514845
1783.76591514845
1783.76591514845
1783.76591514845
1783.76591514845
1783.76591514845
1783.76591514845
1783.76591514845
1783.76591514845
1783.76591514845
1783.76591514845
1783.76591514845
1783.76591514845
1783.76591514845
1783.76591514845
1783.76591514845
1783.76591514845
1783.76591514845
1783.76591514845
1783.76591514845
1783.76591514845
1783.76591514845
1783.76591514845
1783.76591514845
1783.76591514845
1783.76591514845
1783.76591514845
1783.76591514845
1783.76591514845
1783.76591514845
1783.76591514845
1783.76591514845
1783.76591514845
1783.76591514845
1783.76591514845
1783.76591514845
1783.76591514845
1783.76591514845
1783.76591514845
1783.76591514845
1783.76591514845
1783.76591514845
1783.76591514845
1783.76591514845
1783.76591514845
1783.76591514845
1783.76591514845
1783.76591514845
1783.76591514845
1783.76591514845
1783.76591514845
1783.76591514845
1783.76591514845
1783.76591514845
1783.76591514845
1783.76591514845
1783.76591514845
1783.76591514845
1783.76591514845
1783.76591514845
1783.76591514845
1783.76591514845
1783.76591514845
1783.76591514845
1783.76591514845
1783.76591514845
1783.76591514845
1783.76591514845
1783.76591514845
1783.76591514845
1783.76591514845
1783.76591514845
1783.76591514845
1783.76591514845
1783.76591514845
1783.76591514845
1783.76591514845
1783.76591514845
1783.76591514845
1783.76591514845
1783.76591514845
1783.76591514845
1783.76591514845
1783.76591514845
1783.76591514845
1783.76591514845
1783.76591514845
1783.76591514845
1783.76591514845
1783.76591514845
1783.76591514845
1783.76591514845
1783.76591514845
1783.76591514845
1783.76591514845
1783.76591514845
1783.76591514845
1783.76591514845
1783.76591514845
1783.76591514845
1783.76591514845
1783.76591514845
1783.76591514845
1783.76591514845
1783.76591514845
1783.76591514845
1783.76591514845
1783.76591514845
1783.76591514845
1783.76591514845
1783.76591514845
1783.76591514845
1783.76591514845
1783.76591514845
1783.76591514845
1783.76591514845
1783.76591514845
1783.76591514845
1783.76591514845
1783.76591514845
1783.76591514845
1783.76591514845
1783.76591514845
1783.76591514845
1783.76591514845
1783.76591514845
1783.76591514845
1783.76591514845
1783.76591514845
1783.76591514845
1783.76591514845
1783.76591514845
1783.76591514845
1783.76591514845
1783.76591514845
1783.76591514845
1783.76591514845
1783.76591514845
1783.76591514845
1783.76591514845
1783.76591514845
1783.76591514845
1783.76591514845
1783.76591514845
1783.76591514845
1783.76591514845
1783.76591514845
1783.76591514845
1783.76591514845
1783.76591514845
1783.76591514845
1783.76591514845
1783.76591514845
1783.76591514845
1783.76591514845
1783.76591514845
1783.76591514845
1783.76591514845
1783.76591514845
1783.76591514845
1783.76591514845
1783.76591514845
1783.76591514845
1783.76591514845
1783.76591514845
1783.76591514845
1783.76591514845
1783.76591514845
1783.76591514845
1783.76591514845
1783.76591514845
1783.76591514845
1783.76591514845
1783.76591514845
1783.76591514845
1783.76591514845
1783.76591514845
1783.76591514845
1783.76591514845
1783.76591514845
1783.76591514845
1783.76591514845
1783.76591514845
1783.76591514845
1783.76591514845
1783.76591514845
1783.76591514845
1783.76591514845
1783.76591514845
1783.76591514845
