实验环境：
VeiNum = 2（drop3）
Q_ant = 150
AntNum = 20 
iter_max = 200
抽取的客户节点编号为

Cus_select =

    57    44    50    35    46     8    24    33

各任务对应的的客户节点编号为

Task_Cus =

    57    44    50    35    46     8    24    33

cus
40	50
40	50
40	50
30	25
55	82
72	35
67	85
18	80
15	80
38	15
85	25

task
3	4	3	0	1
4	2	4	1	0
2	5	1	0	1
5	3	2	3	0
2	6	1	0	1
6	3	2	5	0
2	7	1	0	1
7	3	2	7	0
2	8	1	0	1
8	3	2	9	0
3	9	3	0	1
9	2	4	11	0
2	10	1	0	1
10	3	2	13	0
2	11	1	0	1
11	3	2	15	0

linktime
0	1.17314560089181	0.673145600891813	0	0.883529852353615	0	0.883529852353615	0	1.10510180526502	0	0.930053761886914	1.47628120948833	0.976281209488332	0	0.876427407147905	0	1.28695376762338
0.673145600891813	2.01295786845029	0	0.839812267558480	1.55603663195954	0.839812267558480	1.07935165724615	0.839812267558480	1.76227835485771	0.839812267558480	1.40734679450376	2.31609347704681	1.42521928137392	0.839812267558480	0.320156211871642	0.839812267558480	1.37500000000000
0	1.17314560089181	0.839812267558480	0	1.05019651902028	0	1.05019651902028	0	1.27176847193168	0	1.09672042855358	1.47628120948833	1.14294787615500	0	1.04309407381457	0	1.45362043429004
0.883529852353615	2.22334211991209	1.55603663195954	1.05019651902028	0	1.05019651902028	49.9799959983992	1.05019651902028	12.3693168768530	1.05019651902028	37.0540146272978	2.52647772850861	1.00124921972504	1.05019651902028	69.1230786351418	1.05019651902028	64.4127316607517
1.38352985235361	1.55603663195954	2.22334211991209	1.38352985235361	2.43372637137390	1.38352985235361	2.43372637137390	1.38352985235361	2.65529832428530	1.38352985235361	2.48025028090720	1.00124921972504	2.52647772850861	1.38352985235361	2.42662392616819	1.38352985235361	2.83715028664366
0.883529852353615	2.22334211991209	1.07935165724615	1.05019651902028	49.9799959983992	1.05019651902028	0	1.05019651902028	50.2493781056045	1.05019651902028	70.2922470831599	2.52647772850861	1.81555776553653	1.05019651902028	39.4461658466320	1.05019651902028	16.4012194668567
1.38352985235361	1.07935165724615	2.22334211991209	1.38352985235361	2.43372637137390	1.38352985235361	2.43372637137390	1.38352985235361	2.65529832428530	1.38352985235361	2.48025028090720	1.81555776553653	2.52647772850861	1.38352985235361	2.42662392616819	1.38352985235361	2.83715028664366
1.10510180526502	2.44491407282350	1.76227835485771	1.27176847193168	12.3693168768530	1.27176847193168	50.2493781056045	1.27176847193168	0	1.27176847193168	49.2544414240990	2.74804968142002	1.30599578866090	1.27176847193168	75.7693869580585	1.27176847193168	62.6418390534633
1.60510180526502	1.76227835485771	2.44491407282350	1.60510180526502	2.65529832428530	1.60510180526502	2.65529832428530	1.60510180526502	2.87687027719670	1.60510180526502	2.70182223381860	1.30599578866090	2.74804968142002	1.60510180526502	2.64819587907959	1.60510180526502	3.05872223955506
0.930053761886914	2.26986602944539	1.40734679450376	1.09672042855358	37.0540146272978	1.09672042855358	70.2922470831599	1.09672042855358	49.2544414240990	1.09672042855358	0	2.57300163804191	0.0750000000000000	1.09672042855358	68.0073525436772	1.09672042855358	86.6833317310774
1.43005376188691	1.40734679450376	2.26986602944539	1.43005376188691	2.48025028090720	1.43005376188691	2.48025028090720	1.43005376188691	2.70182223381860	1.43005376188691	2.52677419044049	0.0750000000000000	2.57300163804191	1.43005376188691	2.47314783570149	1.43005376188691	2.88367419617696
0.976281209488332	2.31609347704681	1.42521928137392	1.14294787615500	1.00124921972504	1.14294787615500	1.81555776553653	1.14294787615500	1.30599578866090	1.14294787615500	0.0750000000000000	2.61922908564333	0	1.14294787615500	1.72373141759382	1.14294787615500	2.22556172684561
0	1.17314560089181	0.839812267558480	0	1.05019651902028	0	1.05019651902028	0	1.27176847193168	0	1.09672042855358	1.47628120948833	1.14294787615500	0	1.04309407381457	0	1.45362043429004
0.876427407147905	2.21623967470639	0.320156211871642	1.04309407381457	69.1230786351418	1.04309407381457	39.4461658466320	1.04309407381457	75.7693869580585	1.04309407381457	68.0073525436772	2.51937528330290	1.72373141759382	1.04309407381457	0	1.04309407381457	48.0520551069359
1.37642740714791	0.320156211871642	2.21623967470639	1.37642740714791	2.42662392616819	1.37642740714791	2.42662392616819	1.37642740714791	2.64819587907959	1.37642740714791	2.47314783570149	1.72373141759382	2.51937528330290	1.37642740714791	2.41952148096248	1.37642740714791	2.83004784143795
1.28695376762338	2.62676603518185	1.37500000000000	1.45362043429004	64.4127316607517	1.45362043429004	16.4012194668567	1.45362043429004	62.6418390534633	1.45362043429004	86.6833317310774	2.92990164377837	2.22556172684561	1.45362043429004	48.0520551069359	1.45362043429004	0
1.78695376762338	1.37500000000000	2.62676603518185	1.78695376762338	2.83715028664366	1.78695376762338	2.83715028664366	1.78695376762338	3.05872223955506	1.78695376762338	2.88367419617696	2.22556172684561	2.92990164377837	1.78695376762338	2.83004784143795	1.78695376762338	3.24057420191342

tasktime
0
0.166666666666667
1.33981226755848
1.55019651902028
0.166666666666667
1.55019651902028
0.166666666666667
1.77176847193168
0.166666666666667
1.59672042855358
0.166666666666667
0.166666666666667
1.64294787615500
1.54309407381457
0.166666666666667
1.95362043429004
0.166666666666667


1
4	2	4	0	0
2	5	1	0	1
2	6	1	0	1
2	7	1	0	1
2	8	1	0	1
9	2	4	0	0
2	10	1	0	1
2	11	1	0	1

2
3	4	3	0	1
5	3	2	0	0
6	3	2	0	0
7	3	2	0	0
8	3	2	0	0
3	9	3	0	1
10	3	2	0	0
11	3	2	0	0


linktime1
0	0.673145600891813	0	0	0	0	0.976281209488332	0	0
0	0.839812267558480	0	0	0	0	1.14294787615500	0	0
0.883529852353615	1.55603663195954	1.05019651902028	1.05019651902028	1.05019651902028	1.05019651902028	1.00124921972504	1.05019651902028	1.05019651902028
0.883529852353615	1.07935165724615	1.05019651902028	1.05019651902028	1.05019651902028	1.05019651902028	1.81555776553653	1.05019651902028	1.05019651902028
1.10510180526502	1.76227835485771	1.27176847193168	1.27176847193168	1.27176847193168	1.27176847193168	1.30599578866090	1.27176847193168	1.27176847193168
0.930053761886914	1.40734679450376	1.09672042855358	1.09672042855358	1.09672042855358	1.09672042855358	0.0750000000000000	1.09672042855358	1.09672042855358
0	0.839812267558480	0	0	0	0	1.14294787615500	0	0
0.876427407147905	0.320156211871642	1.04309407381457	1.04309407381457	1.04309407381457	1.04309407381457	1.72373141759382	1.04309407381457	1.04309407381457
1.28695376762338	1.37500000000000	1.45362043429004	1.45362043429004	1.45362043429004	1.45362043429004	2.22556172684561	1.45362043429004	1.45362043429004

tasktime1
0
1.33981226755848
1.55019651902028
1.55019651902028
1.77176847193168
1.59672042855358
1.64294787615500
1.54309407381457
1.95362043429004

linktime2
0	1.17314560089181	0.883529852353615	0.883529852353615	1.10510180526502	0.930053761886914	1.47628120948833	0.876427407147905	1.28695376762338
0.673145600891813	2.01295786845029	1.55603663195954	1.07935165724615	1.76227835485771	1.40734679450376	2.31609347704681	0.320156211871642	1.37500000000000
1.38352985235361	1.55603663195954	2.43372637137390	2.43372637137390	2.65529832428530	2.48025028090720	1.00124921972504	2.42662392616819	2.83715028664366
1.38352985235361	1.07935165724615	2.43372637137390	2.43372637137390	2.65529832428530	2.48025028090720	1.81555776553653	2.42662392616819	2.83715028664366
1.60510180526502	1.76227835485771	2.65529832428530	2.65529832428530	2.87687027719670	2.70182223381860	1.30599578866090	2.64819587907959	3.05872223955506
1.43005376188691	1.40734679450376	2.48025028090720	2.48025028090720	2.70182223381860	2.52677419044049	0.0750000000000000	2.47314783570149	2.88367419617696
0.976281209488332	2.31609347704681	1.00124921972504	1.81555776553653	1.30599578866090	0.0750000000000000	2.61922908564333	1.72373141759382	2.22556172684561
1.37642740714791	0.320156211871642	2.42662392616819	2.42662392616819	2.64819587907959	2.47314783570149	1.72373141759382	2.41952148096248	2.83004784143795
