最优解为:1372.7413
最优解路径:

Best_route =

  1 至 24 列

     5    23    24    18     6    10    25    26    28     0     0     0     0     0     0     0     0     0     0     0     0     0     0     0
    21    19    20    17     9     7    27    29    15    30    13    14     0     0     0     0     0     0     0     0     0     0     0     0
     3     4    22    11    12     1     8     2    16     0     0     0     0     0     0     0     0     0     0     0     0     0     0     0

  25 至 31 列

     0     0     0     0     0     0     0
     0     0     0     0     0     0     0
     0     0     0     0     0     0     0

本次运算用时:107.578秒
算法在第1代时收敛

best
1372.74134106761
1372.74134106761
1372.74134106761
1372.74134106761
1372.74134106761
1372.74134106761
1372.74134106761
1372.74134106761
1372.74134106761
1372.74134106761
1372.74134106761
1372.74134106761
1372.74134106761
1372.74134106761
1372.74134106761
1372.74134106761
1372.74134106761
1372.74134106761
1372.74134106761
1372.74134106761
1372.74134106761
1372.74134106761
1372.74134106761
1372.74134106761
1372.74134106761
1372.74134106761
1372.74134106761
1372.74134106761
1372.74134106761
1372.74134106761
1372.74134106761
1372.74134106761
1372.74134106761
1372.74134106761
1372.74134106761
1372.74134106761
1372.74134106761
1372.74134106761
1372.74134106761
1372.74134106761
1372.74134106761
1372.74134106761
1372.74134106761
1372.74134106761
1372.74134106761
1372.74134106761
1372.74134106761
1372.74134106761
1372.74134106761
1372.74134106761
1372.74134106761
1372.74134106761
1372.74134106761
1372.74134106761
1372.74134106761
1372.74134106761
1372.74134106761
1372.74134106761
1372.74134106761
1372.74134106761
1372.74134106761
1372.74134106761
1372.74134106761
1372.74134106761
1372.74134106761
1372.74134106761
1372.74134106761
1372.74134106761
1372.74134106761
1372.74134106761
1372.74134106761
1372.74134106761
1372.74134106761
1372.74134106761
1372.74134106761
1372.74134106761
1372.74134106761
1372.74134106761
1372.74134106761
1372.74134106761
1372.74134106761
1372.74134106761
1372.74134106761
1372.74134106761
1372.74134106761
1372.74134106761
1372.74134106761
1372.74134106761
1372.74134106761
1372.74134106761
1372.74134106761
1372.74134106761
1372.74134106761
1372.74134106761
1372.74134106761
1372.74134106761
1372.74134106761
1372.74134106761
1372.74134106761
1372.74134106761
1372.74134106761
1372.74134106761
1372.74134106761
1372.74134106761
1372.74134106761
1372.74134106761
1372.74134106761
1372.74134106761
1372.74134106761
1372.74134106761
1372.74134106761
1372.74134106761
1372.74134106761
1372.74134106761
1372.74134106761
1372.74134106761
1372.74134106761
1372.74134106761
1372.74134106761
1372.74134106761
1372.74134106761
1372.74134106761
1372.74134106761
1372.74134106761
1372.74134106761
1372.74134106761
1372.74134106761
1372.74134106761
1372.74134106761
1372.74134106761
1372.74134106761
1372.74134106761
1372.74134106761
1372.74134106761
1372.74134106761
1372.74134106761
1372.74134106761
1372.74134106761
1372.74134106761
1372.74134106761
1372.74134106761
1372.74134106761
1372.74134106761
1372.74134106761
1372.74134106761
1372.74134106761
1372.74134106761
1372.74134106761
1372.74134106761
1372.74134106761
1372.74134106761
1372.74134106761
1372.74134106761
1372.74134106761
1372.74134106761
1372.74134106761
1372.74134106761
1372.74134106761
1372.74134106761
1372.74134106761
1372.74134106761
1372.74134106761
1372.74134106761
1372.74134106761
1372.74134106761
1372.74134106761
1372.74134106761
1372.74134106761
1372.74134106761
1372.74134106761
1372.74134106761
1372.74134106761
1372.74134106761
1372.74134106761
1372.74134106761
1372.74134106761
1372.74134106761
1372.74134106761
1372.74134106761
1372.74134106761
1372.74134106761
1372.74134106761
1372.74134106761
1372.74134106761
1372.74134106761
1372.74134106761
1372.74134106761
1372.74134106761
1372.74134106761
1372.74134106761
1372.74134106761
1372.74134106761
1372.74134106761
1372.74134106761
1372.74134106761
1372.74134106761
1372.74134106761
1372.74134106761
1372.74134106761
1372.74134106761

ave
1526.47014382320
1536.00761789541
1528.85858830664
1581.91364592008
1546.76696091917
1546.31878725638
1541.59094859866
1547.75633175594
1565.71865040290
1545.11825250884
1527.34861983852
1544.60494434398
1561.08459370419
1554.08087935754
1544.31820372274
1564.29468502907
1534.87343007097
1538.43619666741
1549.09729228449
1536.00320296057
1547.91562950119
1544.77183867363
1541.64494748355
1586.70034548984
1560.91947102813
1544.61406287530
1519.01917210498
1538.37247822924
1509.18143749143
1508.02246210203
1508.78802989165
1487.23519959894
1498.29700135816
1509.73756757137
1516.48355051284
1487.53994774320
1472.07044575375
1486.47171558852
1480.10985024213
1512.15344344389
1489.29642997174
1496.86434514532
1508.81742826658
1467.05915350415
1457.90775277087
1471.18374110389
1483.88976876166
1487.61397626329
1521.39444591244
1475.66806287915
1463.11795365715
1480.28009387547
1463.01887769667
1500.03892001964
1502.46698815042
1516.23690006355
1494.28197043546
1475.23791389664
1499.92747454061
1522.02567277433
1510.11478088115
1502.79459105163
1542.54699274636
1508.33969121105
1517.38954130597
1506.41122027042
1532.23524807403
1490.58199778014
1526.91116473807
1529.08045864103
1530.01758814162
1526.23657431581
1521.06205275291
1512.01966031578
1521.85917507497
1524.93632866207
1492.08778189802
1516.90887090268
1513.29850174635
1506.88790222567
1503.37446388006
1501.94116364780
1519.21030407365
1533.46951146050
1507.26806819721
1546.73471949432
1497.52997921589
1517.31522625432
1493.56174749650
1514.42120452330
1507.20052397604
1496.88095293256
1515.77109969258
1500.92312758534
1504.63726048275
1508.33032635428
1502.76122761294
1486.93562518990
1521.33877224455
1487.10478864588
1504.28610802062
1506.96837943135
1520.40233990123
1480.57122875426
1495.51873144397
1499.01755313135
1520.01117613889
1479.70711032648
1476.03318420742
1487.21079731096
1492.17767713881
1505.41118069337
1526.79090549100
1485.48184631443
1488.96692016444
1485.03060892143
1501.55176586964
1487.55875439351
1512.31955258528
1491.26210399857
1485.02617923431
1475.22933126245
1489.05152413975
1521.73139385170
1529.12795491325
1518.16390740463
1509.59450818578
1509.65659154868
1519.27875170111
1514.42089504284
1493.56355236680
1480.56396513321
1549.29077679025
1531.02428314452
1499.43293660598
1509.18506181314
1502.12226318892
1538.44887459928
1508.30903951883
1508.65195444135
1526.28664225717
1515.53618357983
1485.62715748902
1532.07522845902
1542.65701908553
1531.62944017641
1508.08114591404
1536.68235910745
1578.04349424478
1578.38278319351
1552.77666514044
1615.66414134307
1572.91441431439
1604.31531258487
1606.72517565752
1500.54949662566
1526.92066144169
1535.64180332534
1539.31241103613
1554.39031413645
1563.76644125881
1589.89384928145
1566.84788915305
1522.48158930651
1508.33502128821
1493.59994730707
1514.41929300237
1527.49083922247
1506.70191384210
1516.47580582259
1492.35260423571
1510.44002012379
1519.58817902495
1530.14886552523
1499.09810015214
1501.75523043763
1517.61985840105
1517.13029791407
1495.70904138069
1508.41278699636
1526.24987601677
1499.27145118622
1499.57600021664
1485.31896318156
1512.53837151484
1513.13040045587
1522.87888639087
1491.53898620674
1530.46272256683
1520.95460806974
1499.11953417340
1504.99120458153
1516.87863356391
1511.47739054967
1524.46168152293
1531.89980697651
1508.71974401926
1497.34482477360
1534.26779523918
1509.21676860688