实验环境：
VeiNum = 2
Q_ant = 150
AntNum = 20 
iter_max = 200
抽取的客户节点编号为

Cus_select =

    54    37    88    89    71    25    31    93

各任务对应的的客户节点编号为

Task_Cus =

    54    37    88    89    71    25    31    93

cus
40	50
40	50
40	50
55	60
65	82
24	58
67	5
65	55
35	5
88	35
61	52

task
3	4	3	0	1
4	2	4	1	0
3	5	3	0	1
5	2	4	3	0
3	6	3	0	1
6	2	4	5	0
2	7	1	0	1
7	3	2	7	0
3	8	3	0	1
8	2	4	9	0
3	9	3	0	1
9	2	4	11	0
2	10	1	0	1
10	3	2	13	0
3	11	3	0	1
11	2	4	15	0

linktime
0	0.950693909432999	0.450693909432999	1.51519702521235	1.01519702521235	0.947213595499958	0.447213595499958	0	1.31196417634019	1.13737743919910	0.637377439199098	1.63192314226718	1.13192314226718	0	1.25722909606802	1.02737557774322	0.527375577743225
0.450693909432999	1.56805448553266	0	2.13255760131201	0.604152298679729	1.56457417159962	0.776611228350453	0.617360576099665	1.40734679450376	1.75473801529876	0.279508497187474	2.24928371836684	1.46308748883995	0.617360576099665	1.03501207722422	1.64473615384289	0.250000000000000
0	0.950693909432999	0.617360576099665	1.51519702521235	1.18186369187901	0.947213595499958	0.613880262166625	0	1.47863084300686	1.13737743919910	0.804044105865765	1.63192314226718	1.29858980893384	0	1.42389576273468	1.02737557774322	0.694042244409891
1.01519702521235	2.13255760131201	0.604152298679729	2.69706071709136	0	2.12907728737897	1.18769735202197	1.18186369187901	1.92564924116517	2.31924113107811	0.675000000000000	2.81378683414619	2.06594409411291	1.18186369187901	1.30814754519511	2.20923926962224	0.756637297521078
0	0.950693909432999	0.617360576099665	1.51519702521235	1.18186369187901	0.947213595499958	0.613880262166625	0	1.47863084300686	1.13737743919910	0.804044105865765	1.63192314226718	1.29858980893384	0	1.42389576273468	1.02737557774322	0.694042244409891
0.447213595499958	1.56457417159962	0.776611228350453	2.12907728737897	1.18769735202197	1.56109385766658	0	0.613880262166625	1.70623855307516	1.75125770136572	1.02774023955472	2.24580340443380	1.35323686027244	0.613880262166625	1.70018381359193	1.64125583990985	0.937083240699566
0	0.950693909432999	0.617360576099665	1.51519702521235	1.18186369187901	0.947213595499958	0.613880262166625	0	1.47863084300686	1.13737743919910	0.804044105865765	1.63192314226718	1.29858980893384	0	1.42389576273468	1.02737557774322	0.694042244409891
1.31196417634019	2.42932475243986	1.40734679450376	2.99382786821921	1.92564924116517	2.42584443850682	1.70623855307516	1.47863084300686	0	2.61600828220596	1.25099960031968	3.11055398527404	0.800000000000000	1.47863084300686	36.6196668472011	2.50600642075008	1.18453577404821
1.81196417634019	1.40734679450376	2.42932475243986	1.92564924116517	2.99382786821921	1.70623855307516	2.42584443850682	1.81196417634019	3.29059501934705	1.25099960031968	2.61600828220596	0.800000000000000	3.11055398527404	1.81196417634019	3.23585993907488	1.18453577404821	2.50600642075008
0.637377439199098	1.75473801529876	0.279508497187474	2.31924113107811	0.675000000000000	1.75125770136572	1.02774023955472	0.804044105865765	1.25099960031968	1.94142154506486	0	2.43596724813294	1.45773797371133	0.804044105865765	0.761987532706409	1.83141968360899	0.125000000000000
0	0.950693909432999	0.617360576099665	1.51519702521235	1.18186369187901	0.947213595499958	0.613880262166625	0	1.47863084300686	1.13737743919910	0.804044105865765	1.63192314226718	1.29858980893384	0	1.42389576273468	1.02737557774322	0.694042244409891
1.13192314226718	2.24928371836684	1.46308748883995	2.81378683414619	2.06594409411291	2.24580340443380	1.35323686027244	1.29858980893384	0.800000000000000	2.43596724813294	1.45773797371133	2.93051295120102	0	1.29858980893384	1.52253899785851	2.32596538667707	1.34280490019958
0	0.950693909432999	0.617360576099665	1.51519702521235	1.18186369187901	0.947213595499958	0.613880262166625	0	1.47863084300686	1.13737743919910	0.804044105865765	1.63192314226718	1.29858980893384	0	1.42389576273468	1.02737557774322	0.694042244409891
1.25722909606802	2.37458967216768	1.03501207722422	2.93909278794703	1.30814754519511	2.37110935823464	1.70018381359193	1.42389576273468	36.6196668472011	2.56127320193378	0.761987532706409	3.05581890500186	1.52253899785851	1.42389576273468	0	2.45127134047791	0.797652806677191
1.75722909606802	1.03501207722422	2.37458967216768	1.30814754519511	2.93909278794703	1.70018381359193	2.37110935823464	1.75722909606802	3.23585993907488	0.761987532706409	2.56127320193378	1.52253899785851	3.05581890500186	1.75722909606802	3.18112485880270	0.797652806677191	2.45127134047791
0.527375577743225	1.64473615384289	0.250000000000000	2.20923926962224	0.756637297521078	1.64125583990985	0.937083240699566	0.694042244409891	1.18453577404821	1.83141968360899	0.125000000000000	2.32596538667707	1.34280490019958	0.694042244409891	0.797652806677191	1.72141782215312	0
0	0.950693909432999	0.617360576099665	1.51519702521235	1.18186369187901	0.947213595499958	0.613880262166625	0	1.47863084300686	1.13737743919910	0.804044105865765	1.63192314226718	1.29858980893384	0	1.42389576273468	1.02737557774322	0.694042244409891

tasktime
0
0.166666666666667
1.11736057609967
0.166666666666667
1.68186369187901
0.166666666666667
1.11388026216662
1.97863084300686
0.166666666666667
0.166666666666667
1.30404410586576
0.166666666666667
1.79858980893384
1.92389576273468
0.166666666666667
0.166666666666667
1.19404224440989


1
4	2	4	0	0
5	2	4	0	0
6	2	4	0	0
2	7	1	0	1
8	2	4	0	0
9	2	4	0	0
2	10	1	0	1
11	2	4	0	0

2
3	4	3	0	1
3	5	3	0	1
3	6	3	0	1
7	3	2	0	0
3	8	3	0	1
3	9	3	0	1
10	3	2	0	0
3	11	3	0	1

linktime1
0	0.450693909432999	1.01519702521235	0.447213595499958	0	0.637377439199098	1.13192314226718	0	0.527375577743225
0	0.617360576099665	1.18186369187901	0.613880262166625	0	0.804044105865765	1.29858980893384	0	0.694042244409891
0	0.617360576099665	1.18186369187901	0.613880262166625	0	0.804044105865765	1.29858980893384	0	0.694042244409891
0	0.617360576099665	1.18186369187901	0.613880262166625	0	0.804044105865765	1.29858980893384	0	0.694042244409891
1.31196417634019	1.40734679450376	1.92564924116517	1.70623855307516	1.47863084300686	1.25099960031968	0.800000000000000	1.47863084300686	1.18453577404821
0	0.617360576099665	1.18186369187901	0.613880262166625	0	0.804044105865765	1.29858980893384	0	0.694042244409891
0	0.617360576099665	1.18186369187901	0.613880262166625	0	0.804044105865765	1.29858980893384	0	0.694042244409891
1.25722909606802	1.03501207722422	1.30814754519511	1.70018381359193	1.42389576273468	0.761987532706409	1.52253899785851	1.42389576273468	0.797652806677191
0	0.617360576099665	1.18186369187901	0.613880262166625	0	0.804044105865765	1.29858980893384	0	0.694042244409891

tasktime1
0
1.11736057609967
1.68186369187901
1.11388026216662
1.97863084300686
1.30404410586576
1.79858980893384
1.92389576273468
1.19404224440989

linktime2
0	0.950693909432999	1.51519702521235	0.947213595499958	1.31196417634019	1.13737743919910	1.63192314226718	1.25722909606802	1.02737557774322
0.450693909432999	1.56805448553266	2.13255760131201	1.56457417159962	1.40734679450376	1.75473801529876	2.24928371836684	1.03501207722422	1.64473615384289
1.01519702521235	2.13255760131201	2.69706071709136	2.12907728737897	1.92564924116517	2.31924113107811	2.81378683414619	1.30814754519511	2.20923926962224
0.447213595499958	1.56457417159962	2.12907728737897	1.56109385766658	1.70623855307516	1.75125770136572	2.24580340443380	1.70018381359193	1.64125583990985
1.81196417634019	1.40734679450376	1.92564924116517	1.70623855307516	3.29059501934705	1.25099960031968	0.800000000000000	3.23585993907488	1.18453577404821
0.637377439199098	1.75473801529876	2.31924113107811	1.75125770136572	1.25099960031968	1.94142154506486	2.43596724813294	0.761987532706409	1.83141968360899
1.13192314226718	2.24928371836684	2.81378683414619	2.24580340443380	0.800000000000000	2.43596724813294	2.93051295120102	1.52253899785851	2.32596538667707
1.75722909606802	1.03501207722422	1.30814754519511	1.70018381359193	3.23585993907488	0.761987532706409	1.52253899785851	3.18112485880270	0.797652806677191
