最优解为:710.2227
最优解路径:

Best_route =

     0     0     0     0     0     0     0     0     0     0     0     0     0     0     0     0
     0     0     0     0     0     0     0     0     0     0     0     0     0     0     0     0
    12     4     1     7    10    15    11     9     6     5     8     2    14     0     0     0
    13     3     0     0     0     0     0     0     0     0     0     0     0     0     0     0

本次运算用时:8.953秒
算法在第88代时收敛

best
718.987034236822
718.987034236822
718.987034236822
718.987034236822
712.491655329169
712.491655329169
712.491655329169
712.491655329169
712.053746042260
712.053746042260
712.053746042260
712.053746042260
712.020000835777
712.020000835777
712.020000835777
712.020000835777
712.020000835777
712.020000835777
712.020000835777
712.020000835777
711.146960481010
711.146960481010
711.146960481010
711.146960481010
711.146960481010
711.146960481010
711.146960481010
711.146960481010
711.039413838020
711.039413838020
711.039413838020
711.039413838020
711.039413838020
711.039413838020
711.039413838020
710.437126264703
710.437126264703
710.437126264703
710.437126264703
710.437126264703
710.437126264703
710.437126264703
710.437126264703
710.437126264703
710.437126264703
710.437126264703
710.437126264703
710.437126264703
710.437126264703
710.437126264703
710.437126264703
710.437126264703
710.437126264703
710.437126264703
710.437126264703
710.437126264703
710.437126264703
710.437126264703
710.437126264703
710.437126264703
710.437126264703
710.437126264703
710.437126264703
710.437126264703
710.437126264703
710.437126264703
710.437126264703
710.437126264703
710.437126264703
710.437126264703
710.437126264703
710.437126264703
710.437126264703
710.437126264703
710.437126264703
710.437126264703
710.437126264703
710.437126264703
710.437126264703
710.437126264703
710.437126264703
710.437126264703
710.437126264703
710.437126264703
710.437126264703
710.437126264703
710.437126264703
710.222731091375
710.222731091375
710.222731091375
710.222731091375
710.222731091375
710.222731091375
710.222731091375
710.222731091375
710.222731091375
710.222731091375
710.222731091375
710.222731091375
710.222731091375
710.222731091375
710.222731091375
710.222731091375
710.222731091375
710.222731091375
710.222731091375
710.222731091375
710.222731091375
710.222731091375
710.222731091375
710.222731091375
710.222731091375
710.222731091375
710.222731091375
710.222731091375
710.222731091375
710.222731091375
710.222731091375
710.222731091375
710.222731091375
710.222731091375
710.222731091375
710.222731091375
710.222731091375
710.222731091375
710.222731091375
710.222731091375
710.222731091375
710.222731091375
710.222731091375
710.222731091375
710.222731091375
710.222731091375
710.222731091375
710.222731091375
710.222731091375
710.222731091375
710.222731091375
710.222731091375
710.222731091375
710.222731091375
710.222731091375
710.222731091375
710.222731091375
710.222731091375
710.222731091375
710.222731091375
710.222731091375
710.222731091375
710.222731091375
710.222731091375
710.222731091375
710.222731091375
710.222731091375
710.222731091375
710.222731091375
710.222731091375
710.222731091375
710.222731091375
710.222731091375
710.222731091375
710.222731091375
710.222731091375
710.222731091375
710.222731091375
710.222731091375
710.222731091375
710.222731091375
710.222731091375
710.222731091375
710.222731091375
710.222731091375
710.222731091375
710.222731091375
710.222731091375
710.222731091375
710.222731091375
710.222731091375
710.222731091375
710.222731091375
710.222731091375
710.222731091375
710.222731091375
710.222731091375
710.222731091375
710.222731091375
710.222731091375
710.222731091375
710.222731091375
710.222731091375
710.222731091375
710.222731091375
710.222731091375
710.222731091375
710.222731091375
710.222731091375
710.222731091375
710.222731091375
710.222731091375
710.222731091375

ave
737.331056759807
764.234767557880
793.835067806461
776.655350647787
793.289902361195
759.930218224479
814.263295773825
790.538207271510
769.765146629525
774.039968703173
816.089922639415
785.208039169230
784.321069550770
784.531796207773
796.075616883830
816.184107911916
812.019894765664
738.700228046465
809.676514721223
810.381829802064
779.619517634030
839.011576753844
762.062113421810
765.308059102796
808.493980107956
791.558095737345
780.344652623453
763.165614969307
730.982306861636
777.140272638274
820.893110735442
777.529457579565
776.867398670790
775.889071409463
772.967855145023
759.282858100876
758.449631945439
746.567485398760
727.665478777772
759.465728897635
787.924806836559
772.836518782931
802.689365433949
741.947953762195
757.367384579851
787.924824367054
785.678894618093
727.866587741092
741.540055135948
726.594819517595
712.521266396175
726.561129992212
725.489154671319
741.057544790546
757.694524512978
742.167431997823
740.224926230387
725.755725123471
771.984635176046
740.456501263311
725.899194446661
710.710050640759
710.978213910247
710.666450967926
710.681519062078
741.395903470190
725.886521828987
710.732027892737
710.542101049899
725.874022710898
712.628611807948
710.437126264703
712.458773284562
711.455505907978
725.816648377847
710.508109686334
710.581438614844
710.873631034045
710.472617975518
726.326159898319
713.004583340730
726.784479436705
713.362673407709
730.085693625574
728.099212135212
726.581880735157
711.052258829171
741.581647210317
711.844577237862
726.814391121881
710.308489160706
710.297769402040
711.092763066344
710.329928678039
725.736205078526
710.908790651763
710.567583332905
725.087773595431
711.950410811657
711.740315730133
710.308489160706
711.687636466061
710.222731091375
711.370731725477
711.141610689690
725.256876780805
710.265610126040
725.273453178063
727.412547939174
742.086160167934
726.907565230410
711.574905757975
711.183833491316
710.222731091375
711.736080902696
710.952629730996
711.823673027738
712.571491871262
710.222731091375
712.159829712045
711.203601255165
710.876631375764
712.389831575959
710.222731091375
725.591686305065
710.466757929698
729.804558233432
725.573845842846
711.265155385905
713.124626540821
726.473545847541
726.528728702969
726.560631167274
712.663097043830
711.484908851669
710.386449705116
725.510880264867
726.784717797829
725.170732613198
713.017291384135
712.014268686174
726.005002731282
726.209604385912
710.852352663282
726.138181205750
711.849503581757
710.222731091375
725.903002486057
711.919002297959
711.725198470222
725.765375807068
711.206163699002
725.570152567569
710.466757929698
726.451193980303
726.193791712855
711.626878546158
740.166004759724
725.348477575009
710.848328242385
726.556621260490
710.222731091375
727.570418503665
712.114519736789
726.161962622596
711.493403954628
725.475466341892
726.765200798244
711.105628586071
710.258222802190
711.647735683911
710.416564083782
710.550168318858
742.304293061840
725.682273878335
715.071524565323
711.899393622868
712.941844639731
725.794463254419
742.532064311805
712.122410451937
710.939806652992
710.222731091375
726.848388000378
710.588988745402
713.179025834631
726.959395695519
726.180516384528
712.059006377613
726.053626979544
725.262733419396
725.957341373439
711.350591459414
726.614189908023
741.338388229165
710.222731091375
710.653008090774
711.930314617732
741.422228149628
711.131159493173