最优解为:651.3573
最优解路径:

Best_route =

     0     0     0     0     0     0     0     0     0     0     0     0     0     0     0     0
     0     0     0     0     0     0     0     0     0     0     0     0     0     0     0     0
     7     2    14    11    15     5     6    10     0     0     0     0     0     0     0     0
     8     1     4     9     3    13    12     0     0     0     0     0     0     0     0     0

本次运算用时:9.025秒
算法在第19代时收敛

best
655.984646878727
655.984646878727
655.893872599829
654.807872599828
654.807872599828
654.807872599828
654.807872599828
654.807872599828
654.807872599828
654.807872599828
654.807872599828
651.520667817074
651.520667817074
651.520667817074
651.520667817074
651.520667817074
651.520667817074
651.520667817074
651.357325401628
651.357325401628
651.357325401628
651.357325401628
651.357325401628
651.357325401628
651.357325401628
651.357325401628
651.357325401628
651.357325401628
651.357325401628
651.357325401628
651.357325401628
651.357325401628
651.357325401628
651.357325401628
651.357325401628
651.357325401628
651.357325401628
651.357325401628
651.357325401628
651.357325401628
651.357325401628
651.357325401628
651.357325401628
651.357325401628
651.357325401628
651.357325401628
651.357325401628
651.357325401628
651.357325401628
651.357325401628
651.357325401628
651.357325401628
651.357325401628
651.357325401628
651.357325401628
651.357325401628
651.357325401628
651.357325401628
651.357325401628
651.357325401628
651.357325401628
651.357325401628
651.357325401628
651.357325401628
651.357325401628
651.357325401628
651.357325401628
651.357325401628
651.357325401628
651.357325401628
651.357325401628
651.357325401628
651.357325401628
651.357325401628
651.357325401628
651.357325401628
651.357325401628
651.357325401628
651.357325401628
651.357325401628
651.357325401628
651.357325401628
651.357325401628
651.357325401628
651.357325401628
651.357325401628
651.357325401628
651.357325401628
651.357325401628
651.357325401628
651.357325401628
651.357325401628
651.357325401628
651.357325401628
651.357325401628
651.357325401628
651.357325401628
651.357325401628
651.357325401628
651.357325401628
651.357325401628
651.357325401628
651.357325401628
651.357325401628
651.357325401628
651.357325401628
651.357325401628
651.357325401628
651.357325401628
651.357325401628
651.357325401628
651.357325401628
651.357325401628
651.357325401628
651.357325401628
651.357325401628
651.357325401628
651.357325401628
651.357325401628
651.357325401628
651.357325401628
651.357325401628
651.357325401628
651.357325401628
651.357325401628
651.357325401628
651.357325401628
651.357325401628
651.357325401628
651.357325401628
651.357325401628
651.357325401628
651.357325401628
651.357325401628
651.357325401628
651.357325401628
651.357325401628
651.357325401628
651.357325401628
651.357325401628
651.357325401628
651.357325401628
651.357325401628
651.357325401628
651.357325401628
651.357325401628
651.357325401628
651.357325401628
651.357325401628
651.357325401628
651.357325401628
651.357325401628
651.357325401628
651.357325401628
651.357325401628
651.357325401628
651.357325401628
651.357325401628
651.357325401628
651.357325401628
651.357325401628
651.357325401628
651.357325401628
651.357325401628
651.357325401628
651.357325401628
651.357325401628
651.357325401628
651.357325401628
651.357325401628
651.357325401628
651.357325401628
651.357325401628
651.357325401628
651.357325401628
651.357325401628
651.357325401628
651.357325401628
651.357325401628
651.357325401628
651.357325401628
651.357325401628
651.357325401628
651.357325401628
651.357325401628
651.357325401628
651.357325401628
651.357325401628
651.357325401628
651.357325401628
651.357325401628
651.357325401628
651.357325401628
651.357325401628
651.357325401628
651.357325401628
651.357325401628
651.357325401628
651.357325401628
651.357325401628

ave
933.496384253882
903.831120456496
856.903867724677
902.519588366989
871.001002886307
825.699242053461
825.233255263009
824.676074785823
749.489717747696
749.134907741633
825.073600549225
792.636424866116
808.695065830979
776.797031735729
733.831852005953
745.590596738789
791.188172682034
791.633752626211
762.979745666206
746.719562114764
761.697996910981
746.887625899331
775.356308189436
686.300002073929
700.068165020846
760.720044181714
745.207386300031
790.702504597927
745.188153537297
745.031818055178
774.898400416042
760.804640222549
729.278626234495
684.558042896243
697.392246424536
712.559389447045
758.521922185481
801.828696445116
712.410695986578
727.007693455183
712.310284227955
727.404201748930
756.682962514091
772.248806996458
696.549452224857
698.072532162735
711.977739044334
726.366691888952
727.009191824871
741.744855877338
652.275678366791
697.036604105696
711.963125894328
711.721027741649
726.447774096502
711.485396969865
696.630868370450
667.229912466763
666.688912513487
667.186599731725
682.662713418514
667.870215093283
682.206597155894
667.739849190621
681.778690349460
653.298659145402
682.733506710882
651.934008338706
667.328248923231
666.691692201945
666.821628864513
682.149791050620
682.573164434074
651.534391475483
696.965244557437
667.229622309398
652.516059845166
714.648941985421
667.631892728253
712.638635107299
683.119251928754
667.712493201884
667.050781496997
697.240411144009
728.363016249161
698.248035282160
667.230238946265
697.170108565062
652.516676482032
666.879091701839
698.576844506923
729.069800417489
697.595282530439
697.529609282154
713.093986693006
667.102259128073
668.164429566025
667.154962323569
697.800147154197
651.992696740450
652.665444850892
683.113996924333
681.695060254097
652.800751033737
652.063739786448
682.968823654722
682.847190315935
683.030970301549
713.005645285609
682.645445678261
697.813743019518
713.086325899524
667.960182349127
681.955756423314
666.702642264851
667.712802590922
682.376501616909
682.963124779701
666.787259008836
652.579364827033
743.127393750020
667.805775020021
698.516146257264
652.909938854879
682.566361661503
666.746375350813
682.331760042278
696.608637022664
667.416891766520
681.904396031612
667.445368725210
666.700890635300
666.575911120074
667.557086550823
652.065589697048
682.616891308061
682.798470441182
697.474761497696
651.711457549338
681.757205938176
667.013868080627
697.362054738505
667.356107059308
667.138957125913
666.821628864513
698.588522205216
696.346758487590
681.693929009545
651.533774838616
651.809645460346
651.357325401628
681.831393544955
696.977512043383
651.983747050932
651.580492827863
666.888523623193
681.425174838616
666.926426327952
651.415854145875
666.618858512960
696.414607924578
666.303025401628
651.357325401628
682.448609783280
666.741677056142
651.625462935691
681.964988140965
651.699479427525
681.532764749770
651.710224275605
666.361554145875
711.946422783010
651.959541968412
666.479474838616
682.233512229090
651.808682890859
651.586478034112
697.133238930333
666.704139648035
666.752977193929
666.479474838616
681.875126630917
681.553824124120
651.534391475483
651.711457549338
666.480091475483
667.125568999982
682.946072490119
651.401058487590
667.043044661197
681.778690349460
681.248725401628
666.479474838616
667.175144375356
651.940153157423
666.700890635300
652.374516374253
681.822423435422
666.747399733310
652.338647838690