最优解为:700.6349
最优解路径:

Best_route =

  1 至 24 列

     0     0     0     0     0     0     0     0     0     0     0     0     0     0     0     0     0     0     0     0     0     0     0     0
     0     0     0     0     0     0     0     0     0     0     0     0     0     0     0     0     0     0     0     0     0     0     0     0
     3     5     1    24     8    21    11    25    13    18    22     2    12    19    14     4     7    17    15    20     0     0     0     0
     0     0     0     0     0     0     0     0     0     0     0     0     0     0     0     0     0     0     0     0     0     0     0     0
     0     0     0     0     0     0     0     0     0     0     0     0     0     0     0     0     0     0     0     0     0     0     0     0
     0     0     0     0     0     0     0     0     0     0     0     0     0     0     0     0     0     0     0     0     0     0     0     0
     0     0     0     0     0     0     0     0     0     0     0     0     0     0     0     0     0     0     0     0     0     0     0     0
     0     0     0     0     0     0     0     0     0     0     0     0     0     0     0     0     0     0     0     0     0     0     0     0
     9    16     6    10    23     0     0     0     0     0     0     0     0     0     0     0     0     0     0     0     0     0     0     0
     0     0     0     0     0     0     0     0     0     0     0     0     0     0     0     0     0     0     0     0     0     0     0     0
     0     0     0     0     0     0     0     0     0     0     0     0     0     0     0     0     0     0     0     0     0     0     0     0
     0     0     0     0     0     0     0     0     0     0     0     0     0     0     0     0     0     0     0     0     0     0     0     0
     0     0     0     0     0     0     0     0     0     0     0     0     0     0     0     0     0     0     0     0     0     0     0     0
     0     0     0     0     0     0     0     0     0     0     0     0     0     0     0     0     0     0     0     0     0     0     0     0
     0     0     0     0     0     0     0     0     0     0     0     0     0     0     0     0     0     0     0     0     0     0     0     0
     0     0     0     0     0     0     0     0     0     0     0     0     0     0     0     0     0     0     0     0     0     0     0     0
     0     0     0     0     0     0     0     0     0     0     0     0     0     0     0     0     0     0     0     0     0     0     0     0
     0     0     0     0     0     0     0     0     0     0     0     0     0     0     0     0     0     0     0     0     0     0     0     0

  25 至 26 列

     0     0
     0     0
     0     0
     0     0
     0     0
     0     0
     0     0
     0     0
     0     0
     0     0
     0     0
     0     0
     0     0
     0     0
     0     0
     0     0
     0     0
     0     0

本次运算用时:159.113秒
算法在第357代时收敛

best
724.267858940942
718.491772646212
718.491772646212
718.491772646212
718.491772646212
718.491772646212
718.491772646212
714.726164826856
714.726164826856
714.726164826856
714.726164826856
714.726164826856
714.726164826856
714.726164826856
714.600941029889
714.600941029889
714.600941029889
714.600941029889
713.174005022880
712.897343512919
712.897343512919
712.897343512919
712.897343512919
712.897343512919
712.897343512919
712.897343512919
712.897343512919
712.897343512919
712.897343512919
712.897343512919
712.897343512919
712.897343512919
711.308166418965
711.308166418965
710.988441156039
710.988441156039
710.988441156039
710.988441156039
710.988441156039
710.988441156039
710.988441156039
710.988441156039
710.988441156039
710.988441156039
710.988441156039
710.988441156039
709.958667794103
709.958667794103
709.958667794103
706.886598430255
705.636829785448
705.304437022887
705.304437022887
705.304437022887
705.304437022887
705.304437022887
705.304437022887
705.304437022887
705.304437022887
705.304437022887
705.304437022887
705.304437022887
705.304437022887
704.868367325940
704.868367325940
703.860661119908
703.860661119908
703.860661119908
703.698397933923
703.698397933923
703.698397933923
703.698397933923
703.698397933923
703.698397933923
703.698397933923
703.698397933923
703.698397933923
703.698397933923
703.698397933923
703.698397933923
703.698397933923
703.698397933923
703.698397933923
703.698397933923
703.698397933923
703.698397933923
703.042698597811
703.042698597811
703.042698597811
703.042698597811
703.042698597811
703.042698597811
703.042698597811
703.042698597811
703.042698597811
703.042698597811
703.042698597811
703.042698597811
703.042698597811
703.042698597811
703.042698597811
703.042698597811
703.042698597811
703.042698597811
703.042698597811
703.042698597811
703.042698597811
703.042698597811
703.042698597811
703.042698597811
703.042698597811
703.042698597811
703.042698597811
703.042698597811
703.042698597811
703.042698597811
703.042698597811
703.042698597811
703.042698597811
703.042698597811
703.042698597811
703.042698597811
703.042698597811
703.042698597811
703.042698597811
703.042698597811
703.042698597811
703.042698597811
703.042698597811
703.042698597811
703.042698597811
703.042698597811
703.042698597811
703.042698597811
703.042698597811
703.042698597811
703.042698597811
703.042698597811
703.042698597811
703.042698597811
703.042698597811
703.042698597811
703.042698597811
703.042698597811
703.042698597811
703.042698597811
703.042698597811
703.042698597811
703.042698597811
703.042698597811
703.042698597811
703.042698597811
703.042698597811
703.042698597811
703.042698597811
703.042698597811
703.042698597811
703.042698597811
703.042698597811
703.042698597811
703.042698597811
703.042698597811
703.042698597811
703.042698597811
703.042698597811
703.042698597811
703.042698597811
703.042698597811
703.042698597811
703.042698597811
703.042698597811
703.042698597811
703.042698597811
703.042698597811
703.042698597811
703.042698597811
703.042698597811
703.042698597811
703.042698597811
703.042698597811
703.042698597811
703.042698597811
703.042698597811
703.042698597811
703.042698597811
703.042698597811
703.042698597811
703.042698597811
703.042698597811
703.042698597811
703.042698597811
703.042698597811
703.042698597811
703.042698597811
703.042698597811
703.042698597811
703.042698597811
703.042698597811
703.042698597811
703.042698597811
703.042698597811
703.042698597811
703.042698597811
703.042698597811
703.042698597811
703.042698597811
703.042698597811
703.042698597811
703.042698597811
703.042698597811
703.042698597811
703.042698597811
703.042698597811
703.042698597811
703.042698597811
703.042698597811
703.042698597811
703.042698597811
703.042698597811
703.042698597811
703.042698597811
703.042698597811
703.042698597811
703.042698597811
703.042698597811
703.042698597811
703.042698597811
703.042698597811
703.042698597811
703.042698597811
703.042698597811
703.042698597811
703.042698597811
703.042698597811
703.042698597811
703.042698597811
703.042698597811
703.042698597811
703.042698597811
703.042698597811
703.042698597811
703.042698597811
703.042698597811
703.042698597811
703.042698597811
703.042698597811
703.042698597811
703.042698597811
703.042698597811
703.042698597811
703.042698597811
703.042698597811
703.042698597811
703.042698597811
703.042698597811
703.042698597811
703.042698597811
703.042698597811
703.042698597811
703.042698597811
703.042698597811
703.042698597811
703.042698597811
703.042698597811
703.042698597811
703.042698597811
703.042698597811
703.042698597811
703.042698597811
703.042698597811
703.042698597811
703.042698597811
703.042698597811
703.042698597811
703.042698597811
703.042698597811
703.042698597811
703.042698597811
703.042698597811
703.042698597811
703.042698597811
703.042698597811
703.042698597811
703.042698597811
701.212485744294
701.212485744294
701.212485744294
701.212485744294
701.212485744294
701.212485744294
701.212485744294
701.212485744294
701.212485744294
701.212485744294
701.212485744294
701.212485744294
701.212485744294
