最优解为:2220.389
最优解路径:

Best_route =

  1 至 24 列

    33    34    21    35    36    31    28    17    18     0     0     0     0     0     0     0     0     0     0     0     0     0     0     0
     7     8    25    26    37    38    27     2     5     6    32     0     0     0     0     0     0     0     0     0     0     0     0     0
     9    10     3     4     1    22    29    30    13    14     0     0     0     0     0     0     0     0     0     0     0     0     0     0
    11    12    39    40    23    24    19    20    15    16     0     0     0     0     0     0     0     0     0     0     0     0     0     0
     0     0     0     0     0     0     0     0     0     0     0     0     0     0     0     0     0     0     0     0     0     0     0     0

  25 至 41 列

     0     0     0     0     0     0     0     0     0     0     0     0     0     0     0     0     0
     0     0     0     0     0     0     0     0     0     0     0     0     0     0     0     0     0
     0     0     0     0     0     0     0     0     0     0     0     0     0     0     0     0     0
     0     0     0     0     0     0     0     0     0     0     0     0     0     0     0     0     0
     0     0     0     0     0     0     0     0     0     0     0     0     0     0     0     0     0

本次运算用时:134.766秒
算法在第447代时收敛

best
2672.49435607905
2552.69354488679
2552.69354488679
2552.69354488679
2552.69354488679
2552.69354488679
2552.69354488679
2535.76994697872
2535.76994697872
2507.09571256350
2507.09571256350
2507.09571256350
2507.09571256350
2507.09571256350
2507.09571256350
2507.09571256350
2507.09571256350
2507.09571256350
2507.09571256350
2507.09571256350
2507.09571256350
2507.09571256350
2507.09571256350
2507.09571256350
2507.09571256350
2507.09571256350
2507.09571256350
2507.09571256350
2507.09571256350
2507.09571256350
2507.09571256350
2507.09571256350
2507.09571256350
2507.09571256350
2507.09571256350
2507.09571256350
2507.09571256350
2507.09571256350
2507.09571256350
2507.09571256350
2507.09571256350
2507.09571256350
2507.09571256350
2507.09571256350
2507.09571256350
2507.09571256350
2507.09571256350
2507.09571256350
2507.09571256350
2507.09571256350
2507.09571256350
2507.09571256350
2507.09571256350
2507.09571256350
2507.09571256350
2507.09571256350
2507.09571256350
2507.09571256350
2507.09571256350
2507.09571256350
2507.09571256350
2507.09571256350
2507.09571256350
2507.09571256350
2507.09571256350
2507.09571256350
2507.09571256350
2507.09571256350
2507.09571256350
2507.09571256350
2507.09571256350
2507.09571256350
2507.09571256350
2507.09571256350
2507.09571256350
2507.09571256350
2507.09571256350
2507.09571256350
2507.09571256350
2507.09571256350
2507.09571256350
2507.09571256350
2507.09571256350
2507.09571256350
2507.09571256350
2507.09571256350
2507.09571256350
2507.09571256350
2507.09571256350
2507.09571256350
2507.09571256350
2507.09571256350
2507.09571256350
2507.09571256350
2507.09571256350
2507.09571256350
2507.09571256350
2507.09571256350
2507.09571256350
2507.09571256350
2507.09571256350
2507.09571256350
2507.09571256350
2507.09571256350
2507.09571256350
2507.09571256350
2507.09571256350
2507.09571256350
2507.09571256350
2507.09571256350
2507.09571256350
2507.09571256350
2507.09571256350
2507.09571256350
2507.09571256350
2507.09571256350
2507.09571256350
2507.09571256350
2507.09571256350
2507.09571256350
2507.09571256350
2507.09571256350
2507.09571256350
2507.09571256350
2507.09571256350
2507.09571256350
2507.09571256350
2507.09571256350
2507.09571256350
2507.09571256350
2507.09571256350
2507.09571256350
2507.09571256350
2507.09571256350
2507.09571256350
2507.09571256350
2507.09571256350
2507.09571256350
2507.09571256350
2507.09571256350
2507.09571256350
2507.09571256350
2507.09571256350
2507.09571256350
2507.09571256350
2507.09571256350
2507.09571256350
2507.09571256350
2507.09571256350
2507.09571256350
2507.09571256350
2507.09571256350
2507.09571256350
2507.09571256350
2507.09571256350
2507.09571256350
2507.09571256350
2507.09571256350
2507.09571256350
2507.09571256350
2507.09571256350
2507.09571256350
2507.09571256350
2507.09571256350
2507.09571256350
2507.09571256350
2507.09571256350
2507.09571256350
2507.09571256350
2507.09571256350
2507.09571256350
2507.09571256350
2507.09571256350
2507.09571256350
2507.09571256350
2507.09571256350
2507.09571256350
2507.09571256350
2507.09571256350
2507.09571256350
2507.09571256350
2507.09571256350
2507.09571256350
2507.09571256350
2507.09571256350
2507.09571256350
2507.09571256350
2507.09571256350
2507.09571256350
2507.09571256350
2507.09571256350
2507.09571256350
2507.09571256350
2507.09571256350
2507.09571256350
2507.09571256350
2507.09571256350
2507.09571256350
2507.09571256350
2507.09571256350
2507.09571256350
2507.09571256350
2507.09571256350
2507.09571256350
2507.09571256350
2507.09571256350
2507.09571256350
2507.09571256350
2507.09571256350
2507.09571256350
2507.09571256350
2507.09571256350
2507.09571256350
2507.09571256350
2507.09571256350
2507.09571256350
2507.09571256350
2507.09571256350
2507.09571256350
2507.09571256350
2507.09571256350
2507.09571256350
2507.09571256350
2507.09571256350
2507.09571256350
2507.09571256350
2507.09571256350
2507.09571256350
2507.09571256350
2507.09571256350
2507.09571256350
2507.09571256350
2507.09571256350
2507.09571256350
2507.09571256350
2507.09571256350
2507.09571256350
2507.09571256350
2507.09571256350
2507.09571256350
2507.09571256350
2507.09571256350
2507.09571256350
2507.09571256350
2507.09571256350
2507.09571256350
2507.09571256350
2507.09571256350
2507.09571256350
2507.09571256350
2507.09571256350
2507.09571256350
2507.09571256350
2507.09571256350
2507.09571256350
2507.09571256350
2507.09571256350
2507.09571256350
2507.09571256350
2507.09571256350
2507.09571256350
2507.09571256350
2507.09571256350
2507.09571256350
2507.09571256350
2507.09571256350
2507.09571256350
2507.09571256350
2507.09571256350
2507.09571256350
2507.09571256350
2507.09571256350
2507.09571256350
2507.09571256350
2507.09571256350
2507.09571256350
2507.09571256350
2507.09571256350
2507.09571256350
2507.09571256350
2507.09571256350
2507.09571256350
2507.09571256350
2507.09571256350
2507.09571256350
2507.09571256350
2507.09571256350
2507.09571256350
2507.09571256350
2507.09571256350
2507.09571256350
2507.09571256350
2507.09571256350
2507.09571256350
2507.09571256350
2507.09571256350
2507.09571256350
2507.09571256350
2507.09571256350
2507.09571256350
2507.09571256350
2507.09571256350
2507.09571256350
2507.09571256350
2507.09571256350
2507.09571256350
2507.09571256350
2507.09571256350
2507.09571256350
2507.09571256350
2507.09571256350
2507.09571256350
2507.09571256350
2507.09571256350
2507.09571256350
2507.09571256350
2507.09571256350
2507.09571256350
2507.09571256350
2507.09571256350
2507.09571256350
2507.09571256350
2507.09571256350
2507.09571256350
2507.09571256350
2507.09571256350
2507.09571256350
2507.09571256350
2507.09571256350
2507.09571256350
2507.09571256350
2507.09571256350
2507.09571256350
2507.09571256350
2507.09571256350
2507.09571256350
2507.09571256350
2507.09571256350
2507.09571256350
2507.09571256350
2507.09571256350
2507.09571256350
2507.09571256350
2507.09571256350
2507.09571256350
2507.09571256350
2507.09571256350
2507.09571256350
2507.09571256350
2507.09571256350
2507.09571256350
2507.09571256350
2507.09571256350
2507.09571256350
2507.09571256350
2507.09571256350
2507.09571256350
2507.09571256350
2507.09571256350
2507.09571256350
2507.09571256350
2507.09571256350
2507.09571256350
2507.09571256350
2507.09571256350
2507.09571256350
2507.09571256350
2507.09571256350
2507.09571256350
2507.09571256350
2507.09571256350
2507.09571256350
2507.09571256350
2424.45077505292
2424.45077505292
2424.45077505292
2424.45077505292
2417.78948090389
2417.78948090389
2417.78948090389
2417.78948090389
2417.78948090389
2417.78948090389
2417.78948090389
2417.78948090389
2417.78948090389
2417.78948090389
2417.78948090389
2417.78948090389
2407.06072952002
2407.06072952002
