最优解为:455.3977
最优解路径:

Best_route =

     1     7     2     5     6     8     3     4     0
     0     0     0     0     0     0     0     0     0

本次运算用时:2.236秒
算法在第1代时收敛

best
455.397654691197
455.397654691197
455.397654691197
455.397654691197
455.397654691197
455.397654691197
455.397654691197
455.397654691197
455.397654691197
455.397654691197
455.397654691197
455.397654691197
455.397654691197
455.397654691197
455.397654691197
455.397654691197
455.397654691197
455.397654691197
455.397654691197
455.397654691197
455.397654691197
455.397654691197
455.397654691197
455.397654691197
455.397654691197
455.397654691197
455.397654691197
455.397654691197
455.397654691197
455.397654691197
455.397654691197
455.397654691197
455.397654691197
455.397654691197
455.397654691197
455.397654691197
455.397654691197
455.397654691197
455.397654691197
455.397654691197
455.397654691197
455.397654691197
455.397654691197
455.397654691197
455.397654691197
455.397654691197
455.397654691197
455.397654691197
455.397654691197
455.397654691197
455.397654691197
455.397654691197
455.397654691197
455.397654691197
455.397654691197
455.397654691197
455.397654691197
455.397654691197
455.397654691197
455.397654691197
455.397654691197
455.397654691197
455.397654691197
455.397654691197
455.397654691197
455.397654691197
455.397654691197
455.397654691197
455.397654691197
455.397654691197
455.397654691197
455.397654691197
455.397654691197
455.397654691197
455.397654691197
455.397654691197
455.397654691197
455.397654691197
455.397654691197
455.397654691197
455.397654691197
455.397654691197
455.397654691197
455.397654691197
455.397654691197
455.397654691197
455.397654691197
455.397654691197
455.397654691197
455.397654691197
455.397654691197
455.397654691197
455.397654691197
455.397654691197
455.397654691197
455.397654691197
455.397654691197
455.397654691197
455.397654691197
455.397654691197

ave
732.334274951707
655.921858374036
614.562088033946
621.176854194761
686.168500071356
592.162713704252
622.651633695778
535.395602957887
487.620201463127
711.556513345088
584.786949948843
595.675840450318
648.657101711663
573.694100012811
487.506205913136
572.950915554682
613.170466474605
511.008370404789
520.232595427845
511.914059984546
455.474896735728
516.966432678639
458.072597663219
586.000268122785
494.936449530122
470.800159488692
495.087078057546
455.436275713462
519.513633741046
455.546295173788
470.510595954758
490.190945212580
515.526101660779
494.906282441655
484.998475581613
474.967984488692
455.397654691196
474.893664247396
470.198364095722
499.650544503547
455.510595954758
455.397654691196
470.198364095722
470.124043854426
455.397654691196
455.397654691196
470.198364095722
455.397654691196
455.397654691196
470.124043854426
455.397654691196
455.397654691196
455.397654691196
455.397654691196
455.397654691196
474.893664247396
455.397654691196
455.397654691196
455.397654691196
455.397654691196
455.436275713462
455.397654691196
455.397654691196
474.819344006100
455.397654691196
455.436275713462
455.397654691196
455.397654691196
455.397654691196
455.397654691196
455.397654691196
489.693775733288
455.397654691196
455.397654691196
455.397654691196
455.397654691196
455.397654691196
455.397654691196
455.397654691196
455.397654691196
455.397654691196
455.397654691196
455.397654691196
455.397654691196
455.397654691196
457.919047332559
455.397654691196
455.397654691196
455.397654691196
455.397654691196
455.397654691196
455.397654691196
455.397654691196
470.198364095722
455.397654691196
455.436275713462
455.436275713462
455.436275713462
455.397654691196
455.397654691196