最优解为:552.6518
最优解路径:

Best_route =

     0     0     0     0     0     0     0     0     0     0     0
     7     8     9     3     4     5     6     1     2    10     0

本次运算用时:2.83秒
算法在第10代时收敛

best
763.925816619110
762.115275037906
756.997412671381
756.997412671381
756.997412671381
756.997412671381
756.997412671381
756.997412671381
756.997412671381
552.651837380222
552.651837380222
552.651837380222
552.651837380222
552.651837380222
552.651837380222
552.651837380222
552.651837380222
552.651837380222
552.651837380222
552.651837380222
552.651837380222
552.651837380222
552.651837380222
552.651837380222
552.651837380222
552.651837380222
552.651837380222
552.651837380222
552.651837380222
552.651837380222
552.651837380222
552.651837380222
552.651837380222
552.651837380222
552.651837380222
552.651837380222
552.651837380222
552.651837380222
552.651837380222
552.651837380222
552.651837380222
552.651837380222
552.651837380222
552.651837380222
552.651837380222
552.651837380222
552.651837380222
552.651837380222
552.651837380222
552.651837380222
552.651837380222
552.651837380222
552.651837380222
552.651837380222
552.651837380222
552.651837380222
552.651837380222
552.651837380222
552.651837380222
552.651837380222
552.651837380222
552.651837380222
552.651837380222
552.651837380222
552.651837380222
552.651837380222
552.651837380222
552.651837380222
552.651837380222
552.651837380222
552.651837380222
552.651837380222
552.651837380222
552.651837380222
552.651837380222
552.651837380222
552.651837380222
552.651837380222
552.651837380222
552.651837380222
552.651837380222
552.651837380222
552.651837380222
552.651837380222
552.651837380222
552.651837380222
552.651837380222
552.651837380222
552.651837380222
552.651837380222
552.651837380222
552.651837380222
552.651837380222
552.651837380222
552.651837380222
552.651837380222
552.651837380222
552.651837380222
552.651837380222
552.651837380222

ave
1020.85123199750
942.701261632819
871.115360678972
849.503238731644
942.172438079706
886.866585601205
932.060521330514
886.160401893841
899.038018207429
857.722258390965
908.019008185238
889.409616593193
862.942311937030
857.784162659121
862.939592380523
907.288465226503
842.889870918015
830.997362497160
787.514829836948
781.394535598469
804.465101235337
806.247035697328
818.112678982430
856.116313769194
794.006842430597
827.550206378033
791.122340157460
784.799719867998
800.473859868414
809.080643376282
788.884559388538
768.898261421151
768.309186518944
772.681647659667
774.882263830860
777.655411826670
757.274548829290
763.309914935590
757.326919597339
797.772600280082
758.811435332548
759.433661479216
763.075904754521
759.782061967453
757.027159151383
764.549449072062
759.255836107050
759.277522037091
758.841181812550
758.811435332547
759.636658541120
763.168313602196
797.827951186470
767.784070403859
756.997412671380
760.926673774837
780.773964555996
781.609349792056
757.041752141327
761.422346194840
756.997412671380
757.027159151383
760.205344590170
757.471762923836
757.347222047662
756.997412671380
761.668536684679
757.945561026600
790.268501206109
757.019582406354
757.347222047662
756.997412671380
763.064224585533
768.026445774693
756.997412671380
761.460258626138
756.997412671380
758.811435332547
762.160224981634
756.997412671380
756.997412671380
762.633258267644
758.811435332547
787.013481804587
758.010271291627
756.997412671380
785.785052520355
756.997412671380
757.535921039172
756.997412671380
758.811435332547
756.997412671380
756.997412671380
757.463499375924
756.997412671380
759.121185079068
761.460258626138
757.092004069602
756.997412671380
757.274548829290