最优解为:559.9066
最优解路径:

Best_route =

     0     0     0     0     0     0     0     0     0     0     0
     1     7     8     2     3     4     5     6     9    10     0

本次运算用时:2.937秒
算法在第14代时收敛

best
762.115275037906
757.741074671444
756.997412671381
756.997412671381
756.997412671381
756.997412671381
756.997412671381
756.997412671381
756.997412671381
756.997412671381
756.997412671381
756.997412671381
756.997412671381
559.906581461260
559.906581461260
559.906581461260
559.906581461260
559.906581461260
559.906581461260
559.906581461260
559.906581461260
559.906581461260
559.906581461260
559.906581461260
559.906581461260
559.906581461260
559.906581461260
559.906581461260
559.906581461260
559.906581461260
559.906581461260
559.906581461260
559.906581461260
559.906581461260
559.906581461260
559.906581461260
559.906581461260
559.906581461260
559.906581461260
559.906581461260
559.906581461260
559.906581461260
559.906581461260
559.906581461260
559.906581461260
559.906581461260
559.906581461260
559.906581461260
559.906581461260
559.906581461260
559.906581461260
559.906581461260
559.906581461260
559.906581461260
559.906581461260
559.906581461260
559.906581461260
559.906581461260
559.906581461260
559.906581461260
559.906581461260
559.906581461260
559.906581461260
559.906581461260
559.906581461260
559.906581461260
559.906581461260
559.906581461260
559.906581461260
559.906581461260
559.906581461260
559.906581461260
559.906581461260
559.906581461260
559.906581461260
559.906581461260
559.906581461260
559.906581461260
559.906581461260
559.906581461260
559.906581461260
559.906581461260
559.906581461260
559.906581461260
559.906581461260
559.906581461260
559.906581461260
559.906581461260
559.906581461260
559.906581461260
559.906581461260
559.906581461260
559.906581461260
559.906581461260
559.906581461260
559.906581461260
559.906581461260
559.906581461260
559.906581461260
559.906581461260

ave
1013.62270052424
885.637201696473
880.957326100429
905.342752429443
951.307707738418
929.462601436310
888.775535497321
876.438796849914
883.752380506249
897.710403227549
885.368554575255
886.345513561060
843.051031460860
784.043779380105
832.203203374071
835.700294356156
937.341099097282
863.362188564359
808.963823053431
860.983236313140
818.109468251297
797.849815832558
818.267600717878
811.530364988145
782.039926872861
790.807358806977
811.892589645041
788.631148109282
790.799653029597
779.798815080500
801.746091142966
801.830467129571
814.737331969492
786.392158088109
772.851252215513
784.857733554335
788.942456916293
793.227908680915
756.997412671380
769.425496948658
761.091544698258
767.123666872885
759.089635070292
756.997412671380
764.165567380546
757.375854559169
756.997412671380
759.277522037091
757.535921039172
756.997412671380
757.471762923836
786.683125777853
756.997412671380
757.156965889753
756.997412671380
761.904702765066
761.855029454015
756.997412671380
775.924276261898
756.997412671380
756.997412671380
756.997412671380
757.398789110897
756.997412671380
757.092004069602
766.821431374538
760.042400990311
763.974247642801
781.587180057083
758.474120549163
759.008194874020
757.019582406354
756.997412671380
756.997412671380
756.997412671380
757.260506157551
758.695970028997
757.405601039172
758.811435332547
757.229387553001
756.997412671380
756.997412671380
758.811435332547
764.302699308821
757.377267290746
758.811435332548
756.997412671380
756.997412671380
756.997412671380
762.634575234090
756.997412671380
756.997412671380
781.616926537086
756.997412671380
757.463499375924
757.463499375924
781.496926851844
756.997412671380
762.437361139543
768.898261421151