最优解为:503.6739
最优解路径:

Best_route =

     3     9     7     8    10     4     5     6     1     2     0
     0     0     0     0     0     0     0     0     0     0     0

本次运算用时:3.328秒
算法在第22代时收敛

best
720.368169060897
704.715154619046
704.715154619046
704.715154619046
551.908175380158
551.908175380158
551.908175380158
551.908175380158
551.908175380158
551.908175380158
551.908175380158
551.908175380158
551.908175380158
551.908175380158
551.908175380158
551.908175380158
551.908175380158
551.908175380158
551.908175380158
551.908175380158
551.908175380158
503.673898810525
503.673898810525
503.673898810525
503.673898810525
503.673898810525
503.673898810525
503.673898810525
503.673898810525
503.673898810525
503.673898810525
503.673898810525
503.673898810525
503.673898810525
503.673898810525
503.673898810525
503.673898810525
503.673898810525
503.673898810525
503.673898810525
503.673898810525
503.673898810525
503.673898810525
503.673898810525
503.673898810525
503.673898810525
503.673898810525
503.673898810525
503.673898810525
503.673898810525
503.673898810525
503.673898810525
503.673898810525
503.673898810525
503.673898810525
503.673898810525
503.673898810525
503.673898810525
503.673898810525
503.673898810525
503.673898810525
503.673898810525
503.673898810525
503.673898810525
503.673898810525
503.673898810525
503.673898810525
503.673898810525
503.673898810525
503.673898810525
503.673898810525
503.673898810525
503.673898810525
503.673898810525
503.673898810525
503.673898810525
503.673898810525
503.673898810525
503.673898810525
503.673898810525
503.673898810525
503.673898810525
503.673898810525
503.673898810525
503.673898810525
503.673898810525
503.673898810525
503.673898810525
503.673898810525
503.673898810525
503.673898810525
503.673898810525
503.673898810525
503.673898810525
503.673898810525
503.673898810525
503.673898810525
503.673898810525
503.673898810525
503.673898810525

ave
944.952073705561
1012.64961026110
864.940673405151
991.132574080104
800.012967768127
893.389832010063
897.588009469864
916.443695924448
933.869333468716
872.708340032517
914.294790783321
964.421251307145
914.417146773535
921.387395000277
828.433634702555
820.542165625065
834.042779714134
876.689563078918
850.708257213041
811.654870860850
788.190568969879
860.878816150555
785.023775506888
796.858306693764
798.972189222322
789.967549085526
830.592945260922
815.115986619216
786.501554689795
781.889113009408
795.031223064001
791.883448997653
812.419025517462
809.224284523050
713.069020760248
838.760769673158
990.687135318252
935.586248211567
764.627325930749
945.822606989903
1034.40884806888
983.286845978334
725.434882198518
794.749451541040
740.884982893662
741.447859874462
634.794629216222
658.737780356470
574.345359136891
603.662305569595
649.621478271483
578.734825258578
561.400257024561
578.546803638588
561.484486821629
560.015219928277
561.284908622943
571.791877784698
560.791118333535
549.139813741322
579.458459590983
570.092082955726
618.823877234348
578.619476856960
591.012890343131
561.605900445865
578.649223336963
549.024465339704
563.119831079051
549.169560221324
637.381145795787
549.024465339704
571.644132700145
549.024465339704
620.331879670974
601.038193894168
549.024465339704
578.619476856960
549.024465339704
589.189232009505
578.939539753240
591.012890343131
549.024465339704
578.504128455342
590.707121673715
578.504128455342
549.024465339704
549.024465339704
549.024465339704
608.128886452602
638.302437420642
578.504128455342
608.128886452602
549.024465339704
549.024465339704
578.504128455342
549.024465339704
549.067140522949
561.024465339704
578.421819564510