最优解为:454.2754
最优解路径:

Best_route =

     9     7     8     5    10     3     6     1     2     4     0
     0     0     0     0     0     0     0     0     0     0     0

本次运算用时:3.421秒
算法在第1代时收敛

best
454.275350798646
454.275350798646
454.275350798646
454.275350798646
454.275350798646
454.275350798646
454.275350798646
454.275350798646
454.275350798646
454.275350798646
454.275350798646
454.275350798646
454.275350798646
454.275350798646
454.275350798646
454.275350798646
454.275350798646
454.275350798646
454.275350798646
454.275350798646
454.275350798646
454.275350798646
454.275350798646
454.275350798646
454.275350798646
454.275350798646
454.275350798646
454.275350798646
454.275350798646
454.275350798646
454.275350798646
454.275350798646
454.275350798646
454.275350798646
454.275350798646
454.275350798646
454.275350798646
454.275350798646
454.275350798646
454.275350798646
454.275350798646
454.275350798646
454.275350798646
454.275350798646
454.275350798646
454.275350798646
454.275350798646
454.275350798646
454.275350798646
454.275350798646
454.275350798646
454.275350798646
454.275350798646
454.275350798646
454.275350798646
454.275350798646
454.275350798646
454.275350798646
454.275350798646
454.275350798646
454.275350798646
454.275350798646
454.275350798646
454.275350798646
454.275350798646
454.275350798646
454.275350798646
454.275350798646
454.275350798646
454.275350798646
454.275350798646
454.275350798646
454.275350798646
454.275350798646
454.275350798646
454.275350798646
454.275350798646
454.275350798646
454.275350798646
454.275350798646
454.275350798646
454.275350798646
454.275350798646
454.275350798646
454.275350798646
454.275350798646
454.275350798646
454.275350798646
454.275350798646
454.275350798646
454.275350798646
454.275350798646
454.275350798646
454.275350798646
454.275350798646
454.275350798646
454.275350798646
454.275350798646
454.275350798646
454.275350798646

ave
947.348407312080
1022.96692756778
981.028984725760
981.593229982120
962.780338530230
1023.15125720885
1030.37706186877
972.982937257787
985.588550343038
979.342271822518
1009.55264395126
946.093227662301
995.266999276405
901.482673770486
921.965481423387
950.349787966887
928.732161969886
934.210277189170
1014.74234482022
929.686292444166
870.994496849325
900.942683803231
835.766589012560
957.303244092394
879.173705360086
855.029324935559
874.598516273323
816.856499121171
717.066629909683
735.025189500444
672.418917090903
714.456653353225
706.006449418003
637.109986292533
630.683195813070
627.732023244892
621.952128585836
653.680462922806
607.326982606197
578.609890044213
582.206829681802
572.251659092955
598.635011779103
546.889336426235
598.501975875596
571.694060174455
545.246150701693
594.894403637525
530.469187540944
503.673898810525
517.134109699961
542.434426753869
529.375159755635
518.119378164662
543.360700384681
542.767916479508
516.255333916687
515.673898810525
503.673898810525
503.673898810525
515.876892028898
515.876892028898
503.673898810525
518.667773760037
568.195969275917
515.876892028898
516.255333916687
515.740312250313
517.134109699961
532.914666895081
503.673898810525
530.119378164662
518.667773760037
503.673898810525
518.667773760037
505.603269873310
518.667773760037
503.673898810525
515.876892028898
503.673898810525
503.673898810525
503.673898810525
546.107283587406
515.876892028898
532.601551822101
516.255333916687
503.673898810525
516.182660698314
545.463062490456
527.236121471692
503.673898810525
515.527431804357
503.673898810525
518.667773760037
503.673898810525
503.673898810525
503.673898810525
503.673898810525
519.063480762746
503.673898810525