实验环境：
VeiNum = 2
Q_ant = 70
AntNum = 25 
iter_max = 100

cus：
40	50
40	50
40	50
5	35
65	60
55	85
35	32
45	65

task：
2	4	1	0	1
4	3	2	1	0
2	5	1	0	1
5	3	2	3	0
3	6	3	0	1
6	2	4	5	0
2	7	1	0	1
7	3	2	7	0
2	8	1	0	1
8	3	2	9	0

抽取的客户节点编号为

Cus_select =

    35    88   100    41    75

各任务对应的的客户节点编号为

Task_Cus =

    35    88   100    41    75


Task_size: 10

vNum:2

Tasktime:
0
1.61863830489966
0.166666666666667
1.33981226755848
0.166666666666667
0.166666666666667
1.61863830489966
1.13370520897340
0.166666666666667
1.06195137418771
0.166666666666667

Linktime:
0	0	0.951971638232989	0	0.673145600891813	1.45197163823299	0.951971638232989	0	0.467038542306735	0	0.395284707521047
0.951971638232989	1.11863830489966	0	1.11863830489966	65	2.57060994313264	1.76776695296637	1.11863830489966	30.1496268633627	1.11863830489966	50
1.45197163823299	1.45197163823299	2.57060994313264	1.45197163823299	2.29178390579147	1.76776695296637	2.57060994313264	1.45197163823299	2.08567684720639	1.45197163823299	2.01392301242070
0.673145600891813	0.839812267558480	65	0.839812267558480	0	2.29178390579147	0.673145600891813	0.839812267558480	41.0365690573664	0.839812267558480	20.6155281280883
1.17314560089181	1.17314560089181	2.29178390579147	1.17314560089181	2.01295786845029	0.673145600891813	2.29178390579147	1.17314560089181	1.80685080986522	1.17314560089181	1.73509697507953
0.951971638232989	1.11863830489966	1.76776695296637	1.11863830489966	0.673145600891813	2.57060994313264	0	1.11863830489966	1.41620090382685	1.11863830489966	0.559016994374948
0	0	1.11863830489966	0	0.839812267558480	1.45197163823299	1.11863830489966	0	0.633705208973402	0	0.561951374187714
0.467038542306735	0.633705208973402	30.1496268633627	0.633705208973402	41.0365690573664	2.08567684720639	1.41620090382685	0.633705208973402	0	0.633705208973402	34.4818792991333
0.967038542306735	0.967038542306735	2.08567684720639	0.967038542306735	1.80685080986522	1.41620090382685	2.08567684720639	0.967038542306735	1.60074375128014	0.967038542306735	1.52898991649445
0.395284707521047	0.561951374187714	50	0.561951374187714	20.6155281280883	2.01392301242070	0.559016994374948	0.561951374187714	34.4818792991333	0.561951374187714	0
0.895284707521048	0.895284707521048	2.01392301242070	0.895284707521048	1.73509697507953	0.559016994374948	2.01392301242070	0.895284707521048	1.52898991649445	0.895284707521048	1.45723608170876



linktime（task1）
0	0	0	0.951971638232989	0	0
0.951971638232989	1.11863830489966	1.11863830489966	1.76776695296637	1.11863830489966	1.11863830489966
0.673145600891813	0.839812267558480	0.839812267558480	0.673145600891813	0.839812267558480	0.839812267558480
0	0	0	1.11863830489966	0	0
0.467038542306735	0.633705208973402	0.633705208973402	1.41620090382685	0.633705208973402	0.633705208973402
0.395284707521047	0.561951374187714	0.561951374187714	0.559016994374948	0.561951374187714	0.561951374187714

linktime（task2）
0	0.951971638232989	0.673145600891813	1.45197163823299	0.467038542306735	0.395284707521047
1.45197163823299	2.57060994313264	2.29178390579147	1.76776695296637	2.08567684720639	2.01392301242070
1.17314560089181	2.29178390579147	2.01295786845029	0.673145600891813	1.80685080986522	1.73509697507953
0.951971638232989	1.76776695296637	0.673145600891813	2.57060994313264	1.41620090382685	0.559016994374948
0.967038542306735	2.08567684720639	1.80685080986522	1.41620090382685	1.60074375128014	1.52898991649445
0.895284707521048	2.01392301242070	1.73509697507953	0.559016994374948	1.52898991649445	1.45723608170876

tasktime（1）
0
1.61863830489966
1.33981226755848
1.61863830489966
1.13370520897340
1.06195137418771


tasktime（2）
0
0.166666666666667
0.166666666666667
0.166666666666667
0.166666666666667
0.166666666666667