最优解为:2300.3068
最优解路径:

Best_route =

  1 至 24 列

     0     0     0     0     0     0     0     0     0     0     0     0     0     0     0     0     0     0     0     0     0     0     0     0
     1     2     3     4    31    32     7     8    25    26     5     6     0     0     0     0     0     0     0     0     0     0     0     0
    29    30    23    24     9    10    17     0     0     0     0     0     0     0     0     0     0     0     0     0     0     0     0     0
    11    12    33    34    27    28    19    20    18    39    40     0     0     0     0     0     0     0     0     0     0     0     0     0
    37    38    35    36    15    16    21    22    13    14     0     0     0     0     0     0     0     0     0     0     0     0     0     0

  25 至 41 列

     0     0     0     0     0     0     0     0     0     0     0     0     0     0     0     0     0
     0     0     0     0     0     0     0     0     0     0     0     0     0     0     0     0     0
     0     0     0     0     0     0     0     0     0     0     0     0     0     0     0     0     0
     0     0     0     0     0     0     0     0     0     0     0     0     0     0     0     0     0
     0     0     0     0     0     0     0     0     0     0     0     0     0     0     0     0     0

本次运算用时:103.425秒
算法在第225代时收敛

best
2369.76015887698
2369.76015887698
2369.09928875497
2369.09928875497
2369.09928875497
2369.09928875497
2365.77697646007
2365.77697646007
2336.57435734909
2336.57435734909
2336.57435734909
2336.57435734909
2315.09792970512
2315.09792970512
2315.09792970512
2315.09792970512
2315.09792970512
2315.09792970512
2315.09792970512
2315.09792970512
2315.09792970512
2315.09792970512
2315.09792970512
2315.09792970512
2315.09792970512
2315.09792970512
2315.09792970512
2315.09792970512
2315.09792970512
2315.09792970512
2315.09792970512
2315.09792970512
2315.09792970512
2315.09792970512
2315.09792970512
2315.09792970512
2315.09792970512
2315.09792970512
2315.09792970512
2315.09792970512
2315.09792970512
2315.09792970512
2315.09792970512
2315.09792970512
2315.09792970512
2315.09792970512
2315.09792970512
2315.09792970512
2315.09792970512
2315.09792970512
2312.10865888269
2310.76312870396
2310.76312870396
2310.76312870396
2310.76312870396
2310.76312870396
2310.76312870396
2310.76312870396
2310.76312870396
2310.76312870396
2310.76312870396
2310.76312870396
2310.76312870396
2310.76312870396
2310.76312870396
2310.76312870396
2303.43262870396
2303.43262870396
2303.43262870396
2303.43262870396
2303.43262870396
2303.43262870396
2303.43262870396
2303.43262870396
2303.43262870396
2303.43262870396
2303.43262870396
2303.43262870396
2303.43262870396
2303.43262870396
2303.43262870396
2303.43262870396
2303.43262870396
2303.43262870396
2303.43262870396
2303.43262870396
2303.43262870396
2303.43262870396
2303.43262870396
2303.43262870396
2303.43262870396
2303.43262870396
2303.43262870396
2303.43262870396
2303.43262870396
2303.43262870396
2303.43262870396
2303.43262870396
2303.43262870396
2303.43262870396
2303.43262870396
2303.43262870396
2303.43262870396
2303.43262870396
2303.43262870396
2303.43262870396
2303.43262870396
2303.43262870396
2303.43262870396
2303.43262870396
2303.43262870396
2303.43262870396
2303.43262870396
2303.43262870396
2303.43262870396
2303.43262870396
2303.43262870396
2303.43262870396
2303.43262870396
2303.43262870396
2303.43262870396
2303.43262870396
2303.43262870396
2303.43262870396
2303.43262870396
2303.43262870396
2303.43262870396
2303.43262870396
2303.43262870396
2303.43262870396
2303.43262870396
2303.43262870396
2303.43262870396
2303.43262870396
2303.43262870396
2303.43262870396
2303.43262870396
2303.43262870396
2303.43262870396
2303.43262870396
2303.43262870396
2303.43262870396
2303.43262870396
2303.43262870396
2303.43262870396
2303.43262870396
2303.43262870396
2303.43262870396
2303.43262870396
2303.43262870396
2303.43262870396
2303.43262870396
2303.43262870396
2303.43262870396
2303.43262870396
2303.43262870396
2303.43262870396
2303.43262870396
2303.43262870396
2303.43262870396
2303.43262870396
2303.43262870396
2303.43262870396
2303.43262870396
2303.43262870396
2303.43262870396
2303.43262870396
2303.43262870396
2303.43262870396
2303.43262870396
2303.43262870396
2303.43262870396
2303.43262870396
2303.43262870396
2303.43262870396
2303.43262870396
2303.43262870396
2303.43262870396
2303.43262870396
2303.43262870396
2303.43262870396
2303.43262870396
2303.43262870396
2303.43262870396
2303.43262870396
2303.43262870396
2303.43262870396
2303.43262870396
2303.43262870396
2303.43262870396
2303.43262870396
2303.43262870396
2303.43262870396
2303.43262870396
2303.43262870396
2303.43262870396
2303.43262870396
2303.43262870396
2303.43262870396
2303.43262870396
2303.43262870396
2303.43262870396
2303.43262870396
2303.43262870396
2303.43262870396
2303.43262870396
2303.43262870396
2303.43262870396
2303.43262870396
2303.43262870396
2303.43262870396
2303.43262870396
2303.43262870396
2303.43262870396
2303.43262870396
2303.43262870396
2303.43262870396
2303.43262870396
2303.43262870396
2303.43262870396
2303.43262870396
2303.43262870396
2303.43262870396
2303.43262870396
2300.30680385816
2300.30680385816
2300.30680385816
2300.30680385816
2300.30680385816
2300.30680385816
2300.30680385816
2300.30680385816
2300.30680385816
2300.30680385816
2300.30680385816
2300.30680385816
2300.30680385816
2300.30680385816
2300.30680385816
2300.30680385816
2300.30680385816
2300.30680385816
2300.30680385816
2300.30680385816
2300.30680385816
2300.30680385816
2300.30680385816
2300.30680385816
2300.30680385816
2300.30680385816
2300.30680385816
2300.30680385816
2300.30680385816
2300.30680385816
2300.30680385816
2300.30680385816
2300.30680385816
2300.30680385816
2300.30680385816
2300.30680385816
2300.30680385816
2300.30680385816
2300.30680385816
2300.30680385816
2300.30680385816
2300.30680385816
2300.30680385816
2300.30680385816
2300.30680385816
2300.30680385816
2300.30680385816
2300.30680385816
2300.30680385816
2300.30680385816
2300.30680385816
2300.30680385816
2300.30680385816
2300.30680385816
2300.30680385816
2300.30680385816
2300.30680385816
2300.30680385816
2300.30680385816
2300.30680385816
2300.30680385816
2300.30680385816
2300.30680385816
2300.30680385816
2300.30680385816
2300.30680385816
2300.30680385816
2300.30680385816
2300.30680385816
2300.30680385816
2300.30680385816
2300.30680385816
2300.30680385816
2300.30680385816
2300.30680385816
2300.30680385816
2300.30680385816
2300.30680385816
2300.30680385816
2300.30680385816
2300.30680385816
2300.30680385816
2300.30680385816
2300.30680385816
2300.30680385816
2300.30680385816
2300.30680385816
2300.30680385816
2300.30680385816
2300.30680385816
2300.30680385816
2300.30680385816
2300.30680385816
2300.30680385816
2300.30680385816
2300.30680385816
2300.30680385816
2300.30680385816
2300.30680385816
2300.30680385816
2300.30680385816
2300.30680385816
2300.30680385816
2300.30680385816
2300.30680385816
2300.30680385816
2300.30680385816
2300.30680385816
2300.30680385816
2300.30680385816
2300.30680385816
2300.30680385816
2300.30680385816
2300.30680385816
2300.30680385816
2300.30680385816
2300.30680385816
2300.30680385816
2300.30680385816
2300.30680385816
2300.30680385816
2300.30680385816
2300.30680385816
2300.30680385816
2300.30680385816
2300.30680385816
2300.30680385816
2300.30680385816
2300.30680385816
2300.30680385816
2300.30680385816
2300.30680385816
2300.30680385816
2300.30680385816
2300.30680385816
2300.30680385816
2300.30680385816
2300.30680385816
2300.30680385816
2300.30680385816
2300.30680385816
2300.30680385816
2300.30680385816
2300.30680385816
2300.30680385816
2300.30680385816
2300.30680385816
2300.30680385816
2300.30680385816
2300.30680385816
2300.30680385816
2300.30680385816
2300.30680385816
2300.30680385816
2300.30680385816
2300.30680385816
2300.30680385816
2300.30680385816
2300.30680385816
2300.30680385816
2300.30680385816
2300.30680385816
2300.30680385816
2300.30680385816
2300.30680385816
2300.30680385816
2300.30680385816
