最优解为:416.7623
最优解路径:

Best_route =

     0     0     0     0     0
     1     2     3     4     0

本次运算用时:1.062秒
算法在第1代时收敛

best
416.762275753111
416.762275753111
416.762275753111
416.762275753111
416.762275753111
416.762275753111
416.762275753111
416.762275753111
416.762275753111
416.762275753111
416.762275753111
416.762275753111
416.762275753111
416.762275753111
416.762275753111
416.762275753111
416.762275753111
416.762275753111
416.762275753111
416.762275753111
416.762275753111
416.762275753111
416.762275753111
416.762275753111
416.762275753111
416.762275753111
416.762275753111
416.762275753111
416.762275753111
416.762275753111
416.762275753111
416.762275753111
416.762275753111
416.762275753111
416.762275753111
416.762275753111
416.762275753111
416.762275753111
416.762275753111
416.762275753111
416.762275753111
416.762275753111
416.762275753111
416.762275753111
416.762275753111
416.762275753111
416.762275753111
416.762275753111
416.762275753111
416.762275753111
416.762275753111
416.762275753111
416.762275753111
416.762275753111
416.762275753111
416.762275753111
416.762275753111
416.762275753111
416.762275753111
416.762275753111
416.762275753111
416.762275753111
416.762275753111
416.762275753111
416.762275753111
416.762275753111
416.762275753111
416.762275753111
416.762275753111
416.762275753111
416.762275753111
416.762275753111
416.762275753111
416.762275753111
416.762275753111
416.762275753111
416.762275753111
416.762275753111
416.762275753111
416.762275753111
416.762275753111
416.762275753111
416.762275753111
416.762275753111
416.762275753111
416.762275753111
416.762275753111
416.762275753111
416.762275753111
416.762275753111
416.762275753111
416.762275753111
416.762275753111
416.762275753111
416.762275753111
416.762275753111
416.762275753111
416.762275753111
416.762275753111
416.762275753111

ave
456.471753225416
469.369594744196
445.595322767648
433.064003171815
444.259185382466
417.847048602031
416.979230322895
429.842661875197
418.064003171816
455.820889516064
416.979230322895
417.630094032247
416.979230322895
430.527935551028
416.762275753111
416.979230322895
429.842661875198
416.979230322895
416.762275753111
430.527935551028
416.979230322895
416.762275753111
417.196184892679
417.196184892679
416.979230322895
416.762275753111
416.979230322895
416.979230322895
416.762275753111
416.762275753111
416.979230322895
416.762275753111
416.979230322895
431.979230322895
430.310980981244
416.762275753111
416.979230322895
430.310980981244
416.762275753111
416.762275753111
416.979230322895
416.762275753111
432.196184892679
416.762275753111
416.762275753111
416.762275753111
416.979230322895
416.762275753111
416.762275753111
430.527935551028
416.762275753111
416.762275753111
416.762275753111
416.762275753111
416.762275753111
416.762275753111
416.979230322895
416.979230322895
416.762275753111
416.979230322895
416.979230322895
416.762275753111
416.979230322895
430.527935551028
416.762275753111
416.979230322895
416.762275753111
416.979230322895
416.762275753111
416.762275753111
416.762275753111
444.842661875197
416.979230322895
416.979230322895
431.979230322895
416.762275753111
416.762275753111
416.979230322895
416.762275753111
431.979230322895
416.762275753111
430.310980981244
416.762275753111
416.762275753111
432.196184892679
430.527935551028
416.762275753111
416.762275753111
430.527935551028
416.979230322895
416.762275753111
416.762275753111
416.762275753111
416.762275753111
430.310980981244
416.762275753111
429.408752735629
416.979230322895
416.762275753111
416.762275753111