最优解为:783.9627
最优解路径:

Best_route =

     5     7     3     1    11    12     9    10     8     2     0     0     0
     6     4     0     0     0     0     0     0     0     0     0     0     0

本次运算用时:5.905秒
算法在第2代时收敛

best
794.400370636800
783.962727866998
783.962727866998
783.962727866998
783.962727866998
783.962727866998
783.962727866998
783.962727866998
783.962727866998
783.962727866998
783.962727866998
783.962727866998
783.962727866998
783.962727866998
783.962727866998
783.962727866998
783.962727866998
783.962727866998
783.962727866998
783.962727866998
783.962727866998
783.962727866998
783.962727866998
783.962727866998
783.962727866998
783.962727866998
783.962727866998
783.962727866998
783.962727866998
783.962727866998
783.962727866998
783.962727866998
783.962727866998
783.962727866998
783.962727866998
783.962727866998
783.962727866998
783.962727866998
783.962727866998
783.962727866998
783.962727866998
783.962727866998
783.962727866998
783.962727866998
783.962727866998
783.962727866998
783.962727866998
783.962727866998
783.962727866998
783.962727866998
783.962727866998
783.962727866998
783.962727866998
783.962727866998
783.962727866998
783.962727866998
783.962727866998
783.962727866998
783.962727866998
783.962727866998
783.962727866998
783.962727866998
783.962727866998
783.962727866998
783.962727866998
783.962727866998
783.962727866998
783.962727866998
783.962727866998
783.962727866998
783.962727866998
783.962727866998
783.962727866998
783.962727866998
783.962727866998
783.962727866998
783.962727866998
783.962727866998
783.962727866998
783.962727866998
783.962727866998
783.962727866998
783.962727866998
783.962727866998
783.962727866998
783.962727866998
783.962727866998
783.962727866998
783.962727866998
783.962727866998
783.962727866998
783.962727866998
783.962727866998
783.962727866998
783.962727866998
783.962727866998
783.962727866998
783.962727866998
783.962727866998
783.962727866998
783.962727866998
783.962727866998
783.962727866998
783.962727866998
783.962727866998
783.962727866998
783.962727866998
783.962727866998
783.962727866998
783.962727866998
783.962727866998
783.962727866998
783.962727866998
783.962727866998
783.962727866998
783.962727866998
783.962727866998
783.962727866998
783.962727866998
783.962727866998
783.962727866998
783.962727866998
783.962727866998
783.962727866998
783.962727866998
783.962727866998
783.962727866998
783.962727866998
783.962727866998
783.962727866998
783.962727866998
783.962727866998
783.962727866998
783.962727866998
783.962727866998
783.962727866998
783.962727866998
783.962727866998
783.962727866998
783.962727866998
783.962727866998
783.962727866998
783.962727866998
783.962727866998
783.962727866998
783.962727866998
783.962727866998
783.962727866998
783.962727866998
783.962727866998
783.962727866998
783.962727866998
783.962727866998
783.962727866998
783.962727866998
783.962727866998
783.962727866998
783.962727866998
783.962727866998
783.962727866998
783.962727866998
783.962727866998
783.962727866998
783.962727866998
783.962727866998
783.962727866998
783.962727866998
783.962727866998
783.962727866998
783.962727866998
783.962727866998
783.962727866998
783.962727866998
783.962727866998
783.962727866998
783.962727866998
783.962727866998
783.962727866998
783.962727866998
783.962727866998
783.962727866998
783.962727866998
783.962727866998
783.962727866998
783.962727866998
783.962727866998
783.962727866998
783.962727866998
783.962727866998
783.962727866998
783.962727866998
783.962727866998
783.962727866998
783.962727866998
783.962727866998
783.962727866998
783.962727866998
783.962727866998
783.962727866998
783.962727866998
ave
1030.85390208495
943.822575806353
914.434920372813
937.101285776895
957.388888526318
954.608964556994
931.073540900874
940.464500662391
950.561009109775
924.523329547270
960.091429569818
863.787586412634
942.424039477740
960.759732824731
946.802347802090
924.017546751827
891.802001186862
901.960307257448
908.263567844917
939.639684573721
832.809814055027
933.433083875679
915.135728512139
861.245721646302
869.110967222003
814.060815783977
837.351202381531
805.214028593640
827.091695512509
836.785056496539
800.481182304119
796.528571062070
853.032885085333
817.118192815839
838.477361835274
838.070462486457
834.362268246063
821.987603890615
799.888734503200
814.874329878827
825.139386258266
803.370596023638
792.167552415972
807.889929727672
795.821000478950
816.432745698544
808.038217074706
805.078311840907
797.897327818593
830.422764753879
794.360658316512
802.492274395979
810.652457736876
817.049590668106
828.606616092662
810.406910598136
804.739418289154
822.889787038552
814.744137195045
807.011508180729
812.483636585466
813.496704791466
806.895424869696
815.325891740103
815.243850580959
803.065965428051
806.560063383343
843.254682710906
799.850374716893
820.293650036733
865.349539863127
805.555579230745
796.314796783758
809.892896399124
796.025191481253
794.306202249647
823.561181585253
800.259126525828
828.042787955721
823.944526300934
814.359738893532
805.085208208797
823.620865938009
810.103081147147
817.527906558007
799.279861686271
792.142367351533
804.036911681796
802.880814396523
804.855460675054
815.100223318666
819.611608954783
801.798879469595
794.728865754527
841.881732345269
812.902885236517
875.560537171450
839.158672540925
810.910816060248
836.818998842309
803.625902484850
799.805353935537
805.419426791564
841.959951238735
794.646433179340
812.124206767896
828.030663001486
817.433736411393
835.625986933801
819.688883954063
811.990055109443
810.507893627402
795.542448715389
801.741288007869
853.477522443087
822.716634132944
793.515240103025
835.730671271270
833.047453164026
865.359153776946
817.621605113708
801.729124983275
820.882215929390
814.018312637507
817.685412827143
814.669508824772
824.067294655729
853.231854008375
811.096369167314
793.741318485770
815.872370540707
822.230849171992
799.045735818180
832.284428032561
798.430654081116
830.925664130852
803.015601277578
801.101880221617
842.103076393138
816.449870619048
818.579653810174
816.807689994000
819.496931528338
808.949028418213
827.261992800835
807.539323956205
812.937975965582
836.266079108053
813.074457866392
845.683992477153
808.125164154354
799.934077745271
811.940983254752
824.118246465978
814.603110237733
795.211316943217
801.340121628957
820.198598607966
798.045158039437
798.924873302815
826.315750555558
798.523618290648
804.392959313159
810.182489134014
810.820404506080
810.073511755664
807.477409750981
805.392483369687
855.479099907291
794.244215128253
809.319955087437
820.074515475494
808.765915658150
811.475699824125
856.981825635042
807.984575745929
808.280688735414
822.134142697976
810.655801886430
802.103332208681
834.856114696871
824.311426483175
822.761664326031
799.267669132739
827.673829261037
816.227396417252
809.512692789286
797.933269859012
808.166830604997
798.471752896783
801.101880221617
802.576068664634
816.227396417252
803.614208898161
830.950209210107
859.257105708491
832.661254894593
808.086953215966
803.970477113158
811.203392688852