最优解为:342.5941
最优解路径:

Best_route =

     0     0     0     0     0     0     0
     3     1     5     2     6     4     0

本次运算用时:1.609秒
算法在第6代时收敛

best
391.830115660080
384.404824351761
384.404824351761
384.404824351761
384.404824351761
342.594115660080
342.594115660080
342.594115660080
342.594115660080
342.594115660080
342.594115660080
342.594115660080
342.594115660080
342.594115660080
342.594115660080
342.594115660080
342.594115660080
342.594115660080
342.594115660080
342.594115660080
342.594115660080
342.594115660080
342.594115660080
342.594115660080
342.594115660080
342.594115660080
342.594115660080
342.594115660080
342.594115660080
342.594115660080
342.594115660080
342.594115660080
342.594115660080
342.594115660080
342.594115660080
342.594115660080
342.594115660080
342.594115660080
342.594115660080
342.594115660080
342.594115660080
342.594115660080
342.594115660080
342.594115660080
342.594115660080
342.594115660080
342.594115660080
342.594115660080
342.594115660080
342.594115660080
342.594115660080
342.594115660080
342.594115660080
342.594115660080
342.594115660080
342.594115660080
342.594115660080
342.594115660080
342.594115660080
342.594115660080
342.594115660080
342.594115660080
342.594115660080
342.594115660080
342.594115660080
342.594115660080
342.594115660080
342.594115660080
342.594115660080
342.594115660080
342.594115660080
342.594115660080
342.594115660080
342.594115660080
342.594115660080
342.594115660080
342.594115660080
342.594115660080
342.594115660080
342.594115660080
342.594115660080
342.594115660080
342.594115660080
342.594115660080
342.594115660080
342.594115660080
342.594115660080
342.594115660080
342.594115660080
342.594115660080
342.594115660080
342.594115660080
342.594115660080
342.594115660080
342.594115660080
342.594115660080
342.594115660080
342.594115660080
342.594115660080
342.594115660080

ave
473.479367371488
538.380921629966
464.552448630833
476.730418920565
460.397167988751
421.152346933783
422.331437573822
417.402759669142
441.545411475934
462.885866425711
434.846649397144
417.039191905672
421.043669398322
395.249128060300
408.162234818948
421.149847343295
406.759096380578
409.725450247975
414.417473671504
404.992324400872
392.127295636037
396.817816920313
391.787985692262
406.954499258901
414.132909600625
389.647340707592
391.756031070621
389.809794834696
391.845192263176
389.284465703864
392.281360201453
401.673052711191
384.404824351761
384.404824351761
389.256385771691
384.404824351761
384.522065476489
414.123465738684
386.993630843246
384.404824351761
401.798368112768
384.404824351761
384.404824351761
384.404824351761
399.201487344434
384.404824351761
401.798368112768
384.404824351761
384.463444914125
384.404824351761
384.404824351761
385.394401353043
384.404824351761
384.404824351761
384.404824351761
384.404824351761
389.225845141500
384.404824351761
384.404824351761
384.404824351761
399.696275845075
389.225845141500
384.404824351761
384.404824351761
384.404824351761
384.404824351761
384.463444914125
384.404824351761
384.404824351761
384.463444914125
384.404824351761
384.404824351761
384.404824351761
384.404824351761
384.404824351761
384.404824351761
384.899612852402
384.463444914125
384.404824351761
384.404824351761
384.404824351761
384.404824351761
384.404824351761
384.404824351761
384.404824351761
384.404824351761
384.404824351761
384.404824351761
384.404824351761
399.201487344434
386.935010280882
384.404824351761
384.404824351761
384.404824351761
384.404824351761
384.404824351761
384.404824351761
384.404824351761
384.404824351761
384.404824351761