实验环境：
VeiNum = 2
Q_ant = 75（trad100）
AntNum = 20 
iter_max = 200

抽取的客户节点编号为

Cus_select =

    21    71    88    90    39    59

各任务对应的的客户节点编号为

Task_Cus =

    21    71    88    90    39    59

cus：
35	35
35	35
35	35
45	20
57	68
26	52
31	67
60	12
21	24


task：
2	4	1	0	1
4	3	2	1	0
3	5	3	0	1
5	2	4	3	0
3	6	3	0	1
6	2	4	5	0
3	7	3	0	1
7	2	4	7	0
3	8	3	0	1
8	2	4	9	0
3	9	3	0	1
9	2	4	11	0


linktime
0	0	0.450693909432999	1.49152660075260	0.991526600752597	0.980884601541784	0.480884601541784	1.30622577482986	0.806225774829855	1.34926438757315	0.849264387573152	0.945112345369122	0.445112345369122
0.450693909432999	0.617360576099665	0	2.10888717685226	1.23693168768530	1.59824517764145	0.930389703296420	1.92358635092952	1.22601998352392	1.96662496367282	0.425000000000000	1.56247292146879	0.608276253029822
0.950693909432999	0.950693909432999	1.56805448553266	1.23693168768530	2.10888717685226	0.930389703296420	1.59824517764145	1.22601998352392	1.92358635092952	0.425000000000000	1.96662496367282	0.608276253029822	1.56247292146879
0.991526600752597	1.15819326741926	1.23693168768530	2.64971986817186	0	2.13907786896105	0.872138177125621	2.46441904224912	0.650480591562884	2.50745765499242	1.40200748928100	2.10330561278839	1.42126704035519
0	0	0.617360576099665	1.49152660075260	1.15819326741926	0.980884601541784	0.647551268208450	1.30622577482986	0.972892441496522	1.34926438757315	1.01593105423982	0.945112345369122	0.611779012035788
0.480884601541784	0.647551268208450	0.930389703296420	2.13907786896105	0.872138177125621	1.62843586975023	0	1.95377704303831	0.395284707521047	1.99681565578160	1.31244047484067	1.59266361357757	0.711073132666395
0	0	0.617360576099665	1.49152660075260	1.15819326741926	0.980884601541784	0.647551268208450	1.30622577482986	0.972892441496522	1.34926438757315	1.01593105423982	0.945112345369122	0.611779012035788
0.806225774829855	0.972892441496522	1.22601998352392	2.46441904224912	0.650480591562884	1.95377704303831	0.395284707521047	2.27911821632638	0	2.32215682906967	1.55442915567098	1.91800478686564	1.10368700273221
0	0	0.617360576099665	1.49152660075260	1.15819326741926	0.980884601541784	0.647551268208450	1.30622577482986	0.972892441496522	1.34926438757315	1.01593105423982	0.945112345369122	0.611779012035788
0.849264387573152	1.01593105423982	0.425000000000000	2.50745765499242	1.40200748928100	1.99681565578160	1.31244047484067	2.32215682906967	1.55442915567098	2.36519544181297	0	1.96104339960894	1.02011028815516
0	0	0.617360576099665	1.49152660075260	1.15819326741926	0.980884601541784	0.647551268208450	1.30622577482986	0.972892441496522	1.34926438757315	1.01593105423982	0.945112345369122	0.611779012035788
0.445112345369122	0.611779012035788	0.608276253029822	2.10330561278839	1.42126704035519	1.59266361357757	0.711073132666395	1.91800478686564	1.10368700273221	1.96104339960894	1.02011028815516	1.55689135740491	0
0	0	0.617360576099665	1.49152660075260	1.15819326741926	0.980884601541784	0.647551268208450	1.30622577482986	0.972892441496522	1.34926438757315	1.01593105423982	0.945112345369122	0.611779012035788

tasktime
0
1.11736057609967
0.166666666666667
0.166666666666667
1.65819326741926
0.166666666666667
1.14755126820845
0.166666666666667
1.47289244149652
0.166666666666667
1.51593105423982
0.166666666666667
1.11177901203579


1
2	4	1	0	1
5	2	4	0	0
6	2	4	0	0
7	2	4	0	0
8	2	4	0	0
9	2	4	0	0


2
4	3	2	0	0
3	5	3	0	1
3	6	3	0	1
3	7	3	0	1
3	8	3	0	1
3	9	3	0	1



linktime1
0	0	0.991526600752597	0.480884601541784	0.806225774829855	0.849264387573152	0.445112345369122
0.450693909432999	0.617360576099665	1.23693168768530	0.930389703296420	1.22601998352392	0.425000000000000	0.608276253029822
0	0	1.15819326741926	0.647551268208450	0.972892441496522	1.01593105423982	0.611779012035788
0	0	1.15819326741926	0.647551268208450	0.972892441496522	1.01593105423982	0.611779012035788
0	0	1.15819326741926	0.647551268208450	0.972892441496522	1.01593105423982	0.611779012035788
0	0	1.15819326741926	0.647551268208450	0.972892441496522	1.01593105423982	0.611779012035788
0	0	1.15819326741926	0.647551268208450	0.972892441496522	1.01593105423982	0.611779012035788

tasktime1
0
1.11736057609967
1.65819326741926
1.14755126820845
1.47289244149652
1.51593105423982
1.11177901203579


linktime2
0	0.450693909432999	1.49152660075260	0.980884601541784	1.30622577482986	1.34926438757315	0.945112345369122
0.950693909432999	1.56805448553266	1.23693168768530	0.930389703296420	1.22601998352392	0.425000000000000	0.608276253029822
0.991526600752597	1.23693168768530	2.64971986817186	2.13907786896105	2.46441904224912	2.50745765499242	2.10330561278839
0.480884601541784	0.930389703296420	2.13907786896105	1.62843586975023	1.95377704303831	1.99681565578160	1.59266361357757
0.806225774829855	1.22601998352392	2.46441904224912	1.95377704303831	2.27911821632638	2.32215682906967	1.91800478686564
0.849264387573152	0.425000000000000	2.50745765499242	1.99681565578160	2.32215682906967	2.36519544181297	1.96104339960894
0.445112345369122	0.608276253029822	2.10330561278839	1.59266361357757	1.91800478686564	1.96104339960894	1.55689135740491


tasktime2
0
0.166666666666667
0.166666666666667
0.166666666666667
0.166666666666667
0.166666666666667
0.166666666666667