最优解为:1730.0759
最优解路径:

Best_route =

  1 至 24 列

     5     6     7     8    15    16    19    20     9    10     4     0     0     0     0     0     0     0     0     0     0     0     0     0
    17    18    25    26    27    28    29    30    11    12     0     0     0     0     0     0     0     0     0     0     0     0     0     0
     0     0     0     0     0     0     0     0     0     0     0     0     0     0     0     0     0     0     0     0     0     0     0     0
    13    14    23    24    21    22     1     2     3     0     0     0     0     0     0     0     0     0     0     0     0     0     0     0
     0     0     0     0     0     0     0     0     0     0     0     0     0     0     0     0     0     0     0     0     0     0     0     0

  25 至 31 列

     0     0     0     0     0     0     0
     0     0     0     0     0     0     0
     0     0     0     0     0     0     0
     0     0     0     0     0     0     0
     0     0     0     0     0     0     0

本次运算用时:66.391秒
算法在第421代时收敛

best
1785.74733896398
1785.74733896398
1785.74733896398
1785.74733896398
1785.74733896398
1778.74979808871
1778.74979808871
1778.74979808871
1778.74979808871
1775.87273512443
1775.87273512443
1775.87273512443
1775.07647759277
1775.07647759277
1775.07647759277
1775.07647759277
1770.60652300574
1770.60652300574
1770.60652300574
1770.60652300574
1770.60652300574
1770.60652300574
1770.60652300574
1770.60652300574
1770.00990705385
1770.00990705385
1770.00990705385
1770.00990705385
1770.00990705385
1770.00990705385
1770.00990705385
1770.00990705385
1770.00990705385
1770.00990705385
1770.00990705385
1770.00990705385
1770.00990705385
1770.00990705385
1770.00990705385
1770.00990705385
1770.00990705385
1770.00990705385
1735.09719545204
1735.09719545204
1735.09719545204
1735.09719545204
1735.09719545204
1735.09719545204
1735.09719545204
1735.09719545204
1735.09719545204
1735.09719545204
1735.09719545204
1735.09719545204
1735.09719545204
1735.09719545204
1735.09719545204
1735.09719545204
1735.09719545204
1735.09719545204
1735.09719545204
1735.09719545204
1735.09719545204
1735.09719545204
1735.09719545204
1735.09719545204
1735.09719545204
1735.09719545204
1735.09719545204
1735.09719545204
1735.09719545204
1735.09719545204
1735.09719545204
1735.09719545204
1735.09719545204
1735.09719545204
1735.09719545204
1735.09719545204
1735.09719545204
1735.09719545204
1735.09719545204
1735.09719545204
1735.09719545204
1735.09719545204
1735.09719545204
1735.09719545204
1735.09719545204
1735.09719545204
1735.09719545204
1735.09719545204
1735.09719545204
1735.09719545204
1735.09719545204
1735.09719545204
1735.09719545204
1735.09719545204
1735.09719545204
1735.09719545204
1735.09719545204
1735.09719545204
1730.97854518860
1730.97854518860
1730.97854518860
1730.97854518860
1730.97854518860
1730.97854518860
1730.97854518860
1730.97854518860
1730.97854518860
1730.97854518860
1730.97854518860
1730.97854518860
1730.97854518860
1730.97854518860
1730.97854518860
1730.97854518860
1730.97854518860
1730.97854518860
1730.97854518860
1730.97854518860
1730.97854518860
1730.97854518860
1730.97854518860
1730.97854518860
1730.97854518860
1730.97854518860
1730.97854518860
1730.97854518860
1730.97854518860
1730.97854518860
1730.97854518860
1730.97854518860
1730.97854518860
1730.97854518860
1730.97854518860
1730.97854518860
1730.97854518860
1730.97854518860
1730.97854518860
1730.97854518860
1730.97854518860
1730.97854518860
1730.97854518860
1730.97854518860
1730.97854518860
1730.97854518860
1730.97854518860
1730.97854518860
1730.97854518860
1730.97854518860
1730.97854518860
1730.97854518860
1730.97854518860
1730.97854518860
1730.97854518860
1730.97854518860
1730.97854518860
1730.97854518860
1730.97854518860
1730.97854518860
1730.97854518860
1730.97854518860
1730.97854518860
1730.97854518860
1730.97854518860
1730.97854518860
1730.97854518860
1730.97854518860
1730.97854518860
1730.97854518860
1730.97854518860
1730.97854518860
1730.97854518860
1730.97854518860
1730.97854518860
1730.97854518860
1730.97854518860
1730.97854518860
1730.97854518860
1730.97854518860
1730.97854518860
1730.97854518860
1730.97854518860
1730.97854518860
1730.97854518860
1730.97854518860
1730.97854518860
1730.97854518860
1730.97854518860
1730.97854518860
1730.97854518860
1730.97854518860
1730.97854518860
1730.97854518860
1730.97854518860
1730.97854518860
1730.97854518860
1730.97854518860
1730.97854518860
1730.97854518860
1730.97854518860
1730.97854518860
1730.97854518860
1730.97854518860
1730.97854518860
1730.97854518860
1730.97854518860
1730.97854518860
1730.97854518860
1730.97854518860
1730.97854518860
1730.97854518860
1730.97854518860
1730.97854518860
1730.97854518860
1730.97854518860
1730.97854518860
1730.97854518860
1730.97854518860
1730.97854518860
1730.97854518860
1730.97854518860
1730.97854518860
1730.97854518860
1730.97854518860
1730.97854518860
1730.97854518860
1730.97854518860
1730.97854518860
1730.97854518860
1730.97854518860
1730.97854518860
1730.97854518860
1730.97854518860
1730.97854518860
1730.97854518860
1730.97854518860
1730.97854518860
1730.97854518860
1730.97854518860
1730.97854518860
1730.97854518860
1730.97854518860
1730.97854518860
1730.97854518860
1730.97854518860
1730.97854518860
1730.97854518860
1730.97854518860
1730.97854518860
1730.97854518860
1730.97854518860
1730.97854518860
1730.97854518860
1730.97854518860
1730.97854518860
1730.97854518860
1730.97854518860
1730.97854518860
1730.97854518860
1730.97854518860
1730.97854518860
1730.97854518860
1730.97854518860
1730.97854518860
1730.97854518860
1730.97854518860
1730.97854518860
1730.97854518860
1730.97854518860
1730.97854518860
1730.97854518860
1730.97854518860
1730.97854518860
1730.97854518860
1730.97854518860
1730.97854518860
1730.97854518860
1730.97854518860
1730.97854518860
1730.97854518860
1730.97854518860
1730.97854518860
1730.97854518860
1730.97854518860
1730.97854518860
1730.97854518860
1730.97854518860
1730.97854518860
1730.97854518860
1730.97854518860
1730.97854518860
1730.97854518860
1730.97854518860
1730.97854518860
1730.97854518860
1730.97854518860
1730.97854518860
1730.97854518860
1730.97854518860
1730.97854518860
1730.97854518860
1730.97854518860
1730.97854518860
1730.97854518860
1730.97854518860
1730.97854518860
1730.97854518860
1730.97854518860
1730.97854518860
1730.97854518860
1730.97854518860
1730.97854518860
1730.97854518860
1730.97854518860
1730.97854518860
1730.97854518860
1730.97854518860
1730.97854518860
1730.97854518860
1730.97854518860
1730.97854518860
1730.97854518860
1730.97854518860
1730.97854518860
1730.97854518860
1730.97854518860
1730.97854518860
1730.97854518860
1730.97854518860
1730.97854518860
1730.97854518860
1730.97854518860
1730.97854518860
1730.97854518860
1730.97854518860
1730.97854518860
1730.97854518860
1730.97854518860
1730.97854518860
1730.97854518860
1730.97854518860
1730.97854518860
1730.97854518860
1730.97854518860
1730.97854518860
1730.97854518860
1730.97854518860
1730.97854518860
1730.97854518860
1730.97854518860
1730.97854518860
1730.97854518860
1730.97854518860
1730.97854518860
1730.97854518860
1730.97854518860
1730.97854518860
1730.97854518860
1730.97854518860
1730.97854518860
1730.97854518860
1730.97854518860
1730.97854518860
1730.97854518860
1730.97854518860
1730.97854518860
1730.97854518860
1730.97854518860
1730.97854518860
1730.97854518860
1730.97854518860
1730.97854518860
1730.97854518860
1730.97854518860
1730.97854518860
1730.97854518860
1730.97854518860
1730.97854518860
1730.97854518860
1730.97854518860
1730.97854518860
1730.97854518860
1730.97854518860
1730.97854518860
1730.97854518860
1730.97854518860
1730.97854518860
1730.97854518860
1730.97854518860
1730.97854518860
1730.97854518860
1730.97854518860
1730.97854518860
1730.97854518860
1730.97854518860
1730.97854518860
1730.97854518860
1730.97854518860
1730.97854518860
1730.97854518860
1730.97854518860
1730.97854518860
1730.97854518860
1730.97854518860
1730.97854518860
1730.97854518860
1730.97854518860
1730.97854518860
