最优解为:332.6106
最优解路径:

Best_route =

     0     0     0     0     0     0     0     0     0
     3     7     2     6     8     1     4     5     0

本次运算用时:3.812秒
算法在第6代时收敛

best
333.837778001469
333.837778001469
333.092218154270
333.092218154270
332.612708871814
332.610595963068
332.610595963068
332.610595963068
332.610595963068
332.610595963068
332.610595963068
332.610595963068
332.610595963068
332.610595963068
332.610595963068
332.610595963068
332.610595963068
332.610595963068
332.610595963068
332.610595963068
332.610595963068
332.610595963068
332.610595963068
332.610595963068
332.610595963068
332.610595963068
332.610595963068
332.610595963068
332.610595963068
332.610595963068
332.610595963068
332.610595963068
332.610595963068
332.610595963068
332.610595963068
332.610595963068
332.610595963068
332.610595963068
332.610595963068
332.610595963068
332.610595963068
332.610595963068
332.610595963068
332.610595963068
332.610595963068
332.610595963068
332.610595963068
332.610595963068
332.610595963068
332.610595963068
332.610595963068
332.610595963068
332.610595963068
332.610595963068
332.610595963068
332.610595963068
332.610595963068
332.610595963068
332.610595963068
332.610595963068
332.610595963068
332.610595963068
332.610595963068
332.610595963068
332.610595963068
332.610595963068
332.610595963068
332.610595963068
332.610595963068
332.610595963068
332.610595963068
332.610595963068
332.610595963068
332.610595963068
332.610595963068
332.610595963068
332.610595963068
332.610595963068
332.610595963068
332.610595963068
332.610595963068
332.610595963068
332.610595963068
332.610595963068
332.610595963068
332.610595963068
332.610595963068
332.610595963068
332.610595963068
332.610595963068
332.610595963068
332.610595963068
332.610595963068
332.610595963068
332.610595963068
332.610595963068
332.610595963068
332.610595963068
332.610595963068
332.610595963068
332.610595963068
332.610595963068
332.610595963068
332.610595963068
332.610595963068
332.610595963068
332.610595963068
332.610595963068
332.610595963068
332.610595963068
332.610595963068
332.610595963068
332.610595963068
332.610595963068
332.610595963068
332.610595963068
332.610595963068
332.610595963068
332.610595963068
332.610595963068
332.610595963068
332.610595963068
332.610595963068
332.610595963068
332.610595963068
332.610595963068
332.610595963068
332.610595963068
332.610595963068
332.610595963068
332.610595963068
332.610595963068
332.610595963068
332.610595963068
332.610595963068
332.610595963068
332.610595963068
332.610595963068
332.610595963068
332.610595963068
332.610595963068
332.610595963068
332.610595963068
332.610595963068
332.610595963068
332.610595963068
332.610595963068
332.610595963068
332.610595963068
332.610595963068
332.610595963068
332.610595963068
332.610595963068
332.610595963068
332.610595963068
332.610595963068
332.610595963068
332.610595963068
332.610595963068
332.610595963068
332.610595963068
332.610595963068
332.610595963068
332.610595963068
332.610595963068
332.610595963068
332.610595963068
332.610595963068
332.610595963068
332.610595963068
332.610595963068
332.610595963068
332.610595963068
332.610595963068
332.610595963068
332.610595963068
332.610595963068
332.610595963068
332.610595963068
332.610595963068
332.610595963068
332.610595963068
332.610595963068
332.610595963068
332.610595963068
332.610595963068
332.610595963068
332.610595963068
332.610595963068
332.610595963068
332.610595963068
332.610595963068
332.610595963068
332.610595963068
332.610595963068
332.610595963068
332.610595963068
332.610595963068
332.610595963068
332.610595963068

ave
357.646090223907
356.025566826597
353.477156387881
343.314606948450
354.119392866593
337.800984466749
372.248925938187
339.353655493180
381.309866280584
354.919263388101
355.485513588970
341.771788856414
367.762062446316
338.891672605065
336.667482843249
365.921238163183
351.758783312971
366.419116656169
334.836802454743
351.099899751605
351.615586435232
335.692016262354
335.549321870361
334.251012801935
351.710131973724
349.691096128058
334.657645684804
334.080343994752
350.990871905363
334.019727240500
334.218717662738
379.034724162180
365.169940063470
335.818029098460
333.057643681194
333.731289728371
335.267945219796
334.842401794856
334.262708339766
348.548480595631
333.046311437160
348.777187515016
332.706920401309
333.788717452201
348.353225508858
334.277049698283
333.802048120795
334.420602383876
332.658758182189
333.079574597976
333.539766259561
333.621178769445
333.021832459743
332.735274303019
332.610595963068
347.914353040999
333.475962774260
333.896823396791
332.610595963068
347.679629756092
333.019288327952
332.828149988529
333.005372714432
333.005372714432
332.610595963068
332.610595963068
332.610595963068
332.610595963068
362.493299736607
332.610595963068
332.610595963068
332.610595963068
332.610595963068
332.610595963068
333.166697000230
333.997344851736
348.222902906105
332.861369211533
348.734457821813
332.610595963068
332.610595963068
332.828149988529
347.320090963068
332.610595963068
332.610595963068
333.292991007740
347.320090963068
332.610595963068
332.610595963068
332.610595963068
332.610595963068
332.828149988529
347.320090963068
333.019288327952
333.429116530406
332.831356780678
333.174041125441
332.610595963068
363.012833522794
332.610595963068
332.610595963068
332.610595963068
363.023653763136
332.610595963068
332.845272394198
332.610595963068
347.320090963068
347.554951416141
332.610595963068
332.610595963068
332.610595963068
332.610595963068
332.610595963068
332.833322583929
332.610595963068
348.532213982864
348.026993755879
333.447743805228
332.610595963068
332.610595963068
332.610595963068
332.610595963068
347.674470533036
348.161112317901
333.047081695599
332.610595963068
333.199251653492
332.958000923880
332.610595963068
332.610595963068
332.610595963068
332.610595963068
332.610595963068
332.772069127446
332.610595963068
347.554951416141
347.638912489929
332.610595963068
332.610595963068
333.041504878501
332.610595963068
332.610595963068
332.610595963068
332.972593357850
347.554951416141
347.638912489929
332.845374936985
332.828149988529
332.610595963068
333.421978274353
332.610595963068
332.610595963068
347.554951416141
332.610595963068
332.610595963068
332.610595963068
332.610595963068
332.610595963068
333.416609211106
333.569045365176
332.972593357850
332.610595963068
332.610595963068
332.610595963068
347.943558292440
332.610595963068
332.845272394198
333.891952548441
332.735274303019
334.263054213405
332.610595963068
332.610595963068
332.610595963068
332.833322583929
332.610595963068
332.610595963068
332.828149988529
332.610595963068
332.610595963068
347.398125766121
332.610595963068
332.610595963068
347.807238712761
348.105443543747
332.972593357850
347.783804736607
332.610595963068
332.833322583929
332.610595963068
332.610595963068
332.610595963068
332.610595963068
347.943558292440
332.610595963068
332.610595963068
332.610595963068
332.610595963068
347.943558292440
332.610595963068
332.610595963068