实验环境：
VeiNum = 2
Q_ant = 60
AntNum = 20 
iter_max = 100
抽取的客户节点编号为

Cus_select =

    19     9    10    33

各任务对应的的客户节点编号为

Task_Cus =

    19     9    10    33

cus
40	50
40	50
40	50
42	10
10	35
10	40
85	25


task
2	4	1	0	1
4	3	2	1	0
3	5	3	0	1
5	2	4	3	0
3	6	3	0	1
6	2	4	5	0
2	7	1	0	1
7	3	2	7	0


linktime
0	0	1.00124921972504	1.33852549156242	0.838525491562421	1.29056941504210	0.790569415042095	0	1.28695376762338
1.00124921972504	1.16791588639171	0	2.50644137795413	1.01519702521235	2.45848530143380	1.09658560997307	1.16791588639171	45.5411901469428
1.50124921972504	1.50124921972504	2.66916510611675	1.01519702521235	2.50644137795413	1.09658560997307	2.45848530143380	1.50124921972504	2.95486965401508
0.838525491562421	1.00519215822909	1.01519702521235	2.34371764979151	0	2.29576157327118	0.125000000000000	1.00519215822909	1.89159324380269
0	0	1.16791588639171	1.33852549156242	1.00519215822909	1.29056941504210	0.957236081708762	0	1.45362043429004
0.790569415042095	0.957236081708762	1.09658560997307	2.29576157327118	0.125000000000000	2.24780549675086	0	0.957236081708762	1.91213231759729
0	0	1.16791588639171	1.33852549156242	1.00519215822909	1.29056941504210	0.957236081708762	0	1.45362043429004
1.28695376762338	1.45362043429004	45.5411901469428	2.79214592585246	1.89159324380269	2.74418984933214	1.91213231759729	1.45362043429004	0
1.78695376762338	1.78695376762338	2.95486965401508	1.89159324380269	2.79214592585246	1.91213231759729	2.74418984933214	1.78695376762338	3.24057420191342

tasktime
0
1.66791588639171
0.166666666666667
0.166666666666667
1.50519215822909
0.166666666666667
1.45723608170876
1.95362043429004
0.166666666666667


1
2	4	1	0	1
5	2	4	0	0
6	2	4	0	0
2	7	1	0	1



2
4	3	2	0	0
3	5	3	0	1
3	6	3	0	1
7	3	2	0	0



linktime1
0	0	0.838525491562421	0.790569415042095	0
1.00124921972504	1.16791588639171	1.01519702521235	1.09658560997307	1.16791588639171
0	0	1.00519215822909	0.957236081708762	0
0	0	1.00519215822909	0.957236081708762	0
1.28695376762338	1.45362043429004	1.89159324380269	1.91213231759729	1.45362043429004


tasktime1
0
1.66791588639171
1.50519215822909
1.45723608170876
1.95362043429004


linktime2
0	1.00124921972504	1.33852549156242	1.29056941504210	1.28695376762338
1.50124921972504	2.66916510611675	1.01519702521235	1.09658560997307	2.95486965401508
0.838525491562421	1.01519702521235	2.34371764979151	2.29576157327118	1.89159324380269
0.790569415042095	1.09658560997307	2.29576157327118	2.24780549675086	1.91213231759729
1.78695376762338	2.95486965401508	1.89159324380269	1.91213231759729	3.24057420191342


tasktime2
0
0.166666666666667
0.166666666666667
0.166666666666667
0.166666666666667