最优解为:808.7276
最优解路径:

Best_route =

     7     8     0     0     0     0     0     0     0     0     0     0     0
     5     1     6    11     2     9    10     3     4    12     0     0     0

本次运算用时:6.436秒
算法在第11代时收敛

best
822.228050134338
813.839185876275
813.839185876275
813.839185876275
813.839185876275
813.839185876275
813.839185876275
813.839185876275
813.839185876275
813.839185876275
808.727623286530
808.727623286530
808.727623286530
808.727623286530
808.727623286530
808.727623286530
808.727623286530
808.727623286530
808.727623286530
808.727623286530
808.727623286530
808.727623286530
808.727623286530
808.727623286530
808.727623286530
808.727623286530
808.727623286530
808.727623286530
808.727623286530
808.727623286530
808.727623286530
808.727623286530
808.727623286530
808.727623286530
808.727623286530
808.727623286530
808.727623286530
808.727623286530
808.727623286530
808.727623286530
808.727623286530
808.727623286530
808.727623286530
808.727623286530
808.727623286530
808.727623286530
808.727623286530
808.727623286530
808.727623286530
808.727623286530
808.727623286530
808.727623286530
808.727623286530
808.727623286530
808.727623286530
808.727623286530
808.727623286530
808.727623286530
808.727623286530
808.727623286530
808.727623286530
808.727623286530
808.727623286530
808.727623286530
808.727623286530
808.727623286530
808.727623286530
808.727623286530
808.727623286530
808.727623286530
808.727623286530
808.727623286530
808.727623286530
808.727623286530
808.727623286530
808.727623286530
808.727623286530
808.727623286530
808.727623286530
808.727623286530
808.727623286530
808.727623286530
808.727623286530
808.727623286530
808.727623286530
808.727623286530
808.727623286530
808.727623286530
808.727623286530
808.727623286530
808.727623286530
808.727623286530
808.727623286530
808.727623286530
808.727623286530
808.727623286530
808.727623286530
808.727623286530
808.727623286530
808.727623286530
808.727623286530
808.727623286530
808.727623286530
808.727623286530
808.727623286530
808.727623286530
808.727623286530
808.727623286530
808.727623286530
808.727623286530
808.727623286530
808.727623286530
808.727623286530
808.727623286530
808.727623286530
808.727623286530
808.727623286530
808.727623286530
808.727623286530
808.727623286530
808.727623286530
808.727623286530
808.727623286530
808.727623286530
808.727623286530
808.727623286530
808.727623286530
808.727623286530
808.727623286530
808.727623286530
808.727623286530
808.727623286530
808.727623286530
808.727623286530
808.727623286530
808.727623286530
808.727623286530
808.727623286530
808.727623286530
808.727623286530
808.727623286530
808.727623286530
808.727623286530
808.727623286530
808.727623286530
808.727623286530
808.727623286530
808.727623286530
808.727623286530
808.727623286530
808.727623286530
808.727623286530
808.727623286530
808.727623286530
808.727623286530
808.727623286530
808.727623286530
808.727623286530
808.727623286530
808.727623286530
808.727623286530
808.727623286530
808.727623286530
808.727623286530
808.727623286530
808.727623286530
808.727623286530
808.727623286530
808.727623286530
808.727623286530
808.727623286530
808.727623286530
808.727623286530
808.727623286530
808.727623286530
808.727623286530
808.727623286530
808.727623286530
808.727623286530
808.727623286530
808.727623286530
808.727623286530
808.727623286530
808.727623286530
808.727623286530
808.727623286530
808.727623286530
808.727623286530
808.727623286530
808.727623286530
808.727623286530
808.727623286530
808.727623286530
808.727623286530
808.727623286530
808.727623286530
808.727623286530
808.727623286530
808.727623286530
808.727623286530

ave
0
1084.41082247125
1133.91257118433
977.617212941424
994.426981699294
1024.60457942600
1040.22160257855
978.193876749963
1030.49527232659
1226.64989158472
1155.67255803990
1280.45680039592
1247.16766380189
1150.52648339855
1311.19247661677
1151.79949093536
1250.41520620198
1258.38705928934
1059.09903613469
996.078263066743
1006.42178959099
1123.99852698509
1040.93957590259
1156.05799002555
1020.46066890429
1217.89317987530
1059.37276617723
1004.07851452669
1124.06070116657
936.487234504629
1127.63491938340
1099.34185840532
1072.86073863551
1047.21999865885
940.967905155348
1037.75495728123
1095.68553369652
1109.36542889976
1013.90557753396
1178.37805049886
1061.21217944323
1037.22802172569
1012.23195170891
1011.72429969009
1159.76281255883
953.446998250993
1020.08334895782
957.978043792676
960.745517367305
1025.05649563610
938.017859298947
905.398183206407
951.372585071398
906.157302054514
1026.83815399531
990.734353673999
966.938017047745
1016.76580034998
916.735375611102
939.990068236514
941.126220918830
977.966437616698
853.747500035712
974.222751966232
911.414177735363
931.180214365545
853.343552178850
932.471900273057
1041.99528900755
992.276647173644
972.442303750474
1056.19568432177
1050.82497047647
1105.27270554222
1305.88026338190
1298.47730263257
1248.87758293288
1223.33351187604
1257.46058309858
1351.95688191348
1252.53036463778
1190.31692110805
1253.10339016350
1333.51749150461
1170.54826783886
1397.34795130798
1173.38154523494
1310.87682341481
1021.57044194241
1295.45654584735
1345.40880242515
934.266127818242
934.518810049924
974.578664590389
932.928318889861
946.579383145145
1065.11981363646
916.247260970182
1007.01438946617
890.499626726753
899.798577996306
943.946313621385
949.253395707480
1028.73879479084
935.814663761099
933.380567335299
887.696294872586
932.139811280127
975.814000986750
853.373321504502
847.282195346399
928.438595589054
893.161393121683
944.607236140628
928.771354064518
935.712436417786
918.406619452524
898.602653078421
894.029038347846
972.024070019273
888.170559680777
855.449320834197
910.623889359479
852.705975425690
889.859577509412
887.304296008134
887.515268211316
875.890173000431
848.066540279709
896.357791428017
873.327066922900
893.934539843258
928.189858306001
852.963009226417
970.702755864681
847.493167549581
931.026742176658
904.022467744820
893.199538859106
888.075325233994
910.524664626345
856.933848137123
929.365854899356
884.120486622897
969.261369404749
903.764181956042
858.680347268785
1011.50910496268
858.674232077471
1103.10829831370
971.305726932315
968.291422874965
862.725872806649
847.202731439170
936.677460807958
1023.31363714065
969.432024334093
1014.46992052879
891.833754551596
853.172811130025
933.561941200974
927.405860577098
888.535283812176
890.122183184259
931.385189024621
888.194778630689
906.310480009483
888.088293737037
941.468138023077
989.440443293680
927.797859441549
928.792829373635
968.873378013828
853.097974290142
887.858770780228
966.128827168302
981.569702592041
882.681185929324
1012.37437187129
931.046234550068
934.022049539476
892.807539994654
888.088293737037
847.202731439170
852.863477061580
895.075974607000
887.696294872586
887.123269346864
890.251576373863
887.776105984221
889.941156522989
934.636722244696
931.116510885222
855.342835940546
1011.01529263683
928.189858306001
890.214112755953
929.222593317957
869.692825301775
849.919055861255