最优解为:919.5704
最优解路径:

Best_route =

     9    10     7     8     3     4     2    11    12     0     0     0     0
     5     6     1     0     0     0     0     0     0     0     0     0     0

本次运算用时:6.168秒
算法在第17代时收敛

best
922.715485314718
922.598777714947
920.076836319174
920.076836319174
920.076836319174
920.076836319174
919.870178504336
919.870178504336
919.870178504336
919.870178504336
919.870178504336
919.870178504336
919.870178504336
919.870178504336
919.870178504336
919.870178504336
919.570357695640
919.570357695640
919.570357695640
919.570357695640
919.570357695640
919.570357695640
919.570357695640
919.570357695640
919.570357695640
919.570357695640
919.570357695640
919.570357695640
919.570357695640
919.570357695640
919.570357695640
919.570357695640
919.570357695640
919.570357695640
919.570357695640
919.570357695640
919.570357695640
919.570357695640
919.570357695640
919.570357695640
919.570357695640
919.570357695640
919.570357695640
919.570357695640
919.570357695640
919.570357695640
919.570357695640
919.570357695640
919.570357695640
919.570357695640
919.570357695640
919.570357695640
919.570357695640
919.570357695640
919.570357695640
919.570357695640
919.570357695640
919.570357695640
919.570357695640
919.570357695640
919.570357695640
919.570357695640
919.570357695640
919.570357695640
919.570357695640
919.570357695640
919.570357695640
919.570357695640
919.570357695640
919.570357695640
919.570357695640
919.570357695640
919.570357695640
919.570357695640
919.570357695640
919.570357695640
919.570357695640
919.570357695640
919.570357695640
919.570357695640
919.570357695640
919.570357695640
919.570357695640
919.570357695640
919.570357695640
919.570357695640
919.570357695640
919.570357695640
919.570357695640
919.570357695640
919.570357695640
919.570357695640
919.570357695640
919.570357695640
919.570357695640
919.570357695640
919.570357695640
919.570357695640
919.570357695640
919.570357695640
919.570357695640
919.570357695640
919.570357695640
919.570357695640
919.570357695640
919.570357695640
919.570357695640
919.570357695640
919.570357695640
919.570357695640
919.570357695640
919.570357695640
919.570357695640
919.570357695640
919.570357695640
919.570357695640
919.570357695640
919.570357695640
919.570357695640
919.570357695640
919.570357695640
919.570357695640
919.570357695640
919.570357695640
919.570357695640
919.570357695640
919.570357695640
919.570357695640
919.570357695640
919.570357695640
919.570357695640
919.570357695640
919.570357695640
919.570357695640
919.570357695640
919.570357695640
919.570357695640
919.570357695640
919.570357695640
919.570357695640
919.570357695640
919.570357695640
919.570357695640
919.570357695640
919.570357695640
919.570357695640
919.570357695640
919.570357695640
919.570357695640
919.570357695640
919.570357695640
919.570357695640
919.570357695640
919.570357695640
919.570357695640
919.570357695640
919.570357695640
919.570357695640
919.570357695640
919.570357695640
919.570357695640
919.570357695640
919.570357695640
919.570357695640
919.570357695640
919.570357695640
919.570357695640
919.570357695640
919.570357695640
919.570357695640
919.570357695640
919.570357695640
919.570357695640
919.570357695640
919.570357695640
919.570357695640
919.570357695640
919.570357695640
919.570357695640
919.570357695640
919.570357695640
919.570357695640
919.570357695640
919.570357695640
919.570357695640
919.570357695640
919.570357695640
919.570357695640
919.570357695640
919.570357695640
919.570357695640
919.570357695640
919.570357695640
919.570357695640
919.570357695640
919.570357695640
919.570357695640
919.570357695640
919.570357695640
919.570357695640

ave
991.319958211855
1017.40373952368
1111.00829199415
1016.60766128897
986.398696977138
1081.66820490216
1044.46423244694
987.261500694129
1020.17096056861
962.668845993798
990.642950052098
1046.37989980164
954.124193009400
991.599000751594
962.350301366043
993.922500663059
1042.26843905002
961.375219974566
958.621459780328
959.889510929007
1019.84753417472
959.062444830569
959.163641746019
959.093026258979
961.391778879226
983.516709296066
1015.67268951267
989.384965896693
948.220196963099
954.508864236214
947.948296136082
945.547110393114
1014.18026349860
943.672786532923
951.440044764798
951.977200062264
951.435386615105
950.901931193905
981.773660325192
945.496392668767
941.533197507367
946.686918491423
953.245421272528
946.144147994003
953.713568969111
950.409644094868
941.012640105058
940.602199811830
946.060685686131
948.749387476825
947.257031324746
974.663039269500
953.877811287755
946.225432581427
946.735368941542
946.695841607803
948.683678712043
944.238703486353
947.138769510699
936.818118931375
944.699957493146
949.617549990676
945.417658372582
958.137363131017
936.759173549305
1012.50598146025
943.891750286955
945.759391781679
944.779359070719
947.039420169447
946.023850352189
942.125437234575
950.487389022223
945.191498071493
938.141096303012
939.977312015960
937.915134354314
970.921812029982
944.714948533581
940.126489613473
948.488484171010
947.413912712159
943.231149215079
943.917004700786
942.264133067065
943.889785122571
941.433937153685
944.443120142236
947.763377789147
947.049932838805
940.088937144516
977.690682182124
945.674356375858
984.944434560580
951.543960642737
947.653145010788
970.759897499336
948.098232831473
943.506378484943
974.039188232436
946.571245701032
981.824712366632
950.684800787294
947.428904393457
953.977279482920
946.320300478056
944.249703658482
940.792875349168
950.632714770623
947.353739605302
942.701667141680
999.413268313046
948.050247145854
975.352485149035
954.806040375129
980.003438827847
945.880191576539
934.935165990253
962.618638323890
944.754035139542
949.181213195540
940.291306370762
950.743676948234
949.967104676479
943.039408026357
957.771461189595
975.741300479004
950.232331163182
949.433526755609
944.063322696524
946.652752511623
982.460091222219
972.838134906012
947.304250246606
952.502350095181
942.891202673750
940.025124026773
949.498016516618
951.871886233183
949.329468528247
944.647870835612
942.314238360098
939.797409638117
945.196963226561
941.963687470624
942.282763477523
952.745466945737
946.057843309731
952.316514810118
938.632167952362
946.577847453778
942.120779084882
951.037223565731
942.884570002899
948.550155105910
949.750772161914
945.758648933335
983.145220569677
946.058650315106
949.390379419349
944.897157979927
948.693204597410
948.243828396304
946.657627557806
947.401614953249
995.415664467705
980.170710795423
947.972428589615
945.800444749220
942.115981211202
970.671956026660
950.551207960032
955.164938512199
950.101285686583
949.187647402398
946.099105010705
946.948929199260
944.362279635147
944.067193208345
944.117841070698
950.124583483286
940.116226584725
946.696809892981
950.854643253600
940.129252116128
941.053839091055
951.735938196975
945.397062453092
939.163607847007
940.442899091394
964.910625013456
939.503321076032
947.388589421846
946.124428941881
985.681146548978
948.015544563033
945.486129640018
945.563844719412
974.247815693712
980.824682780411