最优解为:350.6743
最优解路径:

Best_route =

     5     3     1     4     2     6     0
     0     0     0     0     0     0     0

本次运算用时:2.874秒
算法在第2代时收敛

best
353.056430460529
350.674309314797
350.674309314797
350.674309314797
350.674309314797
350.674309314797
350.674309314797
350.674309314797
350.674309314797
350.674309314797
350.674309314797
350.674309314797
350.674309314797
350.674309314797
350.674309314797
350.674309314797
350.674309314797
350.674309314797
350.674309314797
350.674309314797
350.674309314797
350.674309314797
350.674309314797
350.674309314797
350.674309314797
350.674309314797
350.674309314797
350.674309314797
350.674309314797
350.674309314797
350.674309314797
350.674309314797
350.674309314797
350.674309314797
350.674309314797
350.674309314797
350.674309314797
350.674309314797
350.674309314797
350.674309314797
350.674309314797
350.674309314797
350.674309314797
350.674309314797
350.674309314797
350.674309314797
350.674309314797
350.674309314797
350.674309314797
350.674309314797
350.674309314797
350.674309314797
350.674309314797
350.674309314797
350.674309314797
350.674309314797
350.674309314797
350.674309314797
350.674309314797
350.674309314797
350.674309314797
350.674309314797
350.674309314797
350.674309314797
350.674309314797
350.674309314797
350.674309314797
350.674309314797
350.674309314797
350.674309314797
350.674309314797
350.674309314797
350.674309314797
350.674309314797
350.674309314797
350.674309314797
350.674309314797
350.674309314797
350.674309314797
350.674309314797
350.674309314797
350.674309314797
350.674309314797
350.674309314797
350.674309314797
350.674309314797
350.674309314797
350.674309314797
350.674309314797
350.674309314797
350.674309314797
350.674309314797
350.674309314797
350.674309314797
350.674309314797
350.674309314797
350.674309314797
350.674309314797
350.674309314797
350.674309314797
350.674309314797

ave
393.408566267665
354.730692284487
365.735063232452
366.627083808294
379.203830322148
365.045378815241
401.813728236361
367.425139594187
365.174252992548
353.810085847907
388.858367470516
366.401569736042
376.922396028363
364.348478352992
353.094375881465
365.028205637994
363.990199592890
362.705235889287
363.788233039809
375.494842354582
363.654936112362
400.428740643113
387.112755284581
375.091966510400
374.865222393046
374.806193637604
363.390136718175
387.885598647844
363.653831575917
376.472216612942
374.471382446951
350.674309314797
350.674309314797
350.674309314797
350.813866177508
375.285313888855
350.674309314797
350.674309314797
350.674309314797
350.801607351477
350.674309314797
351.468381678071
350.674309314797
350.674309314797
350.674309314797
350.674309314797
350.674309314797
374.841010553835
362.885603010350
350.674309314797
350.674309314797
350.674309314797
350.674309314797
350.674309314797
350.674309314797
362.885603010350
350.674309314797
350.674309314797
350.674309314797
350.674309314797
350.674309314797
350.674309314797
350.674309314797
351.247604900825
350.674309314797
362.930612931483
350.674309314797
362.337359857668
350.674309314797
350.674309314797
350.674309314797
350.674309314797
350.674309314797
350.674309314797
350.674309314797
350.674309314797
363.109227977281
350.676432802580
350.674309314797
362.337359857668
350.674309314797
350.674309314797
351.269685876395
350.674309314797
351.362847234441
350.674309314797
350.674309314797
350.674309314797
350.674309314797
350.801607351477
350.674309314797
350.674309314797
350.674309314797
350.674309314797
362.629716858282
350.674309314797
350.674309314797
362.930612931483
350.674309314797
350.674309314797
350.674309314797