实验环境：
VeiNum = 5
Q_ant = 350
AntNum = 20 
iter_max = 500

抽取的客户节点编号为

Cus_select =

    96    38    80    12    41    93    67    51    85    36    34    75    24    19    31     4    42    60     8    16

各任务对应的的客户节点编号为

Task_Cus =

    96    38    80    12    41    93    67    51    85    36    34    75    24    19    31     4    42    60     8    16

cus：
35	35
35	35
35	35
22	27
5	5
56	37
50	35
42	7
18	24
67	5
49	58
16	22
2	60
65	55
49	11
65	35
15	60
31	52
55	20
24	12
17	34
10	43
10	20


task：
2	4	1	0	1
4	3	2	1	0
3	5	3	0	1
5	2	4	3	0
3	6	3	0	1
6	2	4	5	0
3	7	3	0	1
7	2	4	7	0
3	8	3	0	1
8	2	4	9	0
2	9	1	0	1
9	3	2	11	0
2	10	1	0	1
10	3	2	13	0
2	11	1	0	1
11	3	2	15	0
2	12	1	0	1
12	3	2	17	0
3	13	3	0	1
13	2	4	19	0
3	14	3	0	1
14	2	4	21	0
2	15	1	0	1
15	3	2	23	0
2	16	1	0	1
16	3	2	25	0
2	17	1	0	1
17	3	2	27	0
3	18	3	0	1
18	2	4	29	0
2	19	1	0	1
19	3	2	31	0
3	20	3	0	1
20	2	4	33	0
3	21	3	0	1
21	2	4	35	0
2	22	1	0	1
22	3	2	37	0
3	23	3	0	1
23	2	4	39	0


linktime
0	0	0.381608438061844	1.56066017177982	1.06066017177982	1.02737557774322	0.527375577743225	0.875000000000000	0.375000000000000	1.22154348448309	0.721543484483091	0	0.506211418282915	0	1.09658560997307	0	0.673145600891813	0	0.575543221661067	1.53501207722422	1.03501207722422	1.40138781886600	0.901387818865997	0	0.694622199472490	0	0.750000000000000	0	0.800390529679106	0.936606229914325	0.436606229914325	0	0.625000000000000	1.13737743919910	0.637377439199098	0.950693909432999	0.450693909432999	0	0.656220237420334	1.22886898685566	0.728868986855663
0.381608438061844	0.548275104728510	0	2.10893527650833	0.695071938722892	1.57565068247174	0.886002257333468	1.42327510472851	0.728010988928052	1.76981858921160	0.707106781186548	0.548275104728510	5	0.548275104728510	50.0899191454728	0.548275104728510	41.1096095821889	0.548275104728510	7.81024967590665	2.08328718195273	0.964689069078737	1.94966292359451	1.28281916106675	0.548275104728510	31.3847096529504	0.548275104728510	43.7378554572581	0.548275104728510	33.7342555868660	1.48488133464284	0.664266512779321	0.548275104728510	33.7342555868660	1.68565254392761	0.378318648760539	1.49896901416151	0.215058131676066	0.548275104728510	20	1.77714409158417	0.347311099736245
0.881608438061844	0.881608438061844	1.42988354279035	0.695071938722892	2.10893527650833	0.886002257333468	1.57565068247174	0.728010988928052	1.42327510472851	0.707106781186548	1.76981858921160	0.881608438061844	1.55448652301143	0.881608438061844	2.14486071470158	0.881608438061844	1.72142070562032	0.881608438061844	1.62381832638958	0.964689069078737	2.08328718195273	1.28281916106675	1.94966292359451	0.881608438061844	1.74289730420100	0.881608438061844	1.79827510472851	0.881608438061844	1.84866563440762	0.664266512779321	1.48488133464284	0.881608438061844	1.67327510472851	0.378318648760539	1.68565254392761	0.215058131676066	1.49896901416151	0.881608438061844	1.70449534214885	0.347311099736245	1.77714409158417
1.06066017177982	1.22732683844649	0.695071938722892	2.78798701022631	0	2.25470241618971	1.50519932234904	2.10232683844649	1.35208172829900	2.44887032292958	0.926350365682445	1.22732683844649	0.575543221661067	1.22732683844649	1.55000000000000	1.22732683844649	1.72209900992945	1.22732683844649	0.506211418282915	2.76233891567071	1.37704393539204	2.62871465731249	1.95256241897666	1.22732683844649	1.11018016555873	1.22732683844649	1.67705098312484	1.22732683844649	1.39754248593737	2.16393306836081	1.34280490019958	1.22732683844649	1.30503831361382	2.36470427764559	0.506211418282915	2.17802074787949	0.784617741323761	1.22732683844649	0.958188394836840	2.45619582530215	0.395284707521047
0	0	0.548275104728510	1.56066017177982	1.22732683844649	1.02737557774322	0.694042244409891	0.875000000000000	0.541666666666667	1.22154348448309	0.888210151149757	0	0.672878084949581	0	1.26325227663973	0	0.839812267558480	0	0.742209888327734	1.53501207722422	1.20167874389089	1.40138781886600	1.06805448553266	0	0.861288866139157	0	0.916666666666667	0	0.967057196345773	0.936606229914325	0.603272896580991	0	0.791666666666667	1.13737743919910	0.804044105865765	0.950693909432999	0.617360576099665	0	0.822886904087001	1.22886898685566	0.895535653522329
0.527375577743225	0.694042244409891	0.886002257333468	2.25470241618971	1.50519932234904	1.72141782215312	0	1.56904224440989	0.158113883008419	1.91558572889298	0.827647267862342	0.694042244409891	1.00405428140116	0.694042244409891	0.845946215784432	0.694042244409891	0.553398590529466	0.694042244409891	1.06800046816469	2.22905432163411	1.46735305908292	2.09543006327589	0.503115294937453	0.694042244409891	0.673145600891813	0.694042244409891	0.230488611432322	0.694042244409891	1.17526592735432	1.63064847432422	0.728868986855663	0.694042244409891	0.425734659148160	1.83141968360899	1.01519702521235	1.64473615384289	0.977880360780397	0.694042244409891	1.15974135047432	1.92291123126555	1.22601998352392
0	0	0.548275104728510	1.56066017177982	1.22732683844649	1.02737557774322	0.694042244409891	0.875000000000000	0.541666666666667	1.22154348448309	0.888210151149757	0	0.672878084949581	0	1.26325227663973	0	0.839812267558480	0	0.742209888327734	1.53501207722422	1.20167874389089	1.40138781886600	1.06805448553266	0	0.861288866139157	0	0.916666666666667	0	0.967057196345773	0.936606229914325	0.603272896580991	0	0.791666666666667	1.13737743919910	0.804044105865765	0.950693909432999	0.617360576099665	0	0.822886904087001	1.22886898685566	0.895535653522329
0.375000000000000	0.541666666666667	0.728010988928052	2.10232683844649	1.35208172829900	1.56904224440989	0.158113883008419	1.41666666666667	0	1.76321015114976	0.728010988928052	0.541666666666667	0.845946215784432	0.541666666666667	0.862046982478333	0.541666666666667	0.575543221661067	0.541666666666667	0.910013736160065	2.07667874389089	1.35300591277348	1.94305448553266	0.625000000000000	0.541666666666667	0.600520607473216	0.541666666666667	0.375000000000000	0.541666666666667	1.07529065838033	1.47827289658099	0.637377439199098	0.541666666666667	0.395284707521047	1.67904410586576	0.867827747885489	1.49236057609967	0.825378700960959	0.541666666666667	1.01980390271856	1.77053565352233	1.06800046816469
0	0	0.548275104728510	1.56066017177982	1.22732683844649	1.02737557774322	0.694042244409891	0.875000000000000	0.541666666666667	1.22154348448309	0.888210151149757	0	0.672878084949581	0	1.26325227663973	0	0.839812267558480	0	0.742209888327734	1.53501207722422	1.20167874389089	1.40138781886600	1.06805448553266	0	0.861288866139157	0	0.916666666666667	0	0.967057196345773	0.936606229914325	0.603272896580991	0	0.791666666666667	1.13737743919910	0.804044105865765	0.950693909432999	0.617360576099665	0	0.822886904087001	1.22886898685566	0.895535653522329
0.721543484483091	0.888210151149757	0.707106781186548	2.44887032292958	0.926350365682445	1.91558572889298	0.827647267862342	1.76321015114976	0.728010988928052	2.10975363563285	0	0.888210151149757	0.735272058492637	0.888210151149757	0.626996810199223	0.888210151149757	1.28695376762338	0.888210151149757	0.750416550990182	2.42322222837398	1.66000753010340	2.28959797001575	1.33064833821713	0.888210151149757	0.201556443707464	0.888210151149757	0.905883546599672	0.888210151149757	1.48702723579631	1.82481638106408	1.15812348219005	0.888210151149757	0.459619407771256	2.02558759034886	0.467038542306735	1.83890406058276	0.919918474648705	0.888210151149757	1.20415945787923	2.11707913800542	0.863495801958527
0	0	0.548275104728510	1.56066017177982	1.22732683844649	1.02737557774322	0.694042244409891	0.875000000000000	0.541666666666667	1.22154348448309	0.888210151149757	0	0.672878084949581	0	1.26325227663973	0	0.839812267558480	0	0.742209888327734	1.53501207722422	1.20167874389089	1.40138781886600	1.06805448553266	0	0.861288866139157	0	0.916666666666667	0	0.967057196345773	0.936606229914325	0.603272896580991	0	0.791666666666667	1.13737743919910	0.804044105865765	0.950693909432999	0.617360576099665	0	0.822886904087001	1.22886898685566	0.895535653522329
