实验环境：
VeiNum = 5
Q_ant = 350
AntNum = 20 
iter_max = 500

抽取的客户节点编号为

Cus_select =

    96    38    80    12    41    93    67    51    85    36    34    75    24    19    31     4    42    60     8    16

各任务对应的的客户节点编号为

Task_Cus =

    96    38    80    12    41    93    67    51    85    36    34    75    24    19    31     4    42    60     8    16

cus：
35	35
35	35
35	35
22	27
5	5
56	37
50	35
42	7
18	24
67	5
49	58
16	22
2	60
65	55
49	11
65	35
15	60
31	52
55	20
24	12
17	34
10	43
10	20


task：
2	4	1	0	1
4	3	2	1	0
3	5	3	0	1
5	2	4	3	0
3	6	3	0	1
6	2	4	5	0
3	7	3	0	1
7	2	4	7	0
3	8	3	0	1
8	2	4	9	0
2	9	1	0	1
9	3	2	11	0
2	10	1	0	1
10	3	2	13	0
2	11	1	0	1
11	3	2	15	0
2	12	1	0	1
12	3	2	17	0
3	13	3	0	1
13	2	4	19	0
3	14	3	0	1
14	2	4	21	0
2	15	1	0	1
15	3	2	23	0
2	16	1	0	1
16	3	2	25	0
2	17	1	0	1
17	3	2	27	0
3	18	3	0	1
18	2	4	29	0
2	19	1	0	1
19	3	2	31	0
3	20	3	0	1
20	2	4	33	0
3	21	3	0	1
21	2	4	35	0
2	22	1	0	1
22	3	2	37	0
3	23	3	0	1
23	2	4	39	0


linktime
0	0	0.381608438061844	1.56066017177982	1.06066017177982	1.02737557774322	0.527375577743225	0.875000000000000	0.375000000000000	1.22154348448309	0.721543484483091	0	0.506211418282915	0	1.09658560997307	0	0.673145600891813	0	0.575543221661067	1.53501207722422	1.03501207722422	1.40138781886600	0.901387818865997	0	0.694622199472490	0	0.750000000000000	0	0.800390529679106	0.936606229914325	0.436606229914325	0	0.625000000000000	1.13737743919910	0.637377439199098	0.950693909432999	0.450693909432999	0	0.656220237420334	1.22886898685566	0.728868986855663
0.381608438061844	0.548275104728510	0	2.10893527650833	0.695071938722892	1.57565068247174	0.886002257333468	1.42327510472851	0.728010988928052	1.76981858921160	0.707106781186548	0.548275104728510	5	0.548275104728510	50.0899191454728	0.548275104728510	41.1096095821889	0.548275104728510	7.81024967590665	2.08328718195273	0.964689069078737	1.94966292359451	1.28281916106675	0.548275104728510	31.3847096529504	0.548275104728510	43.7378554572581	0.548275104728510	33.7342555868660	1.48488133464284	0.664266512779321	0.548275104728510	33.7342555868660	1.68565254392761	0.378318648760539	1.49896901416151	0.215058131676066	0.548275104728510	20	1.77714409158417	0.347311099736245
0.881608438061844	0.881608438061844	1.42988354279035	0.695071938722892	2.10893527650833	0.886002257333468	1.57565068247174	0.728010988928052	1.42327510472851	0.707106781186548	1.76981858921160	0.881608438061844	1.55448652301143	0.881608438061844	2.14486071470158	0.881608438061844	1.72142070562032	0.881608438061844	1.62381832638958	0.964689069078737	2.08328718195273	1.28281916106675	1.94966292359451	0.881608438061844	1.74289730420100	0.881608438061844	1.79827510472851	0.881608438061844	1.84866563440762	0.664266512779321	1.48488133464284	0.881608438061844	1.67327510472851	0.378318648760539	1.68565254392761	0.215058131676066	1.49896901416151	0.881608438061844	1.70449534214885	0.347311099736245	1.77714409158417
1.06066017177982	1.22732683844649	0.695071938722892	2.78798701022631	0	2.25470241618971	1.50519932234904	2.10232683844649	1.35208172829900	2.44887032292958	0.926350365682445	1.22732683844649	0.575543221661067	1.22732683844649	1.55000000000000	1.22732683844649	1.72209900992945	1.22732683844649	0.506211418282915	2.76233891567071	1.37704393539204	2.62871465731249	1.95256241897666	1.22732683844649	1.11018016555873	1.22732683844649	1.67705098312484	1.22732683844649	1.39754248593737	2.16393306836081	1.34280490019958	1.22732683844649	1.30503831361382	2.36470427764559	0.506211418282915	2.17802074787949	0.784617741323761	1.22732683844649	0.958188394836840	2.45619582530215	0.395284707521047
0	0	0.548275104728510	1.56066017177982	1.22732683844649	1.02737557774322	0.694042244409891	0.875000000000000	0.541666666666667	1.22154348448309	0.888210151149757	0	0.672878084949581	0	1.26325227663973	0	0.839812267558480	0	0.742209888327734	1.53501207722422	1.20167874389089	1.40138781886600	1.06805448553266	0	0.861288866139157	0	0.916666666666667	0	0.967057196345773	0.936606229914325	0.603272896580991	0	0.791666666666667	1.13737743919910	0.804044105865765	0.950693909432999	0.617360576099665	0	0.822886904087001	1.22886898685566	0.895535653522329
0.527375577743225	0.694042244409891	0.886002257333468	2.25470241618971	1.50519932234904	1.72141782215312	0	1.56904224440989	0.158113883008419	1.91558572889298	0.827647267862342	0.694042244409891	1.00405428140116	0.694042244409891	0.845946215784432	0.694042244409891	0.553398590529466	0.694042244409891	1.06800046816469	2.22905432163411	1.46735305908292	2.09543006327589	0.503115294937453	0.694042244409891	0.673145600891813	0.694042244409891	0.230488611432322	0.694042244409891	1.17526592735432	1.63064847432422	0.728868986855663	0.694042244409891	0.425734659148160	1.83141968360899	1.01519702521235	1.64473615384289	0.977880360780397	0.694042244409891	1.15974135047432	1.92291123126555	1.22601998352392
0	0	0.548275104728510	1.56066017177982	1.22732683844649	1.02737557774322	0.694042244409891	0.875000000000000	0.541666666666667	1.22154348448309	0.888210151149757	0	0.672878084949581	0	1.26325227663973	0	0.839812267558480	0	0.742209888327734	1.53501207722422	1.20167874389089	1.40138781886600	1.06805448553266	0	0.861288866139157	0	0.916666666666667	0	0.967057196345773	0.936606229914325	0.603272896580991	0	0.791666666666667	1.13737743919910	0.804044105865765	0.950693909432999	0.617360576099665	0	0.822886904087001	1.22886898685566	0.895535653522329
0.375000000000000	0.541666666666667	0.728010988928052	2.10232683844649	1.35208172829900	1.56904224440989	0.158113883008419	1.41666666666667	0	1.76321015114976	0.728010988928052	0.541666666666667	0.845946215784432	0.541666666666667	0.862046982478333	0.541666666666667	0.575543221661067	0.541666666666667	0.910013736160065	2.07667874389089	1.35300591277348	1.94305448553266	0.625000000000000	0.541666666666667	0.600520607473216	0.541666666666667	0.375000000000000	0.541666666666667	1.07529065838033	1.47827289658099	0.637377439199098	0.541666666666667	0.395284707521047	1.67904410586576	0.867827747885489	1.49236057609967	0.825378700960959	0.541666666666667	1.01980390271856	1.77053565352233	1.06800046816469
0	0	0.548275104728510	1.56066017177982	1.22732683844649	1.02737557774322	0.694042244409891	0.875000000000000	0.541666666666667	1.22154348448309	0.888210151149757	0	0.672878084949581	0	1.26325227663973	0	0.839812267558480	0	0.742209888327734	1.53501207722422	1.20167874389089	1.40138781886600	1.06805448553266	0	0.861288866139157	0	0.916666666666667	0	0.967057196345773	0.936606229914325	0.603272896580991	0	0.791666666666667	1.13737743919910	0.804044105865765	0.950693909432999	0.617360576099665	0	0.822886904087001	1.22886898685566	0.895535653522329
0.721543484483091	0.888210151149757	0.707106781186548	2.44887032292958	0.926350365682445	1.91558572889298	0.827647267862342	1.76321015114976	0.728010988928052	2.10975363563285	0	0.888210151149757	0.735272058492637	0.888210151149757	0.626996810199223	0.888210151149757	1.28695376762338	0.888210151149757	0.750416550990182	2.42322222837398	1.66000753010340	2.28959797001575	1.33064833821713	0.888210151149757	0.201556443707464	0.888210151149757	0.905883546599672	0.888210151149757	1.48702723579631	1.82481638106408	1.15812348219005	0.888210151149757	0.459619407771256	2.02558759034886	0.467038542306735	1.83890406058276	0.919918474648705	0.888210151149757	1.20415945787923	2.11707913800542	0.863495801958527
0	0	0.548275104728510	1.56066017177982	1.22732683844649	1.02737557774322	0.694042244409891	0.875000000000000	0.541666666666667	1.22154348448309	0.888210151149757	0	0.672878084949581	0	1.26325227663973	0	0.839812267558480	0	0.742209888327734	1.53501207722422	1.20167874389089	1.40138781886600	1.06805448553266	0	0.861288866139157	0	0.916666666666667	0	0.967057196345773	0.936606229914325	0.603272896580991	0	0.791666666666667	1.13737743919910	0.804044105865765	0.950693909432999	0.617360576099665	0	0.822886904087001	1.22886898685566	0.895535653522329
0.506211418282915	0.672878084949581	5	2.23353825672940	0.575543221661067	1.70025366269281	1.00405428140116	1.54787808494958	0.845946215784432	1.89442156943267	0.735272058492637	0.672878084949581	0	0.672878084949581	52.5547333738837	0.672878084949581	46.0108682813094	0.672878084949581	2.82842712474619	2.20789016217380	0.984885780179611	2.07426590381558	1.40756882602592	0.672878084949581	33.6154726279432	0.672878084949581	48.2700735445887	0.672878084949581	36.1247837363769	1.60948431486391	0.771767452021657	0.672878084949581	37.2155881318568	1.81025552414868	0.335410196624969	1.62357199438258	0.251246890528022	0.672878084949581	20.6155281280883	1.90174707180524	0.223606797749979
1.00621141828291	1.00621141828291	1.55448652301143	0.575543221661067	2.23353825672940	1.00405428140116	1.70025366269281	0.845946215784432	1.54787808494958	0.735272058492637	1.89442156943267	1.00621141828291	1.67908950323250	1.00621141828291	2.26946369492265	1.00621141828291	1.84602368584139	1.00621141828291	1.74842130661065	0.984885780179611	2.20789016217380	1.40756882602592	2.07426590381558	1.00621141828291	1.86750028442207	1.00621141828291	1.92287808494958	1.00621141828291	1.97326861462869	0.771767452021657	1.60948431486391	1.00621141828291	1.79787808494958	0.335410196624969	1.81025552414868	0.251246890528022	1.62357199438258	1.00621141828291	1.82909832236992	0.223606797749979	1.90174707180524
1.09658560997307	1.26325227663973	50.0899191454728	2.82391244841955	1.55000000000000	2.29062785438296	0.845946215784432	2.13825227663973	0.862046982478333	2.48479576112282	0.626996810199223	1.26325227663973	52.5547333738837	1.26325227663973	0	1.26325227663973	55.9732078766261	1.26325227663973	53.7587202228625	2.79826435386395	2.12867329574080	2.66464009550573	1.25099960031968	1.26325227663973	18.9736659610103	1.26325227663973	30.0665927567458	1.26325227663973	75.6901578806650	2.19985850655406	1.48007601156157	1.26325227663973	19.2093727122985	2.40062971583883	1.08915104553960	2.21394618607273	1.44503460166184	1.26325227663973	68.5054742338158	2.49212126349540	1.47351620282914
1.59658560997307	1.59658560997307	2.14486071470158	1.55000000000000	2.82391244841955	0.845946215784432	2.29062785438296	0.862046982478333	2.13825227663973	0.626996810199223	2.48479576112282	1.59658560997307	2.26946369492265	1.59658560997307	2.85983788661280	1.59658560997307	2.43639787753155	1.59658560997307	2.33879549830080	2.12867329574080	2.79826435386395	1.25099960031968	2.66464009550573	1.59658560997307	2.45787447611222	1.59658560997307	2.51325227663973	1.59658560997307	2.56364280631884	1.48007601156157	2.19985850655406	1.59658560997307	2.38825227663973	1.08915104553960	2.40062971583883	1.44503460166184	2.21394618607273	1.59658560997307	2.41947251406007	1.47351620282914	2.49212126349540
0.673145600891813	0.839812267558480	41.1096095821889	2.40047243933830	1.72209900992945	1.86718784530170	0.553398590529466	1.71481226755848	0.575543221661067	2.06135575204157	1.28695376762338	0.839812267558480	46.0108682813094	0.839812267558480	55.9732078766261	0.839812267558480	0	0.839812267558480	48.8364617882991	2.37482434478270	1.17606334863391	2.24120008642448	0.406970514902493	0.839812267558480	47	0.839812267558480	28.0178514522438	0.839812267558480	34.0587727318528	1.77641849747280	0.474341649025257	0.839812267558480	38.4707681233427	1.97718970675758	1.30886401127084	1.79050617699148	1	0.839812267558480	41.7851648315524	2.06868125441414	1.36129533900620
1.17314560089181	1.17314560089181	1.72142070562032	1.72209900992945	2.40047243933830	0.553398590529466	1.86718784530170	0.575543221661067	1.71481226755848	1.28695376762338	2.06135575204157	1.17314560089181	1.84602368584139	1.17314560089181	2.43639787753155	1.17314560089181	2.01295786845029	1.17314560089181	1.91535548921955	1.17606334863391	2.37482434478270	0.406970514902493	2.24120008642448	1.17314560089181	2.03443446703097	1.17314560089181	2.08981226755848	1.17314560089181	2.14020279723759	0.474341649025257	1.77641849747280	1.17314560089181	1.96481226755848	1.30886401127084	1.97718970675758	1	1.79050617699148	1.17314560089181	1.99603250497881	1.36129533900620	2.06868125441414
0.575543221661067	0.742209888327734	7.81024967590665	2.30287006010756	0.506211418282915	1.76958546607096	1.06800046816469	1.61720988832773	0.910013736160065	1.96375337281082	0.750416550990182	0.742209888327734	2.82842712474619	0.742209888327734	53.7587202228625	0.742209888327734	48.8364617882991	0.742209888327734	0	2.27722196555196	1.01242283656583	2.14359770719373	1.47690554877419	0.742209888327734	34.7850542618522	0.742209888327734	50.6951674225463	0.742209888327734	38.0131556174964	1.67881611824206	0.838525491562421	0.742209888327734	39.0512483795333	1.87958732752683	0.320156211871642	1.69290379776073	0.301039864469807	0.742209888327734	21.8403296678416	1.97107887518340	0.158113883008419
1.07554322166107	1.07554322166107	1.62381832638958	0.506211418282915	2.30287006010756	1.06800046816469	1.76958546607096	0.910013736160065	1.61720988832773	0.750416550990182	1.96375337281082	1.07554322166107	1.74842130661065	1.07554322166107	2.33879549830080	1.07554322166107	1.91535548921955	1.07554322166107	1.81775310998880	1.01242283656583	2.27722196555196	1.47690554877419	2.14359770719373	1.07554322166107	1.93683208780022	1.07554322166107	1.99220988832773	1.07554322166107	2.04260041800684	0.838525491562421	1.67881611824206	1.07554322166107	1.86720988832773	0.320156211871642	1.87958732752683	0.301039864469807	1.69290379776073	1.07554322166107	1.89843012574807	0.158113883008419	1.97107887518340
1.03501207722422	1.20167874389089	0.964689069078737	2.76233891567071	1.37704393539204	2.22905432163411	1.46735305908292	2.07667874389089	1.35300591277348	2.42322222837398	1.66000753010340	1.20167874389089	0.984885780179611	1.20167874389089	2.12867329574080	1.20167874389089	1.17606334863391	1.20167874389089	1.01242283656583	2.73669082111511	0	2.60306656275689	1.57995253093250	1.20167874389089	1.69742451967680	1.20167874389089	1.69447632028305	1.20167874389089	0.325000000000000	2.13828497380521	0.752080447824566	1.20167874389089	1.66000753010340	2.33905618308999	1.32003787824441	2.15237265332389	0.750416550990182	1.20167874389089	0.469707355701398	2.43054773074655	1.01980390271856
0	0	0.548275104728510	1.56066017177982	1.22732683844649	1.02737557774322	0.694042244409891	0.875000000000000	0.541666666666667	1.22154348448309	0.888210151149757	0	0.672878084949581	0	1.26325227663973	0	0.839812267558480	0	0.742209888327734	1.53501207722422	1.20167874389089	1.40138781886600	1.06805448553266	0	0.861288866139157	0	0.916666666666667	0	0.967057196345773	0.936606229914325	0.603272896580991	0	0.791666666666667	1.13737743919910	0.804044105865765	0.950693909432999	0.617360576099665	0	0.822886904087001	1.22886898685566	0.895535653522329
0.901387818865997	1.06805448553266	1.28281916106675	2.62871465731249	1.95256241897666	2.09543006327589	0.503115294937453	1.94305448553266	0.625000000000000	2.28959797001575	1.33064833821713	1.06805448553266	1.40756882602592	1.06805448553266	1.25099960031968	1.06805448553266	0.406970514902493	1.06805448553266	1.47690554877419	2.60306656275689	1.57995253093250	2.46944230439866	0	1.06805448553266	1.17046999107196	1.06805448553266	0.500000000000000	1.06805448553266	1.25623445264011	2.00466071544699	0.853302408293801	1.06805448553266	0.910013736160065	2.20543192473176	1.48534507775129	2.01874839496566	1.30981868974297	1.06805448553266	1.40734679450376	2.29692347238833	1.62980060130066
0	0	0.548275104728510	1.56066017177982	1.22732683844649	1.02737557774322	0.694042244409891	0.875000000000000	0.541666666666667	1.22154348448309	0.888210151149757	0	0.672878084949581	0	1.26325227663973	0	0.839812267558480	0	0.742209888327734	1.53501207722422	1.20167874389089	1.40138781886600	1.06805448553266	0	0.861288866139157	0	0.916666666666667	0	0.967057196345773	0.936606229914325	0.603272896580991	0	0.791666666666667	1.13737743919910	0.804044105865765	0.950693909432999	0.617360576099665	0	0.822886904087001	1.22886898685566	0.895535653522329
0.694622199472490	0.861288866139157	31.3847096529504	2.42194903791898	1.11018016555873	1.88866444388238	0.673145600891813	1.73628886613916	0.600520607473216	2.08283235062225	0.201556443707464	0.861288866139157	33.6154726279432	0.861288866139157	18.9736659610103	0.861288866139157	47	0.861288866139157	34.7850542618522	2.39630094336338	1.69742451967680	2.26267668500515	1.17046999107196	0.861288866139157	0	0.861288866139157	28.8444102037119	0.861288866139157	59.6405902049938	1.79789509605348	1.11943065886191	0.861288866139157	10.8166538263920	1.99866630533826	0.625499800159840	1.81198277557216	0.985203024761902	0.861288866139157	50.4479930225178	2.09015785299482	1.00062480480948
1.19462219947249	1.19462219947249	1.74289730420100	1.11018016555873	2.42194903791898	0.673145600891813	1.88866444388238	0.600520607473216	1.73628886613916	0.201556443707464	2.08283235062225	1.19462219947249	1.86750028442207	1.19462219947249	2.45787447611222	1.19462219947249	2.03443446703097	1.19462219947249	1.93683208780022	1.69742451967680	2.39630094336338	1.17046999107196	2.26267668500515	1.19462219947249	2.05591106561165	1.19462219947249	2.11128886613916	1.19462219947249	2.16167939581826	1.11943065886191	1.79789509605348	1.19462219947249	1.98628886613916	0.625499800159840	1.99866630533826	0.985203024761902	1.81198277557216	1.19462219947249	2.01750910355949	1.00062480480948	2.09015785299482
0.750000000000000	0.916666666666667	43.7378554572581	2.47732683844649	1.67705098312484	1.94404224440989	0.230488611432322	1.79166666666667	0.375000000000000	2.13821015114976	0.905883546599672	0.916666666666667	48.2700735445887	0.916666666666667	30.0665927567458	0.916666666666667	28.0178514522438	0.916666666666667	50.6951674225463	2.45167874389089	1.69447632028305	2.31805448553266	0.500000000000000	0.916666666666667	28.8444102037119	0.916666666666667	0	0.916666666666667	55.9016994374947	1.85327289658099	0.950328890437411	0.916666666666667	18.0277563773199	2.05404410586577	1.17526592735432	1.86736057609967	1.20026038841578	0.916666666666667	55.5787729263610	2.14553565352233	1.42521928137392
1.25000000000000	1.25000000000000	1.79827510472851	1.67705098312484	2.47732683844649	0.230488611432322	1.94404224440989	0.375000000000000	1.79166666666667	0.905883546599672	2.13821015114976	1.25000000000000	1.92287808494958	1.25000000000000	2.51325227663973	1.25000000000000	2.08981226755848	1.25000000000000	1.99220988832773	1.69447632028305	2.45167874389089	0.500000000000000	2.31805448553266	1.25000000000000	2.11128886613916	1.25000000000000	2.16666666666667	1.25000000000000	2.21705719634577	0.950328890437411	1.85327289658099	1.25000000000000	2.04166666666667	1.17526592735432	2.05404410586577	1.20026038841578	1.86736057609967	1.25000000000000	2.07288690408700	1.42521928137392	2.14553565352233
0.800390529679106	0.967057196345773	33.7342555868660	2.52771736812559	1.39754248593737	1.99443277408900	1.17526592735432	1.84205719634577	1.07529065838033	2.18860068082886	1.48702723579631	0.967057196345773	36.1247837363769	0.967057196345773	75.6901578806650	0.967057196345773	34.0587727318528	0.967057196345773	38.0131556174964	2.50206927357000	0.325000000000000	2.36844501521177	1.25623445264011	0.967057196345773	59.6405902049938	0.967057196345773	55.9016994374947	0.967057196345773	0	1.90366342626010	0.447213595499958	0.967057196345773	56.5685424949238	2.10443463554487	1.22091154470748	1.91775110577877	0.651920240520265	0.967057196345773	17.7200451466694	2.19592618320144	1.00778221853732
1.30039052967911	1.30039052967911	1.84866563440762	1.39754248593737	2.52771736812559	1.17526592735432	1.99443277408900	1.07529065838033	1.84205719634577	1.48702723579631	2.18860068082886	1.30039052967911	1.97326861462869	1.30039052967911	2.56364280631884	1.30039052967911	2.14020279723759	1.30039052967911	2.04260041800684	0.325000000000000	2.50206927357000	1.25623445264011	2.36844501521177	1.30039052967911	2.16167939581826	1.30039052967911	2.21705719634577	1.30039052967911	2.26744772602488	0.447213595499958	1.90366342626010	1.30039052967911	2.09205719634577	1.22091154470748	2.10443463554487	0.651920240520265	1.91775110577877	1.30039052967911	2.12327743376611	1.00778221853732	2.19592618320144
0.436606229914325	0.603272896580991	0.664266512779321	2.16393306836081	1.34280490019958	1.63064847432422	0.728868986855663	1.47827289658099	0.637377439199098	1.82481638106408	1.15812348219005	0.603272896580991	0.771767452021657	0.603272896580991	1.48007601156157	0.603272896580991	0.474341649025257	0.603272896580991	0.838525491562421	2.13828497380521	0.752080447824566	2.00466071544699	0.853302408293801	0.603272896580991	1.11943065886191	0.603272896580991	0.950328890437411	0.603272896580991	0.447213595499958	1.53987912649532	0	0.603272896580991	1	1.74065033578009	1.01519702521235	1.55396680601399	0.570087712549569	0.603272896580991	0.571182982939793	1.83214188343665	0.956882960450232
0	0	0.548275104728510	1.56066017177982	1.22732683844649	1.02737557774322	0.694042244409891	0.875000000000000	0.541666666666667	1.22154348448309	0.888210151149757	0	0.672878084949581	0	1.26325227663973	0	0.839812267558480	0	0.742209888327734	1.53501207722422	1.20167874389089	1.40138781886600	1.06805448553266	0	0.861288866139157	0	0.916666666666667	0	0.967057196345773	0.936606229914325	0.603272896580991	0	0.791666666666667	1.13737743919910	0.804044105865765	0.950693909432999	0.617360576099665	0	0.822886904087001	1.22886898685566	0.895535653522329
0.625000000000000	0.791666666666667	33.7342555868660	2.35232683844649	1.30503831361382	1.81904224440989	0.425734659148160	1.66666666666667	0.395284707521047	2.01321015114976	0.459619407771256	0.791666666666667	37.2155881318568	0.791666666666667	19.2093727122985	0.791666666666667	38.4707681233427	0.791666666666667	39.0512483795333	2.32667874389089	1.66000753010340	2.19305448553266	0.910013736160065	0.791666666666667	10.8166538263920	0.791666666666667	18.0277563773199	0.791666666666667	56.5685424949238	1.72827289658099	1	0.791666666666667	0	1.92904410586576	0.800390529679106	1.74236057609967	1.01242283656583	0.791666666666667	50.5371150739731	2.02053565352233	1.12500000000000
1.12500000000000	1.12500000000000	1.67327510472851	1.30503831361382	2.35232683844649	0.425734659148160	1.81904224440989	0.395284707521047	1.66666666666667	0.459619407771256	2.01321015114976	1.12500000000000	1.79787808494958	1.12500000000000	2.38825227663973	1.12500000000000	1.96481226755848	1.12500000000000	1.86720988832773	1.66000753010340	2.32667874389089	0.910013736160065	2.19305448553266	1.12500000000000	1.98628886613916	1.12500000000000	2.04166666666667	1.12500000000000	2.09205719634577	1	1.72827289658099	1.12500000000000	1.91666666666667	0.800390529679106	1.92904410586576	1.01242283656583	1.74236057609967	1.12500000000000	1.94788690408700	1.12500000000000	2.02053565352233
0.637377439199098	0.804044105865765	0.378318648760539	2.36470427764559	0.506211418282915	1.83141968360899	1.01519702521235	1.67904410586576	0.867827747885489	2.02558759034886	0.467038542306735	0.804044105865765	0.335410196624969	0.804044105865765	1.08915104553960	0.804044105865765	1.30886401127084	0.804044105865765	0.320156211871642	2.33905618308999	1.32003787824441	2.20543192473176	1.48534507775129	0.804044105865765	0.625499800159840	0.804044105865765	1.17526592735432	0.804044105865765	1.22091154470748	1.74065033578009	1.01519702521235	0.804044105865765	0.800390529679106	1.94142154506486	0	1.75473801529876	0.577169819030760	0.804044105865765	0.850367567584748	2.03291309272143	0.403112887414927
0	0	0.548275104728510	1.56066017177982	1.22732683844649	1.02737557774322	0.694042244409891	0.875000000000000	0.541666666666667	1.22154348448309	0.888210151149757	0	0.672878084949581	0	1.26325227663973	0	0.839812267558480	0	0.742209888327734	1.53501207722422	1.20167874389089	1.40138781886600	1.06805448553266	0	0.861288866139157	0	0.916666666666667	0	0.967057196345773	0.936606229914325	0.603272896580991	0	0.791666666666667	1.13737743919910	0.804044105865765	0.950693909432999	0.617360576099665	0	0.822886904087001	1.22886898685566	0.895535653522329
0.450693909432999	0.617360576099665	0.215058131676066	2.17802074787949	0.784617741323761	1.64473615384289	0.977880360780397	1.49236057609967	0.825378700960959	1.83890406058276	0.919918474648705	0.617360576099665	0.251246890528022	0.617360576099665	1.44503460166184	0.617360576099665	1	0.617360576099665	0.301039864469807	2.15237265332389	0.750416550990182	2.01874839496566	1.30981868974297	0.617360576099665	0.985203024761902	0.617360576099665	1.20026038841578	0.617360576099665	0.651920240520265	1.55396680601399	0.570087712549569	0.617360576099665	1.01242283656583	1.75473801529876	0.577169819030760	1.56805448553266	0	0.617360576099665	0.285043856274785	1.84622956295533	0.391311896062463
0	0	0.548275104728510	1.56066017177982	1.22732683844649	1.02737557774322	0.694042244409891	0.875000000000000	0.541666666666667	1.22154348448309	0.888210151149757	0	0.672878084949581	0	1.26325227663973	0	0.839812267558480	0	0.742209888327734	1.53501207722422	1.20167874389089	1.40138781886600	1.06805448553266	0	0.861288866139157	0	0.916666666666667	0	0.967057196345773	0.936606229914325	0.603272896580991	0	0.791666666666667	1.13737743919910	0.804044105865765	0.950693909432999	0.617360576099665	0	0.822886904087001	1.22886898685566	0.895535653522329
0.656220237420334	0.822886904087001	20	2.38354707586682	0.958188394836840	1.85026248183023	1.15974135047432	1.69788690408700	1.01980390271856	2.04443038857009	1.20415945787923	0.822886904087001	20.6155281280883	0.822886904087001	68.5054742338158	0.822886904087001	41.7851648315524	0.822886904087001	21.8403296678416	2.35789898131122	0.469707355701398	2.22427472295300	1.40734679450376	0.822886904087001	50.4479930225178	0.822886904087001	55.5787729263610	0.822886904087001	17.7200451466694	1.75949313400133	0.571182982939793	0.822886904087001	50.5371150739731	1.96026434328610	0.850367567584748	1.77358081352000	0.285043856274785	0.822886904087001	0	2.05175589094266	0.575000000000000
1.15622023742033	1.15622023742033	1.70449534214884	0.958188394836840	2.38354707586682	1.15974135047432	1.85026248183023	1.01980390271856	1.69788690408700	1.20415945787923	2.04443038857009	1.15622023742033	1.82909832236992	1.15622023742033	2.41947251406007	1.15622023742033	1.99603250497881	1.15622023742033	1.89843012574807	0.469707355701398	2.35789898131122	1.40734679450376	2.22427472295300	1.15622023742033	2.01750910355949	1.15622023742033	2.07288690408700	1.15622023742033	2.12327743376611	0.571182982939793	1.75949313400133	1.15622023742033	1.94788690408700	0.850367567584748	1.96026434328610	0.285043856274785	1.77358081352000	1.15622023742033	1.97910714150734	0.575000000000000	2.05175589094266
0.728868986855663	0.895535653522329	0.347311099736245	2.45619582530215	0.395284707521047	1.92291123126555	1.22601998352392	1.77053565352233	1.06800046816469	2.11707913800542	0.863495801958527	0.895535653522329	0.223606797749979	0.895535653522329	1.47351620282914	0.895535653522329	1.36129533900620	0.895535653522329	0.158113883008419	2.43054773074655	1.01980390271856	2.29692347238833	1.62980060130066	0.895535653522329	1.00062480480948	0.895535653522329	1.42521928137392	0.895535653522329	1.00778221853732	1.83214188343665	0.956882960450232	0.895535653522329	1.12500000000000	2.03291309272143	0.403112887414927	1.84622956295533	0.391311896062463	0.895535653522329	0.575000000000000	2.12440464037799	0
0	0	0.548275104728510	1.56066017177982	1.22732683844649	1.02737557774322	0.694042244409891	0.875000000000000	0.541666666666667	1.22154348448309	0.888210151149757	0	0.672878084949581	0	1.26325227663973	0	0.839812267558480	0	0.742209888327734	1.53501207722422	1.20167874389089	1.40138781886600	1.06805448553266	0	0.861288866139157	0	0.916666666666667	0	0.967057196345773	0.936606229914325	0.603272896580991	0	0.791666666666667	1.13737743919910	0.804044105865765	0.950693909432999	0.617360576099665	0	0.822886904087001	1.22886898685566	0.895535653522329

tasktime
0
1.04827510472851
0.166666666666667
0.166666666666667
1.72732683844649
0.166666666666667
1.19404224440989
0.166666666666667
1.04166666666667
0.166666666666667
1.38821015114976
1.17287808494958
0.166666666666667
1.76325227663973
0.166666666666667
1.33981226755848
0.166666666666667
1.24220988832773
0.166666666666667
0.166666666666667
1.70167874389089
0.166666666666667
1.56805448553266
1.36128886613916
0.166666666666667
1.41666666666667
0.166666666666667
1.46705719634577
0.166666666666667
0.166666666666667
1.10327289658099
1.29166666666667
0.166666666666667
0.166666666666667
1.30404410586576
0.166666666666667
1.11736057609967
1.32288690408700
0.166666666666667
0.166666666666667
1.39553565352233

1
2	4	1	0	1
5	2	4	0	0
6	2	4	0	0
7	2	4	0	0
8	2	4	0	0
2	9	1	0	1
2	10	1	0	1
2	11	1	0	1
2	12	1	0	1
13	2	4	0	0
14	2	4	0	0
2	15	1	0	1
2	16	1	0	1
2	17	1	0	1
18	2	4	0	0
2	19	1	0	1
20	2	4	0	0
21	2	4	0	0
2	22	1	0	1
23	2	4	0	0


2
4	3	2	0	0
3	5	3	0	1
3	6	3	0	1
3	7	3	0	1
3	8	3	0	1
9	3	2	0	0
10	3	2	0	0
11	3	2	0	0
12	3	2	0	0
3	13	3	0	1
3	14	3	0	1
15	3	2	0	0
16	3	2	0	0
17	3	2	0	0
3	18	3	0	1
19	3	2	0	0
3	20	3	0	1
3	21	3	0	1
22	3	2	0	0
3	23	3	0	1



linktime1
0	0	1.06066017177982	0.527375577743225	0.375000000000000	0.721543484483091	0	0	0	0	1.03501207722422	0.901387818865997	0	0	0	0.436606229914325	0	0.637377439199098	0.450693909432999	0	0.728868986855663
0.381608438061844	0.548275104728510	0.695071938722892	0.886002257333468	0.728010988928052	0.707106781186548	0.548275104728510	0.548275104728510	0.548275104728510	0.548275104728510	0.964689069078737	1.28281916106675	0.548275104728510	0.548275104728510	0.548275104728510	0.664266512779321	0.548275104728510	0.378318648760539	0.215058131676066	0.548275104728510	0.347311099736245
0	0	1.22732683844649	0.694042244409891	0.541666666666667	0.888210151149757	0	0	0	0	1.20167874389089	1.06805448553266	0	0	0	0.603272896580991	0	0.804044105865765	0.617360576099665	0	0.895535653522329
0	0	1.22732683844649	0.694042244409891	0.541666666666667	0.888210151149757	0	0	0	0	1.20167874389089	1.06805448553266	0	0	0	0.603272896580991	0	0.804044105865765	0.617360576099665	0	0.895535653522329
0	0	1.22732683844649	0.694042244409891	0.541666666666667	0.888210151149757	0	0	0	0	1.20167874389089	1.06805448553266	0	0	0	0.603272896580991	0	0.804044105865765	0.617360576099665	0	0.895535653522329
0	0	1.22732683844649	0.694042244409891	0.541666666666667	0.888210151149757	0	0	0	0	1.20167874389089	1.06805448553266	0	0	0	0.603272896580991	0	0.804044105865765	0.617360576099665	0	0.895535653522329
0.506211418282915	0.672878084949581	0.575543221661067	1.00405428140116	0.845946215784432	0.735272058492637	0.672878084949581	0.672878084949581	0.672878084949581	0.672878084949581	0.984885780179611	1.40756882602592	0.672878084949581	0.672878084949581	0.672878084949581	0.771767452021657	0.672878084949581	0.335410196624969	0.251246890528022	0.672878084949581	0.223606797749979
1.09658560997307	1.26325227663973	1.55000000000000	0.845946215784432	0.862046982478333	0.626996810199223	1.26325227663973	1.26325227663973	1.26325227663973	1.26325227663973	2.12867329574080	1.25099960031968	1.26325227663973	1.26325227663973	1.26325227663973	1.48007601156157	1.26325227663973	1.08915104553960	1.44503460166184	1.26325227663973	1.47351620282914
0.673145600891813	0.839812267558480	1.72209900992945	0.553398590529466	0.575543221661067	1.28695376762338	0.839812267558480	0.839812267558480	0.839812267558480	0.839812267558480	1.17606334863391	0.406970514902493	0.839812267558480	0.839812267558480	0.839812267558480	0.474341649025257	0.839812267558480	1.30886401127084	1	0.839812267558480	1.36129533900620
0.575543221661067	0.742209888327734	0.506211418282915	1.06800046816469	0.910013736160065	0.750416550990182	0.742209888327734	0.742209888327734	0.742209888327734	0.742209888327734	1.01242283656583	1.47690554877419	0.742209888327734	0.742209888327734	0.742209888327734	0.838525491562421	0.742209888327734	0.320156211871642	0.301039864469807	0.742209888327734	0.158113883008419
0	0	1.22732683844649	0.694042244409891	0.541666666666667	0.888210151149757	0	0	0	0	1.20167874389089	1.06805448553266	0	0	0	0.603272896580991	0	0.804044105865765	0.617360576099665	0	0.895535653522329
0	0	1.22732683844649	0.694042244409891	0.541666666666667	0.888210151149757	0	0	0	0	1.20167874389089	1.06805448553266	0	0	0	0.603272896580991	0	0.804044105865765	0.617360576099665	0	0.895535653522329
0.694622199472490	0.861288866139157	1.11018016555873	0.673145600891813	0.600520607473216	0.201556443707464	0.861288866139157	0.861288866139157	0.861288866139157	0.861288866139157	1.69742451967680	1.17046999107196	0.861288866139157	0.861288866139157	0.861288866139157	1.11943065886191	0.861288866139157	0.625499800159840	0.985203024761902	0.861288866139157	1.00062480480948
0.750000000000000	0.916666666666667	1.67705098312484	0.230488611432322	0.375000000000000	0.905883546599672	0.916666666666667	0.916666666666667	0.916666666666667	0.916666666666667	1.69447632028305	0.500000000000000	0.916666666666667	0.916666666666667	0.916666666666667	0.950328890437411	0.916666666666667	1.17526592735432	1.20026038841578	0.916666666666667	1.42521928137392
0.800390529679106	0.967057196345773	1.39754248593737	1.17526592735432	1.07529065838033	1.48702723579631	0.967057196345773	0.967057196345773	0.967057196345773	0.967057196345773	0.325000000000000	1.25623445264011	0.967057196345773	0.967057196345773	0.967057196345773	0.447213595499958	0.967057196345773	1.22091154470748	0.651920240520265	0.967057196345773	1.00778221853732
0	0	1.22732683844649	0.694042244409891	0.541666666666667	0.888210151149757	0	0	0	0	1.20167874389089	1.06805448553266	0	0	0	0.603272896580991	0	0.804044105865765	0.617360576099665	0	0.895535653522329
0.625000000000000	0.791666666666667	1.30503831361382	0.425734659148160	0.395284707521047	0.459619407771256	0.791666666666667	0.791666666666667	0.791666666666667	0.791666666666667	1.66000753010340	0.910013736160065	0.791666666666667	0.791666666666667	0.791666666666667	1	0.791666666666667	0.800390529679106	1.01242283656583	0.791666666666667	1.12500000000000
0	0	1.22732683844649	0.694042244409891	0.541666666666667	0.888210151149757	0	0	0	0	1.20167874389089	1.06805448553266	0	0	0	0.603272896580991	0	0.804044105865765	0.617360576099665	0	0.895535653522329
0	0	1.22732683844649	0.694042244409891	0.541666666666667	0.888210151149757	0	0	0	0	1.20167874389089	1.06805448553266	0	0	0	0.603272896580991	0	0.804044105865765	0.617360576099665	0	0.895535653522329
0.656220237420334	0.822886904087001	0.958188394836840	1.15974135047432	1.01980390271856	1.20415945787923	0.822886904087001	0.822886904087001	0.822886904087001	0.822886904087001	0.469707355701398	1.40734679450376	0.822886904087001	0.822886904087001	0.822886904087001	0.571182982939793	0.822886904087001	0.850367567584748	0.285043856274785	0.822886904087001	0.575000000000000
0	0	1.22732683844649	0.694042244409891	0.541666666666667	0.888210151149757	0	0	0	0	1.20167874389089	1.06805448553266	0	0	0	0.603272896580991	0	0.804044105865765	0.617360576099665	0	0.895535653522329

tasktime1
0
1.04827510472851
1.72732683844649
1.19404224440989
1.04166666666667
1.38821015114976
1.17287808494958
1.76325227663973
1.33981226755848
1.24220988832773
1.70167874389089
1.56805448553266
1.36128886613916
1.41666666666667
1.46705719634577
1.10327289658099
1.29166666666667
1.30404410586576
1.11736057609967
1.32288690408700
1.39553565352233


linktime2
0	0.381608438061844	1.56066017177982	1.02737557774322	0.875000000000000	1.22154348448309	0.506211418282915	1.09658560997307	0.673145600891813	0.575543221661067	1.53501207722422	1.40138781886600	0.694622199472490	0.750000000000000	0.800390529679106	0.936606229914325	0.625000000000000	1.13737743919910	0.950693909432999	0.656220237420334	1.22886898685566
0.881608438061844	1.42988354279035	0.695071938722892	0.886002257333468	0.728010988928052	0.707106781186548	1.55448652301143	2.14486071470158	1.72142070562032	1.62381832638958	0.964689069078737	1.28281916106675	1.74289730420100	1.79827510472851	1.84866563440762	0.664266512779321	1.67327510472851	0.378318648760539	0.215058131676066	1.70449534214885	0.347311099736245
1.06066017177982	0.695071938722892	2.78798701022631	2.25470241618971	2.10232683844649	2.44887032292958	0.575543221661067	1.55000000000000	1.72209900992945	0.506211418282915	2.76233891567071	2.62871465731249	1.11018016555873	1.67705098312484	1.39754248593737	2.16393306836081	1.30503831361382	2.36470427764559	2.17802074787949	0.958188394836840	2.45619582530215
0.527375577743225	0.886002257333468	2.25470241618971	1.72141782215312	1.56904224440989	1.91558572889298	1.00405428140116	0.845946215784432	0.553398590529466	1.06800046816469	2.22905432163411	2.09543006327589	0.673145600891813	0.230488611432322	1.17526592735432	1.63064847432422	0.425734659148160	1.83141968360899	1.64473615384289	1.15974135047432	1.92291123126555
0.375000000000000	0.728010988928052	2.10232683844649	1.56904224440989	1.41666666666667	1.76321015114976	0.845946215784432	0.862046982478333	0.575543221661067	0.910013736160065	2.07667874389089	1.94305448553266	0.600520607473216	0.375000000000000	1.07529065838033	1.47827289658099	0.395284707521047	1.67904410586576	1.49236057609967	1.01980390271856	1.77053565352233
0.721543484483091	0.707106781186548	2.44887032292958	1.91558572889298	1.76321015114976	2.10975363563285	0.735272058492637	0.626996810199223	1.28695376762338	0.750416550990182	2.42322222837398	2.28959797001575	0.201556443707464	0.905883546599672	1.48702723579631	1.82481638106408	0.459619407771256	2.02558759034886	1.83890406058276	1.20415945787923	2.11707913800542
1.00621141828291	1.55448652301143	0.575543221661067	1.00405428140116	0.845946215784432	0.735272058492637	1.67908950323250	2.26946369492265	1.84602368584139	1.74842130661065	0.984885780179611	1.40756882602592	1.86750028442207	1.92287808494958	1.97326861462869	0.771767452021657	1.79787808494958	0.335410196624969	0.251246890528022	1.82909832236992	0.223606797749979
1.59658560997307	2.14486071470158	1.55000000000000	0.845946215784432	0.862046982478333	0.626996810199223	2.26946369492265	2.85983788661280	2.43639787753155	2.33879549830080	2.12867329574080	1.25099960031968	2.45787447611222	2.51325227663973	2.56364280631884	1.48007601156157	2.38825227663973	1.08915104553960	1.44503460166184	2.41947251406007	1.47351620282914
1.17314560089181	1.72142070562032	1.72209900992945	0.553398590529466	0.575543221661067	1.28695376762338	1.84602368584139	2.43639787753155	2.01295786845029	1.91535548921955	1.17606334863391	0.406970514902493	2.03443446703097	2.08981226755848	2.14020279723759	0.474341649025257	1.96481226755848	1.30886401127084	1	1.99603250497881	1.36129533900620
1.07554322166107	1.62381832638958	0.506211418282915	1.06800046816469	0.910013736160065	0.750416550990182	1.74842130661065	2.33879549830080	1.91535548921955	1.81775310998880	1.01242283656583	1.47690554877419	1.93683208780022	1.99220988832773	2.04260041800684	0.838525491562421	1.86720988832773	0.320156211871642	0.301039864469807	1.89843012574807	0.158113883008419
1.03501207722422	0.964689069078737	2.76233891567071	2.22905432163411	2.07667874389089	2.42322222837398	0.984885780179611	2.12867329574080	1.17606334863391	1.01242283656583	2.73669082111511	2.60306656275689	1.69742451967680	1.69447632028305	0.325000000000000	2.13828497380521	1.66000753010340	2.33905618308999	2.15237265332389	0.469707355701398	2.43054773074655
0.901387818865997	1.28281916106675	2.62871465731249	2.09543006327589	1.94305448553266	2.28959797001575	1.40756882602592	1.25099960031968	0.406970514902493	1.47690554877419	2.60306656275689	2.46944230439866	1.17046999107196	0.500000000000000	1.25623445264011	2.00466071544699	0.910013736160065	2.20543192473176	2.01874839496566	1.40734679450376	2.29692347238833
1.19462219947249	1.74289730420100	1.11018016555873	0.673145600891813	0.600520607473216	0.201556443707464	1.86750028442207	2.45787447611222	2.03443446703097	1.93683208780022	1.69742451967680	1.17046999107196	2.05591106561165	2.11128886613916	2.16167939581826	1.11943065886191	1.98628886613916	0.625499800159840	0.985203024761902	2.01750910355949	1.00062480480948
