实验环境：
VeiNum = 2
Q_ant = 60
AntNum = 20 
iter_max = 100

抽取的客户节点编号为

Cus_select =

    26     7    40

各任务对应的的客户节点编号为

Task_Cus =

    26     7    40

cus
40	50
40	50
40	50
95	30
15	75
60	85

task
3	4	3	0	1
4	2	4	1	0
2	5	1	0	1
5	3	2	3	0
3	6	3	0	1
6	2	4	5	0

linktime
0	1.96308748883995	1.46308748883995	0	0.883883476483184	1.50778221853732	1.00778221853732
1.46308748883995	3.59284164434657	0	1.62975415550662	2.29469496883573	3.13753637404394	1.62980060130066
0	1.96308748883995	1.62975415550662	0	1.05055014314985	1.50778221853732	1.17444888520399
0.883883476483184	3.01363763198980	2.29469496883573	1.05055014314985	0	2.55833236168717	1.15244305716161
1.38388347648318	2.29469496883573	3.01363763198980	1.38388347648318	2.43443361963304	1.15244305716161	2.55833236168717
1.00778221853732	3.13753637404394	1.62980060130066	1.17444888520399	1.15244305716161	2.68223110374130	0
0	1.96308748883995	1.62975415550662	0	1.05055014314985	1.50778221853732	1.17444888520399

tasktime
0
0.166666666666667
2.12975415550662
1.55055014314985
0.166666666666667
0.166666666666667
1.67444888520399


1
4	2	4	0	0
2	5	1	0	1
6	2	4	0	0

2
3	4	3	0	1
5	3	2	0	0
3	6	3	0	1

linktime1
0	1.46308748883995	0	1.00778221853732
0	1.62975415550662	0	1.17444888520399
0.883883476483184	2.29469496883573	1.05055014314985	1.15244305716161
0	1.62975415550662	0	1.17444888520399


tasktime1
0
2.12975415550662
1.55055014314985
1.67444888520399

linktime2
0	1.96308748883995	0.883883476483184	1.50778221853732
1.46308748883995	3.59284164434657	2.29469496883573	3.13753637404394
1.38388347648318	2.29469496883573	2.43443361963304	1.15244305716161
1.00778221853732	3.13753637404394	1.15244305716161	2.68223110374130

tasktime2
0
0.166666666666667
0.166666666666667
0.166666666666667
