最优解为:470.7847
最优解路径:

Best_route =

     5     6     3     4     1     2     0
     0     0     0     0     0     0     0

本次运算用时:1.625秒
算法在第1代时收敛

best
470.784724127341
470.784724127341
470.784724127341
470.784724127341
470.784724127341
470.784724127341
470.784724127341
470.784724127341
470.784724127341
470.784724127341
470.784724127341
470.784724127341
470.784724127341
470.784724127341
470.784724127341
470.784724127341
470.784724127341
470.784724127341
470.784724127341
470.784724127341
470.784724127341
470.784724127341
470.784724127341
470.784724127341
470.784724127341
470.784724127341
470.784724127341
470.784724127341
470.784724127341
470.784724127341
470.784724127341
470.784724127341
470.784724127341
470.784724127341
470.784724127341
470.784724127341
470.784724127341
470.784724127341
470.784724127341
470.784724127341
470.784724127341
470.784724127341
470.784724127341
470.784724127341
470.784724127341
470.784724127341
470.784724127341
470.784724127341
470.784724127341
470.784724127341
470.784724127341
470.784724127341
470.784724127341
470.784724127341
470.784724127341
470.784724127341
470.784724127341
470.784724127341
470.784724127341
470.784724127341
470.784724127341
470.784724127341
470.784724127341
470.784724127341
470.784724127341
470.784724127341
470.784724127341
470.784724127341
470.784724127341
470.784724127341
470.784724127341
470.784724127341
470.784724127341
470.784724127341
470.784724127341
470.784724127341
470.784724127341
470.784724127341
470.784724127341
470.784724127341
470.784724127341
470.784724127341
470.784724127341
470.784724127341
470.784724127341
470.784724127341
470.784724127341
470.784724127341
470.784724127341
470.784724127341
470.784724127341
470.784724127341
470.784724127341
470.784724127341
470.784724127341
470.784724127341
470.784724127341
470.784724127341
470.784724127341
470.784724127341

ave
528.374948662451
505.846952928698
505.710610026425
533.598333440262
547.194818984641
541.230258294830
532.195683531638
476.661408404482
517.872902943935
503.428551485678
487.916990499983
484.327280125345
501.159049049549
472.182458674209
546.631572993886
500.723165104919
472.588315047847
485.130876563469
473.054226563469
470.784724127341
471.784718609722
515.257253589296
471.686519587594
470.784724127341
470.784724127341
472.250630125345
485.784724127341
473.268096074101
472.686514069975
470.784724127341
470.784724127341
470.784724127341
470.784724127341
487.152431103216
487.122403532224
470.784724127341
500.808808022429
470.784724127341
470.784724127341
470.784724127341
470.784724127341
486.220608071971
485.784724127341
470.784724127341
483.327285642963
486.686519587594
470.784724127341
470.784724127341
470.784724127341
486.220608071971
472.588315047847
470.784724127341
470.784724127341
470.784724127341
471.250635642963
470.784724127341
471.716547158586
486.220608071971
470.784724127341
485.784724127341
470.784724127341
471.686519587594
473.250624607727
485.784724127341
471.686519587594
470.784724127341
485.784724127341
471.250635642963
470.784724127341
471.784718609722
486.250635642963
472.152431103216
472.686514069975
489.024193474859
470.784724127341
470.784724127341
486.220608071971
485.784724127341
471.784718609722
470.784724127341
470.784724127341
471.250635642963
473.054226563469
470.784724127341
471.686519587594
471.250635642963
471.250635642963
472.152431103216
471.686519587594
501.686519587594
470.784724127341
470.784724127341
470.784724127341
472.588315047847
470.784724127341
470.784724127341
500.257253589296
470.784724127341
471.686519587594
486.686519587594