最优解为:842.735
最优解路径:

Best_route =

    15    16    10     2     0     0     0     0     0     0     0     0     0     0     0     0     0
     9     1    11     5     6     7    13     8    12     3     4    14     0     0     0     0     0

本次运算用时:10.169秒
算法在第2代时收敛890.580444549583
842.735023903085
842.735023903085
842.735023903085
842.735023903085
842.735023903085
842.735023903085
842.735023903085
842.735023903085
842.735023903085
842.735023903085
842.735023903085
842.735023903085
842.735023903085
842.735023903085
842.735023903085
842.735023903085
842.735023903085
842.735023903085
842.735023903085
842.735023903085
842.735023903085
842.735023903085
842.735023903085
842.735023903085
842.735023903085
842.735023903085
842.735023903085
842.735023903085
842.735023903085
842.735023903085
842.735023903085
842.735023903085
842.735023903085
842.735023903085
842.735023903085
842.735023903085
842.735023903085
842.735023903085
842.735023903085
842.735023903085
842.735023903085
842.735023903085
842.735023903085
842.735023903085
842.735023903085
842.735023903085
842.735023903085
842.735023903085
842.735023903085
842.735023903085
842.735023903085
842.735023903085
842.735023903085
842.735023903085
842.735023903085
842.735023903085
842.735023903085
842.735023903085
842.735023903085
842.735023903085
842.735023903085
842.735023903085
842.735023903085
842.735023903085
842.735023903085
842.735023903085
842.735023903085
842.735023903085
842.735023903085
842.735023903085
842.735023903085
842.735023903085
842.735023903085
842.735023903085
842.735023903085
842.735023903085
842.735023903085
842.735023903085
842.735023903085
842.735023903085
842.735023903085
842.735023903085
842.735023903085
842.735023903085
842.735023903085
842.735023903085
842.735023903085
842.735023903085
842.735023903085
842.735023903085
842.735023903085
842.735023903085
842.735023903085
842.735023903085
842.735023903085
842.735023903085
842.735023903085
842.735023903085
842.735023903085
842.735023903085
842.735023903085
842.735023903085
842.735023903085
842.735023903085
842.735023903085
842.735023903085
842.735023903085
842.735023903085
842.735023903085
842.735023903085
842.735023903085
842.735023903085
842.735023903085
842.735023903085
842.735023903085
842.735023903085
842.735023903085
842.735023903085
842.735023903085
842.735023903085
842.735023903085
842.735023903085
842.735023903085
842.735023903085
842.735023903085
842.735023903085
842.735023903085
842.735023903085
842.735023903085
842.735023903085
842.735023903085
842.735023903085
842.735023903085
842.735023903085
842.735023903085
842.735023903085
842.735023903085
842.735023903085
842.735023903085
842.735023903085
842.735023903085
842.735023903085
842.735023903085
842.735023903085
842.735023903085
842.735023903085
842.735023903085
842.735023903085
842.735023903085
842.735023903085
842.735023903085
842.735023903085
842.735023903085
842.735023903085
842.735023903085
842.735023903085
842.735023903085
842.735023903085
842.735023903085
842.735023903085
842.735023903085
842.735023903085
842.735023903085
842.735023903085
842.735023903085
842.735023903085
842.735023903085
842.735023903085
842.735023903085
842.735023903085
842.735023903085
842.735023903085
842.735023903085
842.735023903085
842.735023903085
842.735023903085
842.735023903085
842.735023903085
842.735023903085
842.735023903085
842.735023903085
842.735023903085
842.735023903085
842.735023903085
842.735023903085
842.735023903085
842.735023903085
842.735023903085
842.735023903085
842.735023903085
842.735023903085
842.735023903085
842.735023903085
842.735023903085
842.735023903085
842.735023903085
842.735023903085
842.735023903085
842.735023903085

ave
1008.18897986837
1010.96604639618
1052.97694541256
1046.45068318500
999.077565212704
1010.72893235882
1063.44270513126
1080.23489321063
1074.81503512389
1057.09386848147
1101.16477937774
1005.03141968311
1035.77405225628
1046.21676021631
1073.77743968665
1035.50113761493
967.572073244968
1051.15327451307
1001.82626248870
1050.27853018944
1032.49224543188
1001.95449638537
955.454908973562
999.099797207427
1024.99468752699
972.380126069354
985.577625198068
927.457470922468
946.821506635974
995.487929167204
964.779639909948
926.612149113949
961.259058071171
956.929473534136
985.679276796973
965.796000305995
913.934134796227
920.528519932413
941.412748716081
984.480853784499
933.249122316043
939.009787738291
938.950400469772
912.871092913440
910.962030180545
905.990416136452
902.869176511730
919.681591188919
952.951595269540
915.569050277514
915.412662325261
990.847188984351
1016.26724412263
1005.00726809864
992.263279391083
1003.68520729328
1018.07654286192
1005.75289033791
1043.15607645193
975.896849213103
974.763562692315
958.973425797281
966.572268785054
984.873963189281
1039.00136000871
964.656264894514
991.489015299439
965.272305280629
944.689594490247
1032.97209435725
958.260225559846
1019.68968495068
971.771303997800
999.249227223068
1021.77673722599
960.137001811836
947.667954183862
992.841554245108
958.194965421342
983.370190615517
975.222465403514
991.932287828302
989.317934390143
1027.33560077745
999.350291374801
1039.17220610375
1004.05635653337
975.599341156552
943.340595131746
908.652716830892
898.013285003674
903.275647461588
885.848400862908
891.383623353173
886.790922181885
893.515752544822
921.279364130279
900.042262929618
911.412530164060
931.198502726888
932.823645701620
928.052205121058
891.826325785748
906.290232484391
905.651436923551
917.803985681136
912.418935486310
920.202913676005
898.089562109436
900.756200262919
911.273442553885
893.616812908430
944.497366463337
921.027870346924
934.340684698984
900.667507041278
892.215875146772
888.638738658293
921.256122944225
912.252845085482
898.067698689535
914.580751375827
903.837886612359
941.501420828499
913.051984290246
929.256493808737
897.807510716257
891.327579286690
897.780945126857
935.071085185941
905.286898811483
902.692474950076
894.297070118665
895.077069568332
900.724431535013
902.715512765165
925.536665179543
911.037645128679
912.756021108692
900.529490843844
891.399295600550
926.801578400479
924.747340644419
911.329330328973
918.444709022145
908.510529335984
906.879324758501
946.810435856576
917.220947041185
932.497002693048
913.792046236755
901.645303377502
911.421280579762
897.852624228580
914.540403441815
905.920816733039
896.440310183209
924.586591596174
897.847564520331
903.978541620350
889.498845084793
893.749394406363
905.111321667551
929.114581497475
901.789618654834
914.416288784603
892.143825521651
905.526403670102
904.463107376574
904.273966115663
909.845603870785
904.895302660635
891.050661023802
910.082204437371
922.563726113968
918.462589168875
898.988236768590
926.919015938054
913.814119191529
911.848674070784
892.256437900662
928.284317827689
893.730761694961
906.923754762788
911.856383591674
922.249990747383
925.949567634419
898.809593680046
908.007948399030
901.424966002058
897.955966274805
897.745913675135
912.375664854622
931.190862142052
921.979928991552
916.610825199487
890.830707736177
907.761125035484
889.957496525952
911.542990231145