最优解为:534.7392
最优解路径:

Best_route =

     0     0     0     0     0     0     0     0     0
     3     4     1     2     5     6     7     8     0

本次运算用时:1.968秒
算法在第1代时收敛

best
534.739239833552
534.739239833552
534.739239833552
534.739239833552
534.739239833552
534.739239833552
534.739239833552
534.739239833552
534.739239833552
534.739239833552
534.739239833552
534.739239833552
534.739239833552
534.739239833552
534.739239833552
534.739239833552
534.739239833552
534.739239833552
534.739239833552
534.739239833552
534.739239833552
534.739239833552
534.739239833552
534.739239833552
534.739239833552
534.739239833552
534.739239833552
534.739239833552
534.739239833552
534.739239833552
534.739239833552
534.739239833552
534.739239833552
534.739239833552
534.739239833552
534.739239833552
534.739239833552
534.739239833552
534.739239833552
534.739239833552
534.739239833552
534.739239833552
534.739239833552
534.739239833552
534.739239833552
534.739239833552
534.739239833552
534.739239833552
534.739239833552
534.739239833552
534.739239833552
534.739239833552
534.739239833552
534.739239833552
534.739239833552
534.739239833552
534.739239833552
534.739239833552
534.739239833552
534.739239833552
534.739239833552
534.739239833552
534.739239833552
534.739239833552
534.739239833552
534.739239833552
534.739239833552
534.739239833552
534.739239833552
534.739239833552
534.739239833552
534.739239833552
534.739239833552
534.739239833552
534.739239833552
534.739239833552
534.739239833552
534.739239833552
534.739239833552
534.739239833552
534.739239833552
534.739239833552
534.739239833552
534.739239833552
534.739239833552
534.739239833552
534.739239833552
534.739239833552
534.739239833552
534.739239833552
534.739239833552
534.739239833552
534.739239833552
534.739239833552
534.739239833552
534.739239833552
534.739239833552
534.739239833552
534.739239833552
534.739239833552

ave
616.506440953013
605.651037910395
669.979868199218
590.297131675774
601.829624687053
592.511496929309
592.214848731514
612.668313099733
592.508441171426
566.770369856392
565.978285252048
582.236844489102
600.358894011569
574.483165136811
596.592270610486
552.319792301753
605.444949087877
536.329406511173
565.536004031657
597.049784078953
578.382704507232
562.871058037605
535.450303557230
552.368688066916
563.470692145770
535.794408037605
562.719614809832
534.885411374066
535.388893788944
534.739239833552
535.940579578118
535.175331438703
563.217585534369
537.523357160999
549.868040411566
536.003168051686
535.389363140044
535.304132016717
535.443078204681
535.989022955497
557.103623355825
565.988167664983
551.536518468873
535.358316432454
549.952802183793
535.521389584368
565.759188017532
535.504487972968
535.389363140044
579.019723842048
534.739239833552
535.139013043854
577.848474817639
550.758089642756
535.175331438703
536.911669656837
535.305070718916
535.389363140044
534.739239833552
535.535534680558
536.427160381596
535.389363140044
550.099443075406
534.739239833552
535.085297979217
535.321502979217
535.243191599530
547.963983864581
547.980416124882
565.467700227019
547.251981438703
535.175331438703
536.239373051686
536.498246408734
535.650190162381
550.687003615618
534.739239833552
571.728472167861
549.848237688703
550.298860329458
549.868040411566
535.535065329458
550.886890220769
565.196727594730
562.847920329458
536.634272339296
550.139013043854
578.207293988087
536.596683926051
535.304132016717
535.321502979217
556.945729735512
564.794522624066
550.974877859307
535.862268198432
549.503034833552
566.244175387846
534.739239833552
535.443078204681
551.015195740395