最优解为:362.0394
最优解路径:

Best_route =

     3     2     5     1     6     7     4     8     0
     0     0     0     0     0     0     0     0     0

本次运算用时:3.531秒
算法在第27代时收敛


best
363.861870135419
363.542226368424
363.542226368424
363.542226368424
363.542226368424
363.542226368424
363.542226368424
363.542226368424
363.542226368424
363.542226368424
363.524165849841
363.524165849841
363.524165849841
363.524165849841
363.524165849841
363.524165849841
363.524165849841
363.524165849841
363.524165849841
363.524165849841
363.524165849841
363.524165849841
363.524165849841
363.524165849841
363.524165849841
363.524165849841
362.039413631939
362.039413631939
362.039413631939
362.039413631939
362.039413631939
362.039413631939
362.039413631939
362.039413631939
362.039413631939
362.039413631939
362.039413631939
362.039413631939
362.039413631939
362.039413631939
362.039413631939
362.039413631939
362.039413631939
362.039413631939
362.039413631939
362.039413631939
362.039413631939
362.039413631939
362.039413631939
362.039413631939
362.039413631939
362.039413631939
362.039413631939
362.039413631939
362.039413631939
362.039413631939
362.039413631939
362.039413631939
362.039413631939
362.039413631939
362.039413631939
362.039413631939
362.039413631939
362.039413631939
362.039413631939
362.039413631939
362.039413631939
362.039413631939
362.039413631939
362.039413631939
362.039413631939
362.039413631939
362.039413631939
362.039413631939
362.039413631939
362.039413631939
362.039413631939
362.039413631939
362.039413631939
362.039413631939
362.039413631939
362.039413631939
362.039413631939
362.039413631939
362.039413631939
362.039413631939
362.039413631939
362.039413631939
362.039413631939
362.039413631939
362.039413631939
362.039413631939
362.039413631939
362.039413631939
362.039413631939
362.039413631939
362.039413631939
362.039413631939
362.039413631939
362.039413631939
362.039413631939
362.039413631939
362.039413631939
362.039413631939
362.039413631939
362.039413631939
362.039413631939
362.039413631939
362.039413631939
362.039413631939
362.039413631939
362.039413631939
362.039413631939
362.039413631939
362.039413631939
362.039413631939
362.039413631939
362.039413631939
362.039413631939
362.039413631939
362.039413631939
362.039413631939
362.039413631939
362.039413631939
362.039413631939
362.039413631939
362.039413631939
362.039413631939
362.039413631939
362.039413631939
362.039413631939
362.039413631939
362.039413631939
362.039413631939
362.039413631939
362.039413631939
362.039413631939
362.039413631939
362.039413631939
362.039413631939
362.039413631939
362.039413631939
362.039413631939
362.039413631939
362.039413631939
362.039413631939
362.039413631939
362.039413631939
362.039413631939
362.039413631939
362.039413631939
362.039413631939
362.039413631939
362.039413631939
362.039413631939
362.039413631939
362.039413631939
362.039413631939
362.039413631939
362.039413631939
362.039413631939
362.039413631939
362.039413631939
362.039413631939
362.039413631939
362.039413631939
362.039413631939
362.039413631939
362.039413631939
362.039413631939
362.039413631939
362.039413631939
362.039413631939
362.039413631939
362.039413631939
362.039413631939
362.039413631939
362.039413631939
362.039413631939
362.039413631939
362.039413631939
362.039413631939
362.039413631939
362.039413631939
362.039413631939
362.039413631939
362.039413631939
362.039413631939
362.039413631939
362.039413631939
362.039413631939
362.039413631939
362.039413631939
362.039413631939
362.039413631939
362.039413631939
362.039413631939
362.039413631939
362.039413631939
362.039413631939

ave
367.718533245056
397.189733039706
397.061645253401
397.504881600142
425.051888463446
396.143810157778
381.244991850606
397.228914407825
380.313890279093
380.480292986665
381.387968285104
409.986282724806
365.811556616942
395.862592626055
367.315109503882
365.720993395214
380.390174779885
382.486142752261
364.973773150736
394.192028450559
381.253032628627
364.392516686259
379.038413844818
380.521335944171
394.103454693201
380.061497117039
363.952398610438
408.686502523882
393.995426399233
364.607763471442
423.680448631957
378.938008377514
408.061564918998
379.254281790699
378.756790560044
393.625732775842
378.378143377632
423.674792530000
393.036373819378
378.998221421394
394.121636025313
364.036234278345
363.542226368423
363.572789861579
378.484744876863
363.663554588133
363.624694720781
363.542226368423
363.542226368423
363.542226368423
363.663554588133
364.231109902367
378.363416657153
363.542226368423
363.542226368423
363.542226368423
363.542226368423
363.542226368423
363.542226368423
363.968996675253
363.542226368423
363.542226368423
363.542226368423
363.542226368423
379.051339585787
378.363416657153
363.843496329008
363.542226368423
363.542226368423
378.611792973575
363.542226368423
363.542226368423
363.663554588133
378.707890502190
363.542226368423
363.542226368423
363.542226368423
363.663554588133
363.716319125625
378.363416657153
363.542226368423
363.542226368423
363.542226368423
378.681425215086
378.947078047938
363.542226368423
364.189986295174
363.542226368423
363.542226368423
363.542226368423
363.542226368423
363.542226368423
363.542226368423
363.542226368423
363.542226368423
378.363865424529
378.363416657153
378.230358853003
363.542226368423
378.936260006322
363.542226368423
378.936260006322
364.292723463068
363.542226368423
378.363416657153
363.542226368423
363.969848071881
379.360444224626
363.542226368423
363.542226368423
363.918389379369
363.542226368423
363.542226368423
363.722168109298
363.542226368423
363.542226368423
378.410300593877
363.969848071881
378.214734763272
363.542226368423
363.542226368423
363.542226368423
378.662823919022
363.542226368423
363.542226368423
378.928028725483
363.542226368423
363.542226368423
363.542226368423
363.542226368423
363.542226368423
363.588413951309
363.542226368423
363.588413951309
363.542226368423
364.243575641715
363.542226368423
363.542226368423
363.542226368423
363.542226368423
363.542226368423
363.797061159659
363.542226368423
363.542226368423
363.542226368423
364.369455741452
378.230358853003
363.542226368423
363.542226368423
363.542226368423
363.542226368423
363.721920522835
363.542226368423
378.230358853003
363.542226368423
363.542226368423
363.542226368423
363.542226368423
363.542226368423
378.611792973575
363.542226368423
363.542226368423
363.542226368423
363.542226368423
363.542226368423
363.542226368423
363.542226368423
364.189986295174
378.363865424529
363.542226368423
363.542226368423
363.542226368423
363.542226368423
378.336062982982
363.663554588133
363.542226368423
363.542226368423
363.542226368423
363.542226368423
363.542226368423
363.542226368423
378.791487127986
364.346256753437
363.722168109298
363.542226368423
363.641749129763
393.035925052002
363.542226368423
363.542226368423
363.542226368423
363.542226368423
363.542226368423
363.542226368423
363.542226368423
363.542226368423
378.230358853003
363.968996675253
363.542226368423
363.542226368423
363.542226368423