最优解为:342.427
最优解路径:

Best_route =

     0     0     0     0     0     0
     3     2     4     1     5     0

本次运算用时:1.265秒
算法在第9代时收敛

best
344.033720025340
344.001268744327
344.001268744327
344.001268744327
344.001268744327
344.001268744327
344.001268744327
344.001268744327
342.426968190756
342.426968190756
342.426968190756
342.426968190756
342.426968190756
342.426968190756
342.426968190756
342.426968190756
342.426968190756
342.426968190756
342.426968190756
342.426968190756
342.426968190756
342.426968190756
342.426968190756
342.426968190756
342.426968190756
342.426968190756
342.426968190756
342.426968190756
342.426968190756
342.426968190756
342.426968190756
342.426968190756
342.426968190756
342.426968190756
342.426968190756
342.426968190756
342.426968190756
342.426968190756
342.426968190756
342.426968190756
342.426968190756
342.426968190756
342.426968190756
342.426968190756
342.426968190756
342.426968190756
342.426968190756
342.426968190756
342.426968190756
342.426968190756
342.426968190756
342.426968190756
342.426968190756
342.426968190756
342.426968190756
342.426968190756
342.426968190756
342.426968190756
342.426968190756
342.426968190756
342.426968190756
342.426968190756
342.426968190756
342.426968190756
342.426968190756
342.426968190756
342.426968190756
342.426968190756
342.426968190756
342.426968190756
342.426968190756
342.426968190756
342.426968190756
342.426968190756
342.426968190756
342.426968190756
342.426968190756
342.426968190756
342.426968190756
342.426968190756
342.426968190756
342.426968190756
342.426968190756
342.426968190756
342.426968190756
342.426968190756
342.426968190756
342.426968190756
342.426968190756
342.426968190756
342.426968190756
342.426968190756
342.426968190756
342.426968190756
342.426968190756
342.426968190756
342.426968190756
342.426968190756
342.426968190756
342.426968190756

ave
391.225647291094
361.335597511687
361.514937450555
361.502850453432
361.053414553429
346.026201917251
360.646286554192
345.946549145489
345.687711982967
376.376747475254
360.939995706902
360.945269685337
345.648171047259
376.356035426842
346.381812072542
374.270299959746
360.169867821446
360.113659880204
344.837916345188
344.440377443901
344.562337794048
358.973276328547
359.779714887211
344.214419086835
344.826114027649
388.501583824222
344.476330650086
344.011004128631
359.268923276312
359.764031106856
374.221778876122
373.548728224412
344.231552933395
389.147517303004
374.040590926854
432.953897208803
373.964749270701
358.859392486226
359.161901446769
373.780263220955
373.751956419091
373.547105660361
344.002891308378
358.818362777615
388.442914721328
344.004513872428
344.081606336056
344.081606336056
358.592946280699
359.082814662515
344.001268744327
344.375368535901
373.668373699260
344.001268744327
344.127591238903
344.127591238903
344.001268744327
344.001268744327
359.078637511137
344.002891308378
344.002891308378
344.002891308378
358.775809766395
344.002891308378
344.001268744327
344.001268744327
344.001268744327
344.001268744327
344.001268744327
344.001268744327
344.125968674852
344.001268744327
344.001268744327
344.001268744327
344.001268744327
344.001268744327
344.001268744327
359.163152254244
344.001268744327
344.414044662515
344.001268744327
344.001268744327
344.001268744327
344.001268744327
344.001268744327
344.001268744327
344.001268744327
344.001268744327
358.771260858442
344.002891308378
344.001268744327
344.001268744327
344.125968674852
359.082814662515
344.001268744327
344.001268744327
344.001268744327
344.001268744327
344.001268744327
344.001268744327