最优解为:541.7204
最优解路径:

Best_route =

     0     0     0     0     0     0     0     0     0
     5     6     7     8     3     4     1     2     0

本次运算用时:2.078秒
算法在第1代时收敛

best
541.720395553359
541.720395553359
541.720395553359
541.720395553359
541.720395553359
541.720395553359
541.720395553359
541.720395553359
541.720395553359
541.720395553359
541.720395553359
541.720395553359
541.720395553359
541.720395553359
541.720395553359
541.720395553359
541.720395553359
541.720395553359
541.720395553359
541.720395553359
541.720395553359
541.720395553359
541.720395553359
541.720395553359
541.720395553359
541.720395553359
541.720395553359
541.720395553359
541.720395553359
541.720395553359
541.720395553359
541.720395553359
541.720395553359
541.720395553359
541.720395553359
541.720395553359
541.720395553359
541.720395553359
541.720395553359
541.720395553359
541.720395553359
541.720395553359
541.720395553359
541.720395553359
541.720395553359
541.720395553359
541.720395553359
541.720395553359
541.720395553359
541.720395553359
541.720395553359
541.720395553359
541.720395553359
541.720395553359
541.720395553359
541.720395553359
541.720395553359
541.720395553359
541.720395553359
541.720395553359
541.720395553359
541.720395553359
541.720395553359
541.720395553359
541.720395553359
541.720395553359
541.720395553359
541.720395553359
541.720395553359
541.720395553359
541.720395553359
541.720395553359
541.720395553359
541.720395553359
541.720395553359
541.720395553359
541.720395553359
541.720395553359
541.720395553359
541.720395553359
541.720395553359
541.720395553359
541.720395553359
541.720395553359
541.720395553359
541.720395553359
541.720395553359
541.720395553359
541.720395553359
541.720395553359
541.720395553359
541.720395553359
541.720395553359
541.720395553359
541.720395553359
541.720395553359
541.720395553359
541.720395553359
541.720395553359
541.720395553359

ave
572.528469520493
566.621711945746
570.687829581365
579.235973591405
596.562679724486
596.505059854437
541.750196242254
580.576796459791
584.035655152827
584.094195331393
567.220157399199
556.697847269454
603.218073727769
541.734989128301
554.174899910521
569.108219749804
554.145361608651
595.509547142543
556.750809781265
565.538778674908
541.735295897807
541.735602667312
541.727999110335
541.727999110335
556.727999110335
556.683253694512
541.757186260220
554.130461264203
556.735295897807
541.720395553359
556.720395553359
541.720395553359
571.653715392642
541.735602667312
541.742899454783
556.720395553359
541.720395553359
565.523878330460
541.735295897807
541.727999110335
541.720395553359
556.720395553359
541.720395553359
556.720395553359
556.720395553359
571.727999110335
573.255259969096
541.727999110335
541.735295897807
541.720395553359
541.734989128301
556.727999110335
541.720395553359
541.735295897807
541.720395553359
541.720395553359
541.720395553359
541.727999110335
556.720395553359
556.720395553359
541.720395553359
556.683253694512
554.167603123050
556.727999110335
541.727692340830
541.735295897807
541.720395553359
541.734989128301
556.690857251489
541.727692340830
541.720395553359
541.720395553359
541.727692340830
541.720395553359
556.720395553359
541.720395553359
541.750196242254
571.683253694512
556.742899454783
541.720395553359
541.720395553359
571.735602667312
556.683253694512
541.735602667312
541.720395553359
541.720395553359
541.727999110335
541.743206224289
541.720395553359
541.727999110335
541.720395553359
556.683253694512
541.727692340830
541.720395553359
541.727692340830
541.720395553359
541.720395553359
541.727999110335
541.720395553359
541.720395553359