最优解为:956.6368
最优解路径:

Best_route =

     9    10    13     1    14    15    16     7     0     0     0     0     0     0     0     0     0
     5     6     3     4     2    11    12     8     0     0     0     0     0     0     0     0     0

本次运算用时:10.747秒
算法在第28代时收敛

best
1002.70528875804
959.901561291220
959.901561291220
959.901561291220
959.901561291220
959.901561291220
959.901561291220
956.802319836885
956.802319836885
956.802319836885
956.802319836885
956.802319836885
956.802319836885
956.802319836885
956.802319836885
956.802319836885
956.802319836885
956.802319836885
956.802319836885
956.802319836885
956.802319836885
956.802319836885
956.802319836885
956.802319836885
956.802319836885
956.802319836885
956.802319836885
956.636780967640
956.636780967640
956.636780967640
956.636780967640
956.636780967640
956.636780967640
956.636780967640
956.636780967640
956.636780967640
956.636780967640
956.636780967640
956.636780967640
956.636780967640
956.636780967640
956.636780967640
956.636780967640
956.636780967640
956.636780967640
956.636780967640
956.636780967640
956.636780967640
956.636780967640
956.636780967640
956.636780967640
956.636780967640
956.636780967640
956.636780967640
956.636780967640
956.636780967640
956.636780967640
956.636780967640
956.636780967640
956.636780967640
956.636780967640
956.636780967640
956.636780967640
956.636780967640
956.636780967640
956.636780967640
956.636780967640
956.636780967640
956.636780967640
956.636780967640
956.636780967640
956.636780967640
956.636780967640
956.636780967640
956.636780967640
956.636780967640
956.636780967640
956.636780967640
956.636780967640
956.636780967640
956.636780967640
956.636780967640
956.636780967640
956.636780967640
956.636780967640
956.636780967640
956.636780967640
956.636780967640
956.636780967640
956.636780967640
956.636780967640
956.636780967640
956.636780967640
956.636780967640
956.636780967640
956.636780967640
956.636780967640
956.636780967640
956.636780967640
956.636780967640
956.636780967640
956.636780967640
956.636780967640
956.636780967640
956.636780967640
956.636780967640
956.636780967640
956.636780967640
956.636780967640
956.636780967640
956.636780967640
956.636780967640
956.636780967640
956.636780967640
956.636780967640
956.636780967640
956.636780967640
956.636780967640
956.636780967640
956.636780967640
956.636780967640
956.636780967640
956.636780967640
956.636780967640
956.636780967640
956.636780967640
956.636780967640
956.636780967640
956.636780967640
956.636780967640
956.636780967640
956.636780967640
956.636780967640
956.636780967640
956.636780967640
956.636780967640
956.636780967640
956.636780967640
956.636780967640
956.636780967640
956.636780967640
956.636780967640
956.636780967640
956.636780967640
956.636780967640
956.636780967640
956.636780967640
956.636780967640
956.636780967640
956.636780967640
956.636780967640
956.636780967640
956.636780967640
956.636780967640
956.636780967640
956.636780967640
956.636780967640
956.636780967640
956.636780967640
956.636780967640
956.636780967640
956.636780967640
956.636780967640
956.636780967640
956.636780967640
956.636780967640
956.636780967640
956.636780967640
956.636780967640
956.636780967640
956.636780967640
956.636780967640
956.636780967640
956.636780967640
956.636780967640
956.636780967640
956.636780967640
956.636780967640
956.636780967640
956.636780967640
956.636780967640
956.636780967640
956.636780967640
956.636780967640
956.636780967640
956.636780967640
956.636780967640
956.636780967640
956.636780967640
956.636780967640
956.636780967640
956.636780967640
956.636780967640
956.636780967640
956.636780967640
956.636780967640
956.636780967640
956.636780967640
956.636780967640
956.636780967640

ave
1067.40383111093
1083.75104979657
1144.19275800396
1118.88138995684
1103.66562457787
1068.89503592747
1066.18387967302
1094.79263545266
1082.54913105996
1108.01947445239
1061.85795021507
1089.30724012799
1092.13405077359
1060.91596496838
1048.52806508264
1036.19433580423
1034.38258956426
1066.21826964704
1070.35595351017
1064.27239878747
1061.08329972094
1026.31936648705
1034.15418055220
1052.60834182804
1030.14804100994
1032.55132810685
1052.90891625192
1038.42631099653
1041.57819829263
1067.85125463471
1031.82621285589
992.971923549684
993.888502083657
998.906452582343
1002.83117903279
974.568123106026
1006.64665435286
984.695581024738
1003.97498885824
976.564451679944
961.848296354808
990.943129995132
982.976606448055
976.311482862546
976.148243846367
994.851674018803
995.031010576044
959.901561291219
964.109206181850
965.064351654508
977.949887596207
960.220060203692
971.780519544270
976.582523422297
959.901561291219
969.697383142331
963.076952811141
959.996477996663
964.514330171339
962.298730072818
966.834768881749
963.353715024024
961.665464911343
959.738322275040
960.852331665460
961.546152339878
979.490909782549
959.767361255248
960.824150350890
967.426976607898
962.200371219786
965.229641173219
967.235244888035
970.310959009972
975.824996653776
970.695199014954
966.774780456588
962.798952095377
968.375256452065
964.645470079699
960.727305554140
964.105103999562
964.214617453409
962.374721526185
962.091957407315
965.752814781121
968.633009441711
966.756728182744
961.732088642179
985.913059748993
964.077357855881
971.679029024626
961.946808774936
976.851561801938
970.143025191220
977.060036527678
966.860515180296
993.171355080543
981.153423881459
970.453201545202
968.791487203558
963.901554876896
960.969474438628
969.199769718496
970.607685406407
966.844219939400
986.301366192206
993.674777578545
997.244798774269
963.631514657232
962.578448749699
963.727003297472
962.058262985918
972.742139393085
963.298403573577
961.751187081891
973.817502329391
974.933316649405
973.556115398062
971.353136740340
962.834174192309
974.852011039615
966.865410918118
963.865459360077
960.976548958701
965.987274079814
981.687435033121
966.443075786472
991.118926747434
968.226075804840
971.751532006960
975.355291684935
982.353100751051
973.594798129036
959.420355825389
966.456488290578
966.900176321913
974.502314767544
972.164609427550
978.101300436425
962.155841531192
972.478767676906
978.965654899166
970.519078987938
963.224620407393
972.830503378743
968.307574906465
962.318075010289
968.094045698216
969.597058845003
963.464433368178
967.617802818736
975.292071035221
971.267164207695
964.703347626581
969.649735561321
976.874124840543
969.102971506062
971.940249008854
968.450665267399
972.345575355145
962.764028011199
960.064990679670
969.463159646247
968.293299749427
962.031874576104
964.835973130801
981.725706783627
967.293327364575
974.377886233576
972.052626457429
967.766295422536
969.586782658675
971.889542558871
980.865238142895
967.797789382363
966.465748138365
963.573470442256
963.573470442257
972.418141439918
967.879776818142
963.688557534914
971.242685027532
970.883402675846
959.764486623284
964.888273897389
971.312839234788
969.649063525059
973.042701664931
958.546224134863
986.659948581601
966.168189729133
982.524307070210
964.381285086214
967.103959075542
976.364063089276
963.783330372988
982.057069629522
970.101242906685
973.888205083320