最优解为:335.9682
最优解路径:

Best_route =

     0     0     0     0     0     0
     5     3     2     4     1     0

本次运算用时:1.296秒
算法在第1代时收敛

best
335.968156838444
335.968156838444
335.968156838444
335.968156838444
335.968156838444
335.968156838444
335.968156838444
335.968156838444
335.968156838444
335.968156838444
335.968156838444
335.968156838444
335.968156838444
335.968156838444
335.968156838444
335.968156838444
335.968156838444
335.968156838444
335.968156838444
335.968156838444
335.968156838444
335.968156838444
335.968156838444
335.968156838444
335.968156838444
335.968156838444
335.968156838444
335.968156838444
335.968156838444
335.968156838444
335.968156838444
335.968156838444
335.968156838444
335.968156838444
335.968156838444
335.968156838444
335.968156838444
335.968156838444
335.968156838444
335.968156838444
335.968156838444
335.968156838444
335.968156838444
335.968156838444
335.968156838444
335.968156838444
335.968156838444
335.968156838444
335.968156838444
335.968156838444
335.968156838444
335.968156838444
335.968156838444
335.968156838444
335.968156838444
335.968156838444
335.968156838444
335.968156838444
335.968156838444
335.968156838444
335.968156838444
335.968156838444
335.968156838444
335.968156838444
335.968156838444
335.968156838444
335.968156838444
335.968156838444
335.968156838444
335.968156838444
335.968156838444
335.968156838444
335.968156838444
335.968156838444
335.968156838444
335.968156838444
335.968156838444
335.968156838444
335.968156838444
335.968156838444
335.968156838444
335.968156838444
335.968156838444
335.968156838444
335.968156838444
335.968156838444
335.968156838444
335.968156838444
335.968156838444
335.968156838444
335.968156838444
335.968156838444
335.968156838444
335.968156838444
335.968156838444
335.968156838444
335.968156838444
335.968156838444
335.968156838444
335.968156838444

ave
353.718787100549
340.800297065275
352.781739485944
339.913122366452
353.195591046865
376.589381646786
363.646538174585
351.626115491502
362.556220435169
374.236332225679
337.500217247176
363.508641881734
363.070177515257
338.919291403801
373.572354055070
352.570807764400
396.826115006517
349.874047920958
349.190230998794
348.578666535141
336.172871333105
372.211384471268
349.929776709536
359.851687867403
337.185468246847
336.433571653520
359.851687867403
335.968156838444
349.311861208969
336.210783764403
348.200896536819
360.622778424608
348.569916424900
347.957970021982
336.632665652192
335.968156838444
336.094549800566
335.968156838444
335.968156838444
335.968156838444
336.094549800566
335.968156838444
335.968156838444
335.968156838444
335.968156838444
347.933996758235
347.745341131150
335.968156838444
335.968156838444
335.968156838444
348.200896536819
335.968156838444
335.968156838444
336.094549800566
335.968156838444
335.968156838444
335.968156838444
336.559992433820
335.968156838444
335.968156838444
348.283205427651
335.968156838444
347.968156838444
335.968156838444
335.968156838444
335.968156838444
335.968156838444
335.968156838444
336.264503508153
347.968156838444
335.968156838444
335.968156838444
335.968156838444
335.968156838444
335.968156838444
335.968156838444
335.968156838444
335.968156838444
336.559992433820
335.968156838444
335.968156838444
335.968156838444
335.968156838444
335.968156838444
335.968156838444
335.968156838444
335.968156838444
336.264503508153
335.968156838444
336.094549800566
347.672667912777
335.968156838444
335.968156838444
335.968156838444
335.968156838444
335.968156838444
335.968156838444
335.968156838444
335.968156838444
347.618948169028