最优解为:312.1771
最优解路径:

Best_route =

     2     3     5     4     1     0
     0     0     0     0     0     0

本次运算用时:1.36秒
算法在第1代时收敛

best
312.177115031289
312.177115031289
312.177115031289
312.177115031289
312.177115031289
312.177115031289
312.177115031289
312.177115031289
312.177115031289
312.177115031289
312.177115031289
312.177115031289
312.177115031289
312.177115031289
312.177115031289
312.177115031289
312.177115031289
312.177115031289
312.177115031289
312.177115031289
312.177115031289
312.177115031289
312.177115031289
312.177115031289
312.177115031289
312.177115031289
312.177115031289
312.177115031289
312.177115031289
312.177115031289
312.177115031289
312.177115031289
312.177115031289
312.177115031289
312.177115031289
312.177115031289
312.177115031289
312.177115031289
312.177115031289
312.177115031289
312.177115031289
312.177115031289
312.177115031289
312.177115031289
312.177115031289
312.177115031289
312.177115031289
312.177115031289
312.177115031289
312.177115031289
312.177115031289
312.177115031289
312.177115031289
312.177115031289
312.177115031289
312.177115031289
312.177115031289
312.177115031289
312.177115031289
312.177115031289
312.177115031289
312.177115031289
312.177115031289
312.177115031289
312.177115031289
312.177115031289
312.177115031289
312.177115031289
312.177115031289
312.177115031289
312.177115031289
312.177115031289
312.177115031289
312.177115031289
312.177115031289
312.177115031289
312.177115031289
312.177115031289
312.177115031289
312.177115031289
312.177115031289
312.177115031289
312.177115031289
312.177115031289
312.177115031289
312.177115031289
312.177115031289
312.177115031289
312.177115031289
312.177115031289
312.177115031289
312.177115031289
312.177115031289
312.177115031289
312.177115031289
312.177115031289
312.177115031289
312.177115031289
312.177115031289
312.177115031289

ave
340.926388488292
316.735759481084
328.670370627760
316.989942985739
318.611272214816
316.045703572066
316.187269839545
317.200502630857
327.048753691430
315.593673084646
326.570165338280
314.772832067118
314.125223567139
314.394422786201
314.766829838414
326.097595036216
314.491938282619
312.576879979893
325.858632322753
325.025466872026
313.312243977895
325.364591597097
325.907455467146
326.432844322504
312.595069881200
312.782839946067
312.807698772032
325.074653388980
324.468676919078
312.511352102324
312.468676919078
324.656446983944
312.303507993411
324.175742906741
324.138339067744
312.177115031289
324.157040987243
324.011946105622
312.511352102324
324.315950134325
312.346183176657
312.177115031289
312.177115031289
324.011946105622
312.177115031289
312.177115031289
312.177115031289
312.177115031289
312.177115031289
312.177115031289
312.177115031289
312.177115031289
312.177115031289
324.030648025121
312.177115031289
312.177115031289
312.177115031289
312.177115031289
312.177115031289
312.177115031289
312.177115031289
312.177115031289
312.177115031289
312.177115031289
312.177115031289
312.177115031289
312.177115031289
312.177115031289
336.030648025121
324.011946105622
312.177115031289
312.177115031289
312.177115031289
312.177115031289
312.177115031289
312.177115031289
312.177115031289
312.661231765864
312.177115031289
312.177115031289
324.011946105622
312.534838803742
312.177115031289
312.303507993411
312.177115031289
312.177115031289
312.177115031289
312.681305809910
312.322209912910
312.177115031289
312.177115031289
312.177115031289
312.177115031289
324.249788249662
312.177115031289
312.177115031289
312.177115031289
312.177115031289
312.177115031289
312.177115031289