实验环境：
VeiNum = 2（drop3）
Q_ant = 150
AntNum = 20 
iter_max = 200
抽取的客户节点编号为

Cus_select =

    28    96    61    83    29    21    98    91    76    13

各任务对应的的客户节点编号为

Task_Cus =

    28    96    61    83    29    21    98    91    76    13

cus
40	50
40	50
40	50
92	30
55	54
45	65
37	31
90	35
40	5
26	52
49	42
60	12
5	35

task
2	4	1	0	1
4	3	2	1	0
2	5	1	0	1
5	3	2	3	0
2	6	1	0	1
6	3	2	5	0
2	7	1	0	1
7	3	2	7	0
3	8	3	0	1
8	2	4	9	0
2	9	1	0	1
9	3	2	11	0
3	10	3	0	1
10	2	4	13	0
3	11	3	0	1
11	2	4	15	0
3	12	3	0	1
12	2	4	17	0
3	13	3	0	1
13	2	4	19	0

linktime
0	0	1.39283882771841	0	0.388104367406501	0	0.395284707521047	0	0.480884601541784	1.80503831361382	1.30503831361382	0	1.12500000000000	0.853553390593274	0.353553390593274	0.801039864469807	0.301039864469807	1.57354552767919	1.07354552767919	1.45197163823299	0.951971638232989
1.39283882771841	1.55950549438508	0	1.55950549438508	44.1021541423999	1.55950549438508	58.6003412959345	1.55950549438508	55.0090901579003	3.36454380799890	0.134629120178363	1.55950549438508	57.6974869470066	2.41305888497835	1.73925271309261	2.36054535885489	1.11607571427749	3.13305102206427	0.917877987534291	3.01147713261807	2.17858899290343
1.89283882771841	1.89283882771841	3.45234432210349	1.89283882771841	2.44760986179158	1.89283882771841	2.45479020190613	1.89283882771841	2.54039009592686	0.134629120178363	3.36454380799890	1.89283882771841	3.18450549438508	1.73925271309261	2.41305888497835	1.11607571427749	2.36054535885489	0.917877987534291	3.13305102206427	2.17858899290343	3.01147713261807
0.388104367406501	0.554771034073167	44.1021541423999	0.554771034073167	0	0.554771034073167	14.8660687473185	0.554771034073167	29.2061637330205	2.35980934768699	0.995615387586994	0.554771034073167	51.2445119012758	1.40832442466644	0.726722092687432	1.35581089854297	0.335410196624969	2.12831656175236	1.05741429912783	2.00674267230616	1.33720791203163
0.888104367406501	0.888104367406501	2.44760986179158	0.888104367406501	1.44287540147967	0.888104367406501	1.45005574159421	0.888104367406501	1.53565563561495	0.995615387586994	2.35980934768699	0.888104367406501	2.17977103407317	0.726722092687432	1.40832442466644	0.335410196624969	1.35581089854297	1.05741429912783	2.12831656175236	1.33720791203163	2.00674267230616
0.395284707521047	0.561951374187714	58.6003412959345	0.561951374187714	14.8660687473185	0.561951374187714	0	0.561951374187714	34.9284983931460	2.36698968780153	1.35208172829900	0.561951374187714	60.2079728939615	1.41550476478099	0.575543221661067	1.36299123865752	0.583630876496438	2.13549690186691	1.37704393539204	2.01392301242070	1.25000000000000
0.895284707521048	0.895284707521048	2.45479020190613	0.895284707521048	1.45005574159421	0.895284707521048	1.45723608170876	0.895284707521048	1.54283597572950	1.35208172829900	2.36698968780153	0.895284707521048	2.18695137418771	0.575543221661067	1.41550476478099	0.583630876496438	1.36299123865752	1.37704393539204	2.13549690186691	1.25000000000000	2.01392301242070
0.480884601541784	0.647551268208450	55.0090901579003	0.647551268208450	29.2061637330205	0.647551268208450	34.9284983931460	0.647551268208450	0	2.45258958182227	1.32876822659183	0.647551268208450	26.1725046566048	1.50110465880172	0.592663479556485	1.44859113267826	0.406970514902493	2.22109679588765	0.745821694508815	2.09952290644144	0.806225774829855
0.980884601541784	0.980884601541784	2.54039009592686	0.980884601541784	1.53565563561495	0.980884601541784	1.54283597572950	0.980884601541784	1.62843586975023	1.32876822659183	2.45258958182227	0.980884601541784	2.27255126820845	0.592663479556485	1.50110465880172	0.406970514902493	1.44859113267826	0.745821694508815	2.22109679588765	0.806225774829855	2.09952290644144
1.30503831361382	1.47170498028049	0.134629120178363	1.47170498028049	0.995615387586994	1.47170498028049	1.35208172829900	1.47170498028049	1.32876822659183	3.27674329389430	0	1.47170498028049	1.45773797371133	2.32525837087376	1.65548331311433	2.27274484475029	1.03983171715427	3.04525050795968	0.945052908571790	2.92367661851347	2.12500000000000
0	0	1.55950549438508	0	0.554771034073167	0	0.561951374187714	0	0.647551268208450	1.80503831361382	1.47170498028049	0	1.29166666666667	0.853553390593274	0.520220057259941	0.801039864469807	0.467706531136474	1.57354552767919	1.24021219434586	1.45197163823299	1.11863830489966
1.12500000000000	1.29166666666667	57.6974869470066	1.29166666666667	51.2445119012758	1.29166666666667	60.2079728939615	1.29166666666667	26.1725046566048	3.09670498028049	1.45773797371133	1.29166666666667	0	2.14522005725994	1.22601998352392	2.09270653113647	0.951971638232989	2.86521219434586	0.529740502510427	2.74363830489966	1.15244305716161
1.62500000000000	1.62500000000000	3.18450549438508	1.62500000000000	2.17977103407317	1.62500000000000	2.18695137418771	1.62500000000000	2.27255126820845	1.45773797371133	3.09670498028049	1.62500000000000	2.91666666666667	1.22601998352392	2.14522005725994	0.951971638232989	2.09270653113647	0.529740502510427	2.86521219434586	1.15244305716161	2.74363830489966
0.353553390593274	0.520220057259941	1.73925271309261	0.520220057259941	0.726722092687432	0.520220057259941	0.575543221661067	0.520220057259941	0.592663479556485	2.32525837087376	1.65548331311433	0.520220057259941	1.22601998352392	1.37377344785321	0	1.32125992172975	0.626996810199223	2.09376558493914	1.31244047484067	1.97219169549293	0.675462804305315
0	0	1.55950549438508	0	0.554771034073167	0	0.561951374187714	0	0.647551268208450	1.80503831361382	1.47170498028049	0	1.29166666666667	0.853553390593274	0.520220057259941	0.801039864469807	0.467706531136474	1.57354552767919	1.24021219434586	1.45197163823299	1.11863830489966
0.301039864469807	0.467706531136474	1.11607571427749	0.467706531136474	0.335410196624969	0.467706531136474	0.583630876496438	0.467706531136474	0.406970514902493	2.27274484475029	1.03983171715427	0.467706531136474	0.951971638232989	1.32125992172975	0.626996810199223	1.26874639560628	0	2.04125205881567	0.798827265433523	1.91967816936946	1.11383347049727
0	0	1.55950549438508	0	0.554771034073167	0	0.561951374187714	0	0.647551268208450	1.80503831361382	1.47170498028049	0	1.29166666666667	0.853553390593274	0.520220057259941	0.801039864469807	0.467706531136474	1.57354552767919	1.24021219434586	1.45197163823299	1.11863830489966
1.07354552767919	1.24021219434586	0.917877987534291	1.24021219434586	1.05741429912783	1.24021219434586	1.37704393539204	1.24021219434586	0.745821694508815	3.04525050795968	0.945052908571790	1.24021219434586	0.529740502510427	2.09376558493914	1.31244047484067	2.04125205881567	0.798827265433523	2.81375772202506	0	2.69218383257885	1.49038585607889
0	0	1.55950549438508	0	0.554771034073167	0	0.561951374187714	0	0.647551268208450	1.80503831361382	1.47170498028049	0	1.29166666666667	0.853553390593274	0.520220057259941	0.801039864469807	0.467706531136474	1.57354552767919	1.24021219434586	1.45197163823299	1.11863830489966
0.951971638232989	1.11863830489966	2.17858899290343	1.11863830489966	1.33720791203163	1.11863830489966	1.25000000000000	1.11863830489966	0.806225774829855	2.92367661851347	2.12500000000000	1.11863830489966	1.15244305716161	1.97219169549293	0.675462804305315	1.91967816936946	1.11383347049727	2.69218383257885	1.49038585607889	2.57060994313264	0
0	0	1.55950549438508	0	0.554771034073167	0	0.561951374187714	0	0.647551268208450	1.80503831361382	1.47170498028049	0	1.29166666666667	0.853553390593274	0.520220057259941	0.801039864469807	0.467706531136474	1.57354552767919	1.24021219434586	1.45197163823299	1.11863830489966

tasktime
0
2.05950549438508
0.166666666666667
1.05477103407317
0.166666666666667
1.06195137418771
0.166666666666667
1.14755126820845
0.166666666666667
0.166666666666667
1.97170498028049
1.79166666666667
0.166666666666667
0.166666666666667
1.02022005725994
0.166666666666667
0.967706531136474
0.166666666666667
1.74021219434586
0.166666666666667
1.61863830489966


1
2	4	1	0	1
2	5	1	0	1
2	6	1	0	1
2	7	1	0	1
8	2	4	0	0
2	9	1	0	1
10	2	4	0	0
11	2	4	0	0
12	2	4	0	0
13	2	4	0	0

2
4	3	2	0	0
5	3	2	0	0
