最优解为:499.1297
最优解路径:

Best_route =

     1     5     6     2     3     4     7     8     0
     0     0     0     0     0     0     0     0     0

本次运算用时:2.983秒
算法在第72代时收敛
>> 

best
504.840251716489
502.852955624366
502.852955624366
502.852955624366
502.852955624366
502.852955624366
502.852955624366
502.852955624366
502.852955624366
502.852955624366
502.852955624366
502.852955624366
502.852955624366
502.852955624366
502.852955624366
502.852955624366
502.852955624366
502.852955624366
502.852955624366
502.852955624366
502.852955624366
502.852955624366
502.852955624366
502.852955624366
502.852955624366
502.852955624366
502.852955624366
502.852955624366
502.852955624366
502.852955624366
502.852955624366
502.852955624366
502.852955624366
502.852955624366
502.852955624366
502.852955624366
502.852955624366
502.852955624366
502.852955624366
502.852955624366
502.852955624366
502.852955624366
502.852955624366
502.852955624366
502.852955624366
502.852955624366
502.852955624366
502.852955624366
502.852955624366
502.852955624366
502.852955624366
502.852955624366
502.852955624366
502.852955624366
502.852955624366
502.852955624366
502.852955624366
502.852955624366
502.852955624366
502.852955624366
502.852955624366
502.852955624366
502.852955624366
502.852955624366
502.852955624366
502.852955624366
502.852955624366
502.852955624366
502.852955624366
502.852955624366
502.852955624366
499.129653956155
499.129653956155
499.129653956155
499.129653956155
499.129653956155
499.129653956155
499.129653956155
499.129653956155
499.129653956155
499.129653956155
499.129653956155
499.129653956155
499.129653956155
499.129653956155
499.129653956155
499.129653956155
499.129653956155
499.129653956155
499.129653956155
499.129653956155
499.129653956155
499.129653956155
499.129653956155
499.129653956155
499.129653956155
499.129653956155
499.129653956155
499.129653956155
499.129653956155

ave
847.805746222593
793.422633549401
972.915370126253
858.370808698963
810.299945933618
888.115447048396
796.279619907390
788.163183035820
889.654672397139
830.888904906763
820.967270757808
719.005486072140
807.811847527083
802.726440541342
764.323145459888
726.051171110779
674.996757161084
655.397702510430
641.950546552667
737.854400430299
659.482256377451
649.842300925847
633.383297022386
568.828151260100
548.846582277531
629.197733074733
615.590259344833
544.358309198553
524.901241932429
522.867330694675
559.826134903390
620.422103997517
632.902345349639
526.974802711529
524.773585798120
568.605821295775
516.055381710535
588.256392965389
524.773585798120
522.719849789692
542.093892361452
522.656649866001
503.285098243541
522.636825095328
547.205497730350
503.179757829204
517.799250833418
503.179757829204
517.882275527782
503.179757829204
503.179757829204
517.902100298455
522.656649866001
503.179757829204
503.179757829204
522.636825095328
503.179757829204
503.179757829204
503.285098243541
503.179757829204
503.285098243541
503.179757829204
503.179757829204
503.199582599877
503.179757829204
503.179757829204
522.678965585974
503.179757829204
503.179757829204
505.233493837631
503.179757829204
502.977252635552
502.977252635552
503.179757829204
503.082593049889
502.774747441899
503.248642438617
503.143302024280
518.664782587380
516.326385076517
502.857772136264
517.720447441899
502.857772136264
502.997077406225
553.404369418028
501.845246168001
501.964726667289
515.627204682593
500.901604809152
500.713239700451
516.281289152991
500.510734506798
530.453424183305
531.217569855106
516.303604872964
518.046541146964
500.105724119493
499.903218925841
530.618871494666
515.388243684017