最优解为:603.6122
最优解路径:

Best_route =

     7     8     9    10     5     6     3     4     1     2     0
     0     0     0     0     0     0     0     0     0     0     0

本次运算用时:13.916秒
算法在第1代时收敛

best
603.612150753008
603.612150753008
603.612150753008
603.612150753008
603.612150753008
603.612150753008
603.612150753008
603.612150753008
603.612150753008
603.612150753008
603.612150753008
603.612150753008
603.612150753008
603.612150753008
603.612150753008
603.612150753008
603.612150753008
603.612150753008
603.612150753008
603.612150753008
603.612150753008
603.612150753008
603.612150753008
603.612150753008
603.612150753008
603.612150753008
603.612150753008
603.612150753008
603.612150753008
603.612150753008
603.612150753008
603.612150753008
603.612150753008
603.612150753008
603.612150753008
603.612150753008
603.612150753008
603.612150753008
603.612150753008
603.612150753008
603.612150753008
603.612150753008
603.612150753008
603.612150753008
603.612150753008
603.612150753008
603.612150753008
603.612150753008
603.612150753008
603.612150753008
603.612150753008
603.612150753008
603.612150753008
603.612150753008
603.612150753008
603.612150753008
603.612150753008
603.612150753008
603.612150753008
603.612150753008
603.612150753008
603.612150753008
603.612150753008
603.612150753008
603.612150753008
603.612150753008
603.612150753008
603.612150753008
603.612150753008
603.612150753008
603.612150753008
603.612150753008
603.612150753008
603.612150753008
603.612150753008
603.612150753008
603.612150753008
603.612150753008
603.612150753008
603.612150753008
603.612150753008
603.612150753008
603.612150753008
603.612150753008
603.612150753008
603.612150753008
603.612150753008
603.612150753008
603.612150753008
603.612150753008
603.612150753008
603.612150753008
603.612150753008
603.612150753008
603.612150753008
603.612150753008
603.612150753008
603.612150753008
603.612150753008
603.612150753008

ave
824.186659110701
799.211597516621
825.218549154071
737.960440937061
762.737337065313
726.308849457637
726.788131408026
725.285026081692
677.700073479740
676.826585308503
664.830614207943
664.607027236132
616.056421120050
628.385650649724
615.812770496397
603.644268029179
627.750034702920
603.784653249368
603.649890933065
603.646268043750
627.812514968320
627.781151971805
615.718917434035
603.877627916196
640.202623672966
603.645268036465
603.614150767579
615.989596369568
615.949532827272
615.992680516338
615.812770496397
615.779653212940
603.676385305350
615.884419879396
616.024797792509
628.367126111041
639.821684085919
603.612150753008
603.812770496397
603.644268029179
603.644268029179
615.824178049120
603.613150760294
627.751034710206
603.614150767579
628.199623651109
615.613150760294
627.884419879396
603.644268029179
603.884419879396
627.781151971805
603.646268043750
615.716917419464
603.613150760294
603.613150760294
603.716917419464
603.645268036464
615.644268029179
603.645268036465
603.644268029179
615.613150760294
603.676385305350
603.613150760294
615.612150753008
603.843510625454
603.612150753008
627.928944715576
603.612150753008
603.645268036465
603.645268036465
616.155098814929
603.613150760294
615.949155687444
603.948155680158
603.612150753008
615.749034695635
603.783653242083
615.644268029179
603.612150753008
615.716917419464
603.779653212940
603.612150753008
603.613150760294
603.645268036464
615.991680509052
603.644268029179
603.779653212940
615.717917426749
615.715540272350
603.645268036465
615.716917419464
603.644268029179
603.644268029179
628.151414871300
615.780653220226
615.613150760294
603.811770489111
603.612150753008
615.813770503682
603.646268043750