最优解为:603.6122
最优解路径:

Best_route =

     5     6     3     4     7     8     9    10     1     2     0
     0     0     0     0     0     0     0     0     0     0     0

本次运算用时:14.121秒
算法在第2代时收敛

best
604.380653979440
603.612150753008
603.612150753008
603.612150753008
603.612150753008
603.612150753008
603.612150753008
603.612150753008
603.612150753008
603.612150753008
603.612150753008
603.612150753008
603.612150753008
603.612150753008
603.612150753008
603.612150753008
603.612150753008
603.612150753008
603.612150753008
603.612150753008
603.612150753008
603.612150753008
603.612150753008
603.612150753008
603.612150753008
603.612150753008
603.612150753008
603.612150753008
603.612150753008
603.612150753008
603.612150753008
603.612150753008
603.612150753008
603.612150753008
603.612150753008
603.612150753008
603.612150753008
603.612150753008
603.612150753008
603.612150753008
603.612150753008
603.612150753008
603.612150753008
603.612150753008
603.612150753008
603.612150753008
603.612150753008
603.612150753008
603.612150753008
603.612150753008
603.612150753008
603.612150753008
603.612150753008
603.612150753008
603.612150753008
603.612150753008
603.612150753008
603.612150753008
603.612150753008
603.612150753008
603.612150753008
603.612150753008
603.612150753008
603.612150753008
603.612150753008
603.612150753008
603.612150753008
603.612150753008
603.612150753008
603.612150753008
603.612150753008
603.612150753008
603.612150753008
603.612150753008
603.612150753008
603.612150753008
603.612150753008
603.612150753008
603.612150753008
603.612150753008
603.612150753008
603.612150753008
603.612150753008
603.612150753008
603.612150753008
603.612150753008
603.612150753008
603.612150753008
603.612150753008
603.612150753008
603.612150753008
603.612150753008
603.612150753008
603.612150753008
603.612150753008
603.612150753008
603.612150753008
603.612150753008
603.612150753008
603.612150753008

ave
823.840583255934
800.119239366310
787.904483152782
787.898120083150
664.753393209091
689.610378977025
725.806078311273
701.413593162437
664.493295726286
641.127862382027
688.516141511739
688.477110660616
603.645890903922
603.813770503682
627.886419893967
628.323814325888
616.112882771757
615.644268029179
615.749657563092
640.185532162042
603.613150760294
664.335130446622
615.644268029179
603.644890896637
616.086039630070
615.718917434035
603.709502588806
603.615150774865
616.116156891670
603.612150753008
628.367126111041
603.614150767579
603.612150753008
615.749034695635
603.716917419464
603.644268029179
603.948155680158
615.916537155567
639.716917419464
603.613150760294
628.098824329907
628.259865481385
603.613150760294
616.155098814929
603.811770489111
603.779653212940
603.644268029179
603.613150760294
603.780653220226
603.645268036465
615.992680516338
603.644268029179
603.612150753008
603.812770496397
615.718917434035
615.708502581520
615.718917434035
615.716917419464
615.612150753008
603.612150753008
628.093363028738
615.824178049120
603.646268043750
615.779653212940
615.857295332576
615.612150753008
627.884419879396
615.612150753008
603.612150753008
603.677385312635
603.844887772568
603.612150753008
615.843510625454
603.613150760294
603.812770496397
628.046648204844
640.472892784782
603.644268029179
639.929944722861
603.612150753008
616.046648204844
615.825178056406
603.645268036465
628.159182968984
627.779653212940
615.915160008453
603.779653212940
603.811770489111
603.781653227512
603.677385312635
603.615150774865
652.363442167412
603.613150760294
603.644268029179
603.613150760294
603.813770503682
603.612150753008
603.644268029179
603.645268036465
627.981272963615