最优解为:606.0187
最优解路径:

Best_route =

     0     0     0     0     0     0     0     0     0     0     0
     5     6     7     8     1     2     3     4     9    10     0

本次运算用时:2.531秒
算法在第1代时收敛

best
606.018713075278
606.018713075278
606.018713075278
606.018713075278
606.018713075278
606.018713075278
606.018713075278
606.018713075278
606.018713075278
606.018713075278
606.018713075278
606.018713075278
606.018713075278
606.018713075278
606.018713075278
606.018713075278
606.018713075278
606.018713075278
606.018713075278
606.018713075278
606.018713075278
606.018713075278
606.018713075278
606.018713075278
606.018713075278
606.018713075278
606.018713075278
606.018713075278
606.018713075278
606.018713075278
606.018713075278
606.018713075278
606.018713075278
606.018713075278
606.018713075278
606.018713075278
606.018713075278
606.018713075278
606.018713075278
606.018713075278
606.018713075278
606.018713075278
606.018713075278
606.018713075278
606.018713075278
606.018713075278
606.018713075278
606.018713075278
606.018713075278
606.018713075278
606.018713075278
606.018713075278
606.018713075278
606.018713075278
606.018713075278
606.018713075278
606.018713075278
606.018713075278
606.018713075278
606.018713075278
606.018713075278
606.018713075278
606.018713075278
606.018713075278
606.018713075278
606.018713075278
606.018713075278
606.018713075278
606.018713075278
606.018713075278
606.018713075278
606.018713075278
606.018713075278
606.018713075278
606.018713075278
606.018713075278
606.018713075278
606.018713075278
606.018713075278
606.018713075278
606.018713075278
606.018713075278
606.018713075278
606.018713075278
606.018713075278
606.018713075278
606.018713075278
606.018713075278
606.018713075278
606.018713075278
606.018713075278
606.018713075278
606.018713075278
606.018713075278
606.018713075278
606.018713075278
606.018713075278
606.018713075278
606.018713075278
606.018713075278

ave
724.721500988788
696.416506077995
649.130425434378
704.270046766761
799.489084271354
690.168812806971
645.825772338676
635.156493665544
705.873061689468
651.969887834500
647.652646506492
678.535253879973
636.207724901166
606.207724901166
621.720199359812
651.949156079625
618.617950975733
678.230711119235
637.104338641368
621.497358269779
637.104338641368
621.018713075278
636.493670457728
606.018713075278
636.493670457728
606.018713075278
636.113218988222
606.018713075278
636.531187533924
621.113218988222
666.436681620979
606.018713075278
621.436681620979
621.018713075278
606.018713075278
606.018713075278
636.207724901167
651.591864182723
652.367124625326
621.018713075278
647.426117604408
606.018713075278
621.436681620979
606.113218988222
606.113218988222
606.018713075278
621.113218988222
621.493670457728
621.113218988222
621.493670457728
606.018713075278
621.436681620979
606.113218988222
621.399164544784
621.113218988222
606.018713075278
621.436681620979
606.207724901167
606.018713075278
636.949156079625
621.018713075278
621.018713075278
636.436681620979
606.018713075278
621.113218988222
606.113218988222
606.018713075278
606.113218988222
621.436681620979
621.113218988222
621.113218988222
621.113218988222
621.531187533924
651.531187533924
621.399164544784
606.113218988222
621.591864182723
606.113218988222
606.018713075278
636.018713075278
621.493670457728
606.207724901167
606.113218988222
621.018713075278
606.207724901167
621.113218988222
606.018713075278
621.207724901166
606.113218988222
606.113218988222
606.113218988222
621.018713075278
621.018713075278
621.531187533924
621.018713075278
621.018713075278
606.018713075278
606.018713075278
636.018713075278
621.113218988222