最优解为:360.9833
最优解路径:

Best_route =

     1     5     7     3     2     8     6     4     0
     0     0     0     0     0     0     0     0     0

本次运算用时:2.404秒
算法在第16代时收敛

best
408.947228693529
390.808972268283
390.808972268283
390.808972268283
390.808972268283
390.808972268283
390.808972268283
390.808972268283
390.808972268283
390.808972268283
390.808972268283
390.808972268283
390.808972268283
390.808972268283
390.808972268283
360.983282586634
360.983282586634
360.983282586634
360.983282586634
360.983282586634
360.983282586634
360.983282586634
360.983282586634
360.983282586634
360.983282586634
360.983282586634
360.983282586634
360.983282586634
360.983282586634
360.983282586634
360.983282586634
360.983282586634
360.983282586634
360.983282586634
360.983282586634
360.983282586634
360.983282586634
360.983282586634
360.983282586634
360.983282586634
360.983282586634
360.983282586634
360.983282586634
360.983282586634
360.983282586634
360.983282586634
360.983282586634
360.983282586634
360.983282586634
360.983282586634
360.983282586634
360.983282586634
360.983282586634
360.983282586634
360.983282586634
360.983282586634
360.983282586634
360.983282586634
360.983282586634
360.983282586634
360.983282586634
360.983282586634
360.983282586634
360.983282586634
360.983282586634
360.983282586634
360.983282586634
360.983282586634
360.983282586634
360.983282586634
360.983282586634
360.983282586634
360.983282586634
360.983282586634
360.983282586634
360.983282586634
360.983282586634
360.983282586634
360.983282586634
360.983282586634
360.983282586634
360.983282586634
360.983282586634
360.983282586634
360.983282586634
360.983282586634
360.983282586634
360.983282586634
360.983282586634
360.983282586634
360.983282586634
360.983282586634
360.983282586634
360.983282586634
360.983282586634
360.983282586634
360.983282586634
360.983282586634
360.983282586634
360.983282586634

ave
481.164409710420
492.210526984472
504.674243091637
496.615287122432
450.082818947336
515.004476266568
419.939781758457
489.057710242171
480.498940391091
445.211387955000
484.652680481248
470.898494909482
464.681540276257
469.658247179608
465.236900996785
417.208225854986
424.231440208713
449.870126977369
422.680473921672
419.875045467667
416.101726773745
439.294982258852
463.919000322157
418.332945741910
447.265293457777
419.821253146800
418.346393822127
485.533506539361
452.961929169637
413.545349581477
457.536051231940
418.170366629858
408.947228693529
442.846908793074
411.151551501260
434.980499581477
408.947228693529
427.805228306209
409.035242289663
413.545349581477
408.947228693529
408.844986647138
411.327578693529
408.947228693529
408.947228693529
408.947228693529
408.947228693529
425.961247661694
413.646811257828
408.947228693529
411.178447661694
408.947228693529
408.947228693529
408.947228693529
408.947228693529
408.947228693529
408.947228693529
408.947228693529
408.960676773745
408.947228693529
408.947228693529
411.239565097395
408.947228693529
408.947228693529
411.164999581477
408.947228693529
408.947228693529
408.947228693529
408.947228693529
408.947228693529
408.947228693529
408.947228693529
408.947228693529
408.947228693529
408.947228693529
409.035242289663
423.730028693529
411.164999581477
408.947228693529
408.947228693529
423.730028693529
408.947228693529
426.049261257828
408.947228693529
408.947228693529
408.947228693529
408.947228693529
408.947228693529
408.947228693529
408.947228693529
408.947228693529
408.947228693529
408.947228693529
408.947228693529
408.947228693529
408.947228693529
409.035242289663
408.947228693529
408.947228693529
428.341597661694