最优解为:782.0596
最优解路径:

Best_route =

     2     5     6     0     0     0     0     0     0     0     0
     1     9     7    10     3     4     8     0     0     0     0

本次运算用时:3.046秒
算法在第10代时收敛

best
821.880092692296
792.729725568731
792.729725568731
792.729725568731
785.410590254468
785.410590254468
785.410590254468
785.410590254468
785.410590254468
782.059645947754
782.059645947754
782.059645947754
782.059645947754
782.059645947754
782.059645947754
782.059645947754
782.059645947754
782.059645947754
782.059645947754
782.059645947754
782.059645947754
782.059645947754
782.059645947754
782.059645947754
782.059645947754
782.059645947754
782.059645947754
782.059645947754
782.059645947754
782.059645947754
782.059645947754
782.059645947754
782.059645947754
782.059645947754
782.059645947754
782.059645947754
782.059645947754
782.059645947754
782.059645947754
782.059645947754
782.059645947754
782.059645947754
782.059645947754
782.059645947754
782.059645947754
782.059645947754
782.059645947754
782.059645947754
782.059645947754
782.059645947754
782.059645947754
782.059645947754
782.059645947754
782.059645947754
782.059645947754
782.059645947754
782.059645947754
782.059645947754
782.059645947754
782.059645947754
782.059645947754
782.059645947754
782.059645947754
782.059645947754
782.059645947754
782.059645947754
782.059645947754
782.059645947754
782.059645947754
782.059645947754
782.059645947754
782.059645947754
782.059645947754
782.059645947754
782.059645947754
782.059645947754
782.059645947754
782.059645947754
782.059645947754
782.059645947754
782.059645947754
782.059645947754
782.059645947754
782.059645947754
782.059645947754
782.059645947754
782.059645947754
782.059645947754
782.059645947754
782.059645947754
782.059645947754
782.059645947754
782.059645947754
782.059645947754
782.059645947754
782.059645947754
782.059645947754
782.059645947754
782.059645947754
782.059645947754

ave
964.788647934043
1064.60069791835
1073.94695986937
974.282900394651
1038.09460202903
1044.05126670224
1036.49765151381
1069.27463915957
1044.41428590968
913.394683241154
1022.48711470562
986.569999562782
964.159460819050
904.664325170938
1020.00526332646
1031.44649131341
980.341776106360
981.985817112482
1009.64651881023
1031.76513758913
895.229961713210
914.638541483449
915.319271294450
994.830817018216
921.003006005026
912.800729634912
930.346071976988
932.400170742629
949.641065954978
971.235267250949
935.788358503767
915.873470031171
860.352972786985
901.491796548078
909.754771192397
921.765667476321
850.064118247654
872.000667640335
989.873280378663
859.727929274546
920.816714252832
922.121242588374
876.551517577398
893.257333812066
927.343619238857
864.612777308268
868.458461939728
924.631756948698
880.618949154344
864.561084655665
860.472342977883
888.776633471013
903.885669733215
871.643715297344
919.476944231133
884.705131713637
899.692901512810
900.694978612300
830.268710652591
901.686913387551
939.172630057589
945.457487888244
930.968967287357
855.810790379164
868.402588937471
872.699827554363
895.264296947023
880.071277759764
937.631427421163
904.671970541996
903.267441656142
879.981934394262
931.317385079033
901.026111464833
921.215097556051
852.336224366181
852.048388000653
922.379538105434
889.682639020123
825.989362913867
856.825431845120
847.958029729858
838.234932767815
865.532658371409
814.200653638721
839.917892934980
866.345790709448
865.979470832780
832.176940755914
864.056708115241
893.330626010657
856.766221434929
869.029816137283
847.422873126223
839.607973973799
848.929275671400
861.013559080196
885.832598321585
814.462443696183
877.961042446809