最优解为:351.2142
最优解路径:

Best_route =

     3     1     5     7     6     4     2     8     0
     0     0     0     0     0     0     0     0     0

本次运算用时:2秒
算法在第6代时收敛

best
399.713480544092
393.399738500684
393.399738500684
393.399738500684
393.399738500684
351.214186673260
351.214186673260
351.214186673260
351.214186673260
351.214186673260
351.214186673260
351.214186673260
351.214186673260
351.214186673260
351.214186673260
351.214186673260
351.214186673260
351.214186673260
351.214186673260
351.214186673260
351.214186673260
351.214186673260
351.214186673260
351.214186673260
351.214186673260
351.214186673260
351.214186673260
351.214186673260
351.214186673260
351.214186673260
351.214186673260
351.214186673260
351.214186673260
351.214186673260
351.214186673260
351.214186673260
351.214186673260
351.214186673260
351.214186673260
351.214186673260
351.214186673260
351.214186673260
351.214186673260
351.214186673260
351.214186673260
351.214186673260
351.214186673260
351.214186673260
351.214186673260
351.214186673260
351.214186673260
351.214186673260
351.214186673260
351.214186673260
351.214186673260
351.214186673260
351.214186673260
351.214186673260
351.214186673260
351.214186673260
351.214186673260
351.214186673260
351.214186673260
351.214186673260
351.214186673260
351.214186673260
351.214186673260
351.214186673260
351.214186673260
351.214186673260
351.214186673260
351.214186673260
351.214186673260
351.214186673260
351.214186673260
351.214186673260
351.214186673260
351.214186673260
351.214186673260
351.214186673260
351.214186673260
351.214186673260
351.214186673260
351.214186673260
351.214186673260
351.214186673260
351.214186673260
351.214186673260
351.214186673260
351.214186673260
351.214186673260
351.214186673260
351.214186673260
351.214186673260
351.214186673260
351.214186673260
351.214186673260
351.214186673260
351.214186673260
351.214186673260

ave
483.778722861880
447.325173754389
519.562734235268
447.332766598237
445.326975006254
477.488420138766
463.306101779286
502.255044249816
468.301595064414
450.384057207570
487.813607156270
451.538675097710
468.621668285935
473.958814548235
416.505607629065
416.148536757782
416.626151996671
468.666724723836
431.122250399304
430.472827612438
412.240258465406
412.202925107467
404.670007296880
402.273020544092
436.911665328353
402.018949523204
416.745642333790
406.592554123488
401.873247333790
437.126251269729
399.713480544092
399.713480544092
402.564424922920
407.029660691729
419.250997918053
402.535432019076
402.273020544092
405.087151469683
404.578489523204
399.713480544092
404.232900728639
402.018949523204
404.232900728639
399.713480544092
402.073133938941
402.073133938941
399.713480544092
399.713480544092
399.713480544092
399.713480544092
399.713480544092
420.065428397965
399.713480544092
399.713480544092
399.713480544092
399.713480544092
399.713480544092
399.713480544092
399.713480544092
399.713480544092
399.713480544092
399.713480544092
399.913367149243
399.713480544092
399.713480544092
399.713480544092
402.018949523204
399.713480544092
399.713480544092
401.873247333790
399.713480544092
399.713480544092
399.713480544092
399.713480544092
399.713480544092
399.713480544092
399.713480544092
399.713480544092
424.207771909011
399.713480544092
399.713480544092
399.713480544092
399.713480544092
399.713480544092
399.713480544092
399.713480544092
399.713480544092
399.713480544092
399.713480544092
399.859182733506
399.713480544092
399.713480544092
399.913367149243
399.713480544092
399.713480544092
399.713480544092
399.713480544092
399.713480544092
402.273020544092
399.713480544092