实验环境：
VeiNum = 2
Q_ant = 60
AntNum = 20 
iter_max = 100

抽取的客户节点编号为

Cus_select =

    76    89    62    25

各任务对应的的客户节点编号为

Task_Cus =

    76    89    62    25

cus：
35	35
35	35
35	35
49	42
26	35
24	58
65	20


task：
2	4	1	0	1
4	3	2	1	0
2	5	1	0	1
5	3	2	3	0
3	6	3	0	1
6	2	4	5	0
2	7	1	0	1
7	3	2	7	0


linktime
0	0	0.640312423743285	0	0.850000000000000	0.658113883008419	0.158113883008419	0	0.530330085889911
0.640312423743285	0.806979090409952	0	0.806979090409952	53.8516480713450	1.46509297341837	0.790569415042095	0.806979090409952	31.4006369362152
1.14031242374329	1.14031242374329	1.94729151415324	1.14031242374329	2.15697909040995	0.790569415042095	1.46509297341837	1.14031242374329	1.83730917629986
0.850000000000000	1.01666666666667	53.8516480713450	1.01666666666667	0	1.67478054967509	0.813941029804985	1.01666666666667	24.2074368738204
1.35000000000000	1.35000000000000	2.15697909040995	1.35000000000000	2.36666666666667	0.813941029804985	1.67478054967509	1.35000000000000	2.04699675255658
0.158113883008419	0.324780549675086	0.790569415042095	0.324780549675086	0.813941029804985	0.982894432683505	0	0.324780549675086	0.617454451761423
0	0	0.806979090409952	0	1.01666666666667	0.658113883008419	0.324780549675086	0	0.696996752556577
0.530330085889911	0.696996752556577	31.4006369362152	0.696996752556577	24.2074368738204	1.35511063556500	0.617454451761423	0.696996752556577	0
1.03033008588991	1.03033008588991	1.83730917629986	1.03033008588991	2.04699675255658	0.617454451761423	1.35511063556500	1.03033008588991	1.72732683844649

tasktime
0
1.30697909040995
0.166666666666667
1.51666666666667
0.166666666666667
0.166666666666667
0.824780549675086
1.19699675255658
0.166666666666667

1
2	4	1	0	1
2	5	1	0	1
6	2	4	0	0
2	7	1	0	1


2
4	3	2	0	0
5	3	2	0	0
3	6	3	0	1
7	3	2	0	0



linktime1
0	0	0	0.637377439199098	0
0.391311896062463	0.557978562729130	0.557978562729130	0.742041103982792	0.557978562729130
0.225000000000000	0.391666666666667	0.391666666666667	0.577169819030760	0.391666666666667
0	0	0	0.804044105865765	0
0.838525491562421	1.00519215822909	1.00519215822909	1.39754248593737	1.00519215822909

tasktime1
0
1.05797856272913
0.891666666666667
1.30404410586576
1.50519215822909


linktime2
0	0.640312423743285	0.850000000000000	0.658113883008419	0.530330085889911
1.14031242374329	1.94729151415324	2.15697909040995	0.790569415042095	1.83730917629986
1.35000000000000	2.15697909040995	2.36666666666667	0.813941029804985	2.04699675255658
0.158113883008419	0.790569415042095	0.813941029804985	0.982894432683505	0.617454451761423
1.03033008588991	1.83730917629986	2.04699675255658	0.617454451761423	1.72732683844649


tasktime2
0
0.166666666666667
0.166666666666667
0.166666666666667
0.166666666666667