最优解为:596.3175
最优解路径:

Best_route =

     0     0     0     0     0     0     0     0     0     0     0
     0     0     0     0     0     0     0     0     0     0     0
     5     6     3     4     1     2     7     8     9    10     0

本次运算用时:2.797秒
算法在第1代时收敛

best
596.317490713034
596.317490713034
596.317490713034
596.317490713034
596.317490713034
596.317490713034
596.317490713034
596.317490713034
596.317490713034
596.317490713034
596.317490713034
596.317490713034
596.317490713034
596.317490713034
596.317490713034
596.317490713034
596.317490713034
596.317490713034
596.317490713034
596.317490713034
596.317490713034
596.317490713034
596.317490713034
596.317490713034
596.317490713034
596.317490713034
596.317490713034
596.317490713034
596.317490713034
596.317490713034
596.317490713034
596.317490713034
596.317490713034
596.317490713034
596.317490713034
596.317490713034
596.317490713034
596.317490713034
596.317490713034
596.317490713034
596.317490713034
596.317490713034
596.317490713034
596.317490713034
596.317490713034
596.317490713034
596.317490713034
596.317490713034
596.317490713034
596.317490713034
596.317490713034
596.317490713034
596.317490713034
596.317490713034
596.317490713034
596.317490713034
596.317490713034
596.317490713034
596.317490713034
596.317490713034
596.317490713034
596.317490713034
596.317490713034
596.317490713034
596.317490713034
596.317490713034
596.317490713034
596.317490713034
596.317490713034
596.317490713034
596.317490713034
596.317490713034
596.317490713034
596.317490713034
596.317490713034
596.317490713034
596.317490713034
596.317490713034
596.317490713034
596.317490713034
596.317490713034
596.317490713034
596.317490713034
596.317490713034
596.317490713034
596.317490713034
596.317490713034
596.317490713034
596.317490713034
596.317490713034
596.317490713034
596.317490713034
596.317490713034
596.317490713034
596.317490713034
596.317490713034
596.317490713034
596.317490713034
596.317490713034
596.317490713034

ave
849.622460542500
994.972976969108
801.126552115188
852.314267560266
728.250074791802
681.450670522322
721.339695955501
758.803238855460
761.773593521800
650.829242454018
747.813570744665
813.117251573832
684.086913584398
800.185940178264
813.646700707703
763.285314444014
654.474795837128
692.282359933489
745.839342881860
724.119483324521
684.002956753223
642.071842646933
711.808517459891
627.086835308789
642.019695292771
641.058854281439
643.215103539324
656.590884948882
596.755262794712
682.870848384822
681.378864804800
609.315416729054
611.427517855352
667.636412999070
612.123146313630
611.750715614321
611.886477285023
641.810909744389
755.066508080774
596.624274143792
642.503566028381
656.160186201076
658.237629228933
626.860742756639
626.300796115579
674.275324010487
611.580909570731
611.007980713034
611.386879851532
696.145446453256
737.234871267844
718.857038058284
650.125015484471
653.119692634216
612.003033147669
624.326518053404
624.290267329700
655.979138698514
625.901582427721
611.585901745530
652.844367141726
659.287211619132
639.215444818371
611.147628337906
656.553959325881
656.408761864476
640.259247742562
635.003826736665
623.506894424593
609.722198165779
679.109601302366
722.359762620645
640.648136374838
727.806905476233
689.681854277653
670.734791124196
611.904107329700
642.731703490876
612.182019256810
640.719907731569
717.952456769201
685.738528257445
642.301004743070
609.898570718620
596.430244424593
665.931812009922
652.214385951998
813.197759052210
610.994152819442
612.170252756639
611.904107329700
717.650973002117
682.238329358363
708.481854055272
611.592676070902
626.953200135418
611.274126139973
670.208912028102
641.233251471664
596.683147086971