实验环境：
VeiNum = 4
Q_ant = 150
AntNum = 20 
iter_max = 200
抽取的客户节点编号为

Cus_select =

    55    25    75    14    28    19    98    49    91    44    40    24    15    23    35

各任务对应的的客户节点编号为

Task_Cus =

    55    25    75    14    28    19    98    49    91    44    40    24    15    23    35

cus
40	50
40	50
40	50
30	60
35	5
5	5
5	45
92	30
42	10
26	52
42	12
49	42
55	82
60	85
38	15
2	40
38	5
67	85

task
2	4	1	0	1
4	3	2	1	0
2	5	1	0	1
5	3	2	3	0
3	6	3	0	1
6	2	4	5	0
3	7	3	0	1
7	2	4	7	0
2	8	1	0	1
8	3	2	9	0
3	9	3	0	1
9	2	4	11	0
3	10	3	0	1
10	2	4	13	0
3	11	3	0	1
11	2	4	15	0
3	12	3	0	1
12	2	4	17	0
2	13	1	0	1
13	3	2	19	0
2	14	1	0	1
14	3	2	21	0
3	15	3	0	1
15	2	4	23	0
3	16	3	0	1
16	2	4	25	0
3	17	3	0	1
17	2	4	27	0
3	18	3	0	1
18	2	4	29	0

linktime
0	0	0.353553390593274	0	1.13192314226718	1.92521928137392	1.42521928137392	1.38388347648318	0.883883476483184	0	1.39283882771841	1.50124921972504	1.00124921972504	0.853553390593274	0.353553390593274	1.45131487952202	0.951314879522022	0.801039864469807	0.301039864469807	0	0.883529852353615	0	1.00778221853732	1.37642740714791	0.876427407147905	1.48234413521942	0.982344135219425	1.62611056295552	1.12611056295552	1.60510180526502	1.10510180526502
0.353553390593274	0.520220057259941	0	0.520220057259941	55.2268050859363	2.44543933863386	1.51038074669932	1.90410353374313	0.728868986855663	0.520220057259941	68.8767014308903	2.02146927698498	1.28549601321824	1.37377344785321	0.223606797749979	1.97153493678196	1.23693168768530	1.32125992172975	0.654312616415120	0.520220057259941	33.3016516106934	0.520220057259941	39.0512483795333	1.89664746440785	1.14263948820264	2.00256419247937	0.860232526704263	2.14633062021546	1.38946932315903	2.12532186252496	1.11635567808831
0.853553390593274	0.853553390593274	1.37377344785321	0.853553390593274	2.15214319952712	1.51038074669932	2.44543933863386	0.728868986855663	1.90410353374313	0.853553390593274	2.41305888497835	1.28549601321824	2.02146927698498	0.223606797749979	1.37377344785321	1.23693168768530	1.97153493678196	0.654312616415120	1.32125992172975	0.853553390593274	1.90374990961356	0.853553390593274	2.02800227579726	1.14263948820264	1.89664746440785	0.860232526704263	2.00256419247937	1.38946932315903	2.14633062021546	1.11635567808831	2.12532186252496
1.13192314226718	1.29858980893384	55.2268050859363	1.29858980893384	0	3.22380909030777	0.750000000000000	2.68247328541703	1.25000000000000	1.29858980893384	62.2414652783817	2.79983902865888	0.215058131676066	2.15214319952712	1.19634861140054	2.74990468845587	0.247487373415292	2.09962967340365	0.989002022242624	1.29858980893384	79.5550124127952	1.29858980893384	83.8152730712011	2.67501721608175	0.261007662722764	2.78093394415327	1.20260134708057	2.92470037188936	0.0750000000000000	2.90369161419886	2.15406592285380
1.63192314226718	1.63192314226718	2.15214319952712	1.63192314226718	2.93051295120102	0.750000000000000	3.22380909030777	1.25000000000000	2.68247328541703	1.63192314226718	3.19142863665226	0.215058131676066	2.79983902865888	1.19634861140054	2.15214319952712	0.247487373415292	2.74990468845587	0.989002022242624	2.09962967340365	1.63192314226718	2.68211966128746	1.63192314226718	2.80637202747116	0.261007662722764	2.67501721608175	1.20260134708057	2.78093394415327	0.0750000000000000	2.92470037188936	2.15406592285380	2.90369161419886
1.42521928137392	1.59188594804059	1.51038074669932	1.59188594804059	0.750000000000000	3.51710522941451	0	2.97576942452377	1	1.59188594804059	2.26301789652667	3.09313516776563	0.933407735129724	2.44543933863386	1.28695376762338	3.04320082756261	0.941408519188137	2.39292581251040	1.43722823518048	1.59188594804059	2.29523963890484	1.59188594804059	2.42706097986845	2.96831335518850	0.862046982478333	3.07423008326001	0.878208403512515	3.21799651099611	0.825000000000000	3.19698775330561	2.53031618577600
0	0	0.520220057259941	0	1.29858980893384	1.92521928137392	1.59188594804059	1.38388347648318	1.05055014314985	0	1.55950549438508	1.50124921972504	1.16791588639171	0.853553390593274	0.520220057259941	1.45131487952202	1.11798154618869	0.801039864469807	0.467706531136474	0	1.05019651902028	0	1.17444888520399	1.37642740714791	1.04309407381457	1.48234413521942	1.14901080188609	1.62611056295552	1.29277722962219	1.60510180526502	1.27176847193168
0.883883476483184	1.05055014314985	0.728868986855663	1.05055014314985	1.25000000000000	2.97576942452377	1	2.43443361963304	0	1.05055014314985	2.20709084543432	2.55179936287489	1.27328315782468	1.90410353374313	0.553398590529466	2.50186502267187	1.23945552562405	1.85159000761966	1.10255385356000	1.05055014314985	1.55503215400840	1.05055014314985	1.70018381359193	2.42697755029776	1.11495515604889	2.53289427836928	0.145773797371133	2.67666070610537	1.29638921624642	2.65565194841487	1.84458667456967
0	0	0.520220057259941	0	1.29858980893384	1.92521928137392	1.59188594804059	1.38388347648318	1.05055014314985	0	1.55950549438508	1.50124921972504	1.16791588639171	0.853553390593274	0.520220057259941	1.45131487952202	1.11798154618869	0.801039864469807	0.467706531136474	0	1.05019651902028	0	1.17444888520399	1.37642740714791	1.04309407381457	1.48234413521942	1.14901080188609	1.62611056295552	1.29277722962219	1.60510180526502	1.27176847193168
1.39283882771841	1.55950549438508	68.8767014308903	1.55950549438508	62.2414652783817	3.48472477575900	2.26301789652667	2.94338897086826	2.20709084543432	1.55950549438508	0	3.06075471411012	1.34629120178363	2.41305888497835	1.73925271309261	3.01082037390710	1.32853302555864	2.36054535885489	1.11607571427749	1.55950549438508	63.8200595424354	1.55950549438508	63.6317530797321	2.93593290153298	1.40111562692021	3.04184962960450	2.26384628453435	3.18561605734060	1.48765755468118	3.16460729965010	1.51038074669932
1.89283882771841	1.89283882771841	2.41305888497835	1.89283882771841	3.19142863665226	2.26301789652667	3.48472477575900	2.20709084543432	2.94338897086826	1.89283882771841	3.45234432210349	1.34629120178363	3.06075471411012	1.73925271309261	2.41305888497835	1.32853302555864	3.01082037390710	1.11607571427749	2.36054535885489	1.89283882771841	2.94303534673869	1.89283882771841	3.06728771292240	1.40111562692021	2.93593290153298	2.26384628453435	3.04184962960450	1.48765755468118	3.18561605734060	1.51038074669932	3.16460729965010
1.00124921972504	1.16791588639171	1.28549601321824	1.16791588639171	0.215058131676066	3.09313516776563	0.933407735129724	2.55179936287489	1.27328315782468	1.16791588639171	1.34629120178363	2.66916510611675	0	2.02146927698498	1.12361025271221	2.61923076591373	0.0500000000000000	1.96895575086151	0.818916967707960	1.16791588639171	1.82910497238403	1.16791588639171	1.92824401982737	2.54434329353961	0.160078105935821	2.65026002161113	1.25000000000000	2.79402644934723	0.160078105935821	2.77301769165672	1.97642353760524
0	0	0.520220057259941	0	1.29858980893384	1.92521928137392	1.59188594804059	1.38388347648318	1.05055014314985	0	1.55950549438508	1.50124921972504	1.16791588639171	0.853553390593274	0.520220057259941	1.45131487952202	1.11798154618869	0.801039864469807	0.467706531136474	0	1.05019651902028	0	1.17444888520399	1.37642740714791	1.04309407381457	1.48234413521942	1.14901080188609	1.62611056295552	1.29277722962219	1.60510180526502	1.27176847193168
0.353553390593274	0.520220057259941	0.223606797749979	0.520220057259941	1.19634861140054	2.44543933863386	1.28695376762338	1.90410353374313	0.553398590529466	0.520220057259941	1.73925271309261	2.02146927698498	1.12361025271221	1.37377344785321	0	1.97153493678196	1.07703296142690	1.32125992172975	0.626996810199223	0.520220057259941	1.04313230225125	0.520220057259941	1.18453577404821	1.89664746440785	0.972432516938836	2.00256419247937	0.670820393249937	2.14633062021546	1.21269328356349	2.12532186252496	1.31576973669408
0	0	0.520220057259941	0	1.29858980893384	1.92521928137392	1.59188594804059	1.38388347648318	1.05055014314985	0	1.55950549438508	1.50124921972504	1.16791588639171	0.853553390593274	0.520220057259941	1.45131487952202	1.11798154618869	0.801039864469807	0.467706531136474	0	1.05019651902028	0	1.17444888520399	1.37642740714791	1.04309407381457	1.48234413521942	1.14901080188609	1.62611056295552	1.29277722962219	1.60510180526502	1.27176847193168
0.951314879522022	1.11798154618869	1.23693168768530	1.11798154618869	0.247487373415292	3.04320082756261	0.941408519188137	2.50186502267187	1.23945552562405	1.11798154618869	1.32853302555864	2.61923076591373	0.0500000000000000	1.97153493678196	1.07703296142690	2.56929642571071	0	1.91902141065850	0.770146090037468	1.11798154618869	1.77992275113276	1.11798154618869	1.87966087366844	2.49440895333659	0.125000000000000	2.60032568140811	1.22065556157337	2.74409210914421	0.201556443707464	2.72308335145371	1.92905417238604
0	0	0.520220057259941	0	1.29858980893384	1.92521928137392	1.59188594804059	1.38388347648318	1.05055014314985	0	1.55950549438508	1.50124921972504	1.16791588639171	0.853553390593274	0.520220057259941	1.45131487952202	1.11798154618869	0.801039864469807	0.467706531136474	0	1.05019651902028	0	1.17444888520399	1.37642740714791	1.04309407381457	1.48234413521942	1.14901080188609	1.62611056295552	1.29277722962219	1.60510180526502	1.27176847193168
0.301039864469807	0.467706531136474	0.654312616415120	0.467706531136474	0.989002022242624	2.39292581251040	1.43722823518048	1.85159000761966	1.10255385356000	0.467706531136474	1.11607571427749	1.96895575086151	0.818916967707960	1.32125992172975	0.626996810199223	1.91902141065850	0.770146090037468	1.26874639560628	0	0.467706531136474	1.01118742080783	0.467706531136474	1.10961705105861	1.84413393828438	0.728868986855663	1.95005066635590	1.17606334863391	2.09381709409200	0.965012953280939	2.07280833640149	1.16538620208067
0	0	0.520220057259941	0	1.29858980893384	1.92521928137392	1.59188594804059	1.38388347648318	1.05055014314985	0	1.55950549438508	1.50124921972504	1.16791588639171	0.853553390593274	0.520220057259941	1.45131487952202	1.11798154618869	0.801039864469807	0.467706531136474	0	1.05019651902028	0	1.17444888520399	1.37642740714791	1.04309407381457	1.48234413521942	1.14901080188609	1.62611056295552	1.29277722962219	1.60510180526502	1.27176847193168
0.883529852353615	1.05019651902028	33.3016516106934	1.05019651902028	79.5550124127952	2.97541580039420	2.29523963890484	2.43407999550347	1.55503215400840	1.05019651902028	63.8200595424354	2.55144573874532	1.82910497238403	1.90374990961356	1.04313230225125	2.50151139854230	1.77992275113276	1.85123638349009	1.01118742080783	1.05019651902028	0	1.05019651902028	5.83095189484530	2.42662392616819	1.72807696587855	2.53254065423971	1.69059900626967	2.67630708197580	1.97135740037163	2.65529832428530	0.309232921921325
1.38352985235361	1.38352985235361	1.90374990961356	1.38352985235361	2.68211966128746	2.29523963890484	2.97541580039420	1.55503215400840	2.43407999550347	1.38352985235361	2.94303534673869	1.82910497238403	2.55144573874532	1.04313230225125	1.90374990961356	1.77992275113276	2.50151139854230	1.01118742080783	1.85123638349009	1.38352985235361	2.43372637137390	1.38352985235361	2.55797873755760	1.72807696587855	2.42662392616819	1.69059900626967	2.53254065423971	1.97135740037163	2.67630708197580	0.309232921921325	2.65529832428530
1.00778221853732	1.17444888520399	39.0512483795333	1.17444888520399	83.8152730712011	3.09966816657791	2.42706097986845	2.55833236168717	1.70018381359193	1.17444888520399	63.6317530797321	2.67569810492902	1.92824401982737	2.02800227579726	1.18453577404821	2.62576376472601	1.87966087366844	1.97548874967379	1.10961705105861	1.17444888520399	5.83095189484530	1.17444888520399	0	2.55087629235189	1.83439363278441	2.65679302042341	1.83524521522330	2.80055944815951	2.07424685126915	2.77955069046900	0.175000000000000
1.50778221853732	1.50778221853732	2.02800227579726	1.50778221853732	2.80637202747116	2.42706097986845	3.09966816657791	1.70018381359193	2.55833236168717	1.50778221853732	3.06728771292240	1.92824401982737	2.67569810492902	1.18453577404821	2.02800227579726	1.87966087366844	2.62576376472601	1.10961705105861	1.97548874967379	1.50778221853732	2.55797873755760	1.50778221853732	2.68223110374130	1.83439363278441	2.55087629235189	1.83524521522330	2.65679302042341	2.07424685126915	2.80055944815951	0.175000000000000	2.77955069046900
0.876427407147905	1.04309407381457	1.14263948820264	1.04309407381457	0.261007662722764	2.96831335518850	0.862046982478333	2.42697755029776	1.11495515604889	1.04309407381457	1.40111562692021	2.54434329353961	0.160078105935821	1.89664746440785	0.972432516938836	2.49440895333659	0.125000000000000	1.84413393828438	0.728868986855663	1.04309407381457	1.72807696587855	1.04309407381457	1.83439363278441	2.41952148096248	0	2.52543820903400	1.09573035004056	2.66920463677009	0.250000000000000	2.64819587907959	1.89423467395146
0	0	0.520220057259941	0	1.29858980893384	1.92521928137392	1.59188594804059	1.38388347648318	1.05055014314985	0	1.55950549438508	1.50124921972504	1.16791588639171	0.853553390593274	0.520220057259941	1.45131487952202	1.11798154618869	0.801039864469807	0.467706531136474	0	1.05019651902028	0	1.17444888520399	1.37642740714791	1.04309407381457	1.48234413521942	1.14901080188609	1.62611056295552	1.29277722962219	1.60510180526502	1.27176847193168
0.982344135219425	1.14901080188609	0.860232526704263	1.14901080188609	1.20260134708057	3.07423008326001	0.878208403512515	2.53289427836928	0.145773797371133	1.14901080188609	2.26384628453435	2.65026002161113	1.25000000000000	2.00256419247937	0.670820393249937	2.60032568140811	1.22065556157337	1.95005066635590	1.17606334863391	1.14901080188609	1.69059900626967	1.14901080188609	1.83524521522330	2.52543820903400	1.09573035004056	2.63135493710552	0	2.77512136484161	1.25523902106332	2.75411260715111	1.97642353760524
0	0	0.520220057259941	0	1.29858980893384	1.92521928137392	1.59188594804059	1.38388347648318	1.05055014314985	0	1.55950549438508	1.50124921972504	1.16791588639171	0.853553390593274	0.520220057259941	1.45131487952202	1.11798154618869	0.801039864469807	0.467706531136474	0	1.05019651902028	0	1.17444888520399	1.37642740714791	1.04309407381457	1.48234413521942	1.14901080188609	1.62611056295552	1.29277722962219	1.60510180526502	1.27176847193168
1.12611056295552	1.29277722962219	1.38946932315903	1.29277722962219	0.0750000000000000	3.21799651099611	0.825000000000000	2.67666070610537	1.29638921624642	1.29277722962219	1.48765755468118	2.79402644934723	0.160078105935821	2.14633062021546	1.21269328356349	2.74409210914421	0.201556443707464	2.09381709409200	0.965012953280939	1.29277722962219	1.97135740037163	1.29277722962219	2.07424685126915	2.66920463677009	0.250000000000000	2.77512136484161	1.25523902106332	2.91888779257771	0	2.89787903488720	2.12735163995048
0	0	0.520220057259941	0	1.29858980893384	1.92521928137392	1.59188594804059	1.38388347648318	1.05055014314985	0	1.55950549438508	1.50124921972504	1.16791588639171	0.853553390593274	0.520220057259941	1.45131487952202	1.11798154618869	0.801039864469807	0.467706531136474	0	1.05019651902028	0	1.17444888520399	1.37642740714791	1.04309407381457	1.48234413521942	1.14901080188609	1.62611056295552	1.29277722962219	1.60510180526502	1.27176847193168
1.10510180526502	1.27176847193168	1.11635567808831	1.27176847193168	2.15406592285380	3.19698775330561	2.53031618577600	2.65565194841487	1.84458667456967	1.27176847193168	1.51038074669932	2.77301769165672	1.97642353760524	2.12532186252496	1.31576973669408	2.72308335145371	1.92905417238604	2.07280833640149	1.16538620208067	1.27176847193168	0.309232921921325	1.27176847193168	0.175000000000000	2.64819587907959	1.89423467395146	2.75411260715111	1.97642353760524	2.89787903488720	2.12735163995048	2.87687027719670	0
0	0	0.520220057259941	0	1.29858980893384	1.92521928137392	1.59188594804059	1.38388347648318	1.05055014314985	0	1.55950549438508	1.50124921972504	1.16791588639171	0.853553390593274	0.520220057259941	1.45131487952202	1.11798154618869	0.801039864469807	0.467706531136474	0	1.05019651902028	0	1.17444888520399	1.37642740714791	1.04309407381457	1.48234413521942	1.14901080188609	1.62611056295552	1.29277722962219	1.60510180526502	1.27176847193168

tasktime
0
1.02022005725994
0.166666666666667
1.79858980893384
0.166666666666667
0.166666666666667
2.09188594804059
0.166666666666667
1.55055014314985
2.05950549438508
0.166666666666667
0.166666666666667
1.66791588639171
0.166666666666667
1.02022005725994
0.166666666666667
1.61798154618869
0.166666666666667
0.967706531136474
1.55019651902028
0.166666666666667
1.67444888520399
0.166666666666667
0.166666666666667
1.54309407381457
0.166666666666667
1.64901080188609
0.166666666666667
1.79277722962219
0.166666666666667
1.77176847193168


1
2	4	1	0	1
2	5	1	0	1
6	2	4	0	0
7	2	4	0	0
2	8	1	0	1
9	2	4	0	0
10	2	4	0	0
11	2	4	0	0
12	2	4	0	0
2	13	1	0	1
2	14	1	0	1
15	2	4	0	0
16	2	4	0	0
17	2	4	0	0
18	2	4	0	0

2
4	3	2	0	0
5	3	2	0	0
3	6	3	0	1
3	7	3	0	1
8	3	2	0	0
3	9	3	0	1
3	10	3	0	1
3	11	3	0	1
3	12	3	0	1
13	3	2	0	0
14	3	2	0	0
3	15	3	0	1
3	16	3	0	1
3	17	3	0	1
3	18	3	0	1

linktime1
0	0	0	1.42521928137392	0.883883476483184	0	1.00124921972504	0.353553390593274	0.951314879522022	0.301039864469807	0	0	0.876427407147905	0.982344135219425	1.12611056295552	1.10510180526502
0.353553390593274	0.520220057259941	0.520220057259941	1.51038074669932	0.728868986855663	0.520220057259941	1.28549601321824	0.223606797749979	1.23693168768530	0.654312616415120	0.520220057259941	0.520220057259941	1.14263948820264	0.860232526704263	1.38946932315903	1.11635567808831
1.13192314226718	1.29858980893384	1.29858980893384	0.750000000000000	1.25000000000000	1.29858980893384	0.215058131676066	1.19634861140054	0.247487373415292	0.989002022242624	1.29858980893384	1.29858980893384	0.261007662722764	1.20260134708057	0.0750000000000000	2.15406592285380
0	0	0	1.59188594804059	1.05055014314985	0	1.16791588639171	0.520220057259941	1.11798154618869	0.467706531136474	0	0	1.04309407381457	1.14901080188609	1.29277722962219	1.27176847193168
0	0	0	1.59188594804059	1.05055014314985	0	1.16791588639171	0.520220057259941	1.11798154618869	0.467706531136474	0	0	1.04309407381457	1.14901080188609	1.29277722962219	1.27176847193168
1.39283882771841	1.55950549438508	1.55950549438508	2.26301789652667	2.20709084543432	1.55950549438508	1.34629120178363	1.73925271309261	1.32853302555864	1.11607571427749	1.55950549438508	1.55950549438508	1.40111562692021	2.26384628453435	1.48765755468118	1.51038074669932
0	0	0	1.59188594804059	1.05055014314985	0	1.16791588639171	0.520220057259941	1.11798154618869	0.467706531136474	0	0	1.04309407381457	1.14901080188609	1.29277722962219	1.27176847193168
0	0	0	1.59188594804059	1.05055014314985	0	1.16791588639171	0.520220057259941	1.11798154618869	0.467706531136474	0	0	1.04309407381457	1.14901080188609	1.29277722962219	1.27176847193168
0	0	0	1.59188594804059	1.05055014314985	0	1.16791588639171	0.520220057259941	1.11798154618869	0.467706531136474	0	0	1.04309407381457	1.14901080188609	1.29277722962219	1.27176847193168
0	0	0	1.59188594804059	1.05055014314985	0	1.16791588639171	0.520220057259941	1.11798154618869	0.467706531136474	0	0	1.04309407381457	1.14901080188609	1.29277722962219	1.27176847193168
0.883529852353615	1.05019651902028	1.05019651902028	2.29523963890484	1.55503215400840	1.05019651902028	1.82910497238403	1.04313230225125	1.77992275113276	1.01118742080783	1.05019651902028	1.05019651902028	1.72807696587855	1.69059900626967	1.97135740037163	0.309232921921325
1.00778221853732	1.17444888520399	1.17444888520399	2.42706097986845	1.70018381359193	1.17444888520399	1.92824401982737	1.18453577404821	1.87966087366844	1.10961705105861	1.17444888520399	1.17444888520399	1.83439363278441	1.83524521522330	2.07424685126915	0.175000000000000
0	0	0	1.59188594804059	1.05055014314985	0	1.16791588639171	0.520220057259941	1.11798154618869	0.467706531136474	0	0	1.04309407381457	1.14901080188609	1.29277722962219	1.27176847193168
0	0	0	1.59188594804059	1.05055014314985	0	1.16791588639171	0.520220057259941	1.11798154618869	0.467706531136474	0	0	1.04309407381457	1.14901080188609	1.29277722962219	1.27176847193168
0	0	0	1.59188594804059	1.05055014314985	0	1.16791588639171	0.520220057259941	1.11798154618869	0.467706531136474	0	0	1.04309407381457	1.14901080188609	1.29277722962219	1.27176847193168
0	0	0	1.59188594804059	1.05055014314985	0	1.16791588639171	0.520220057259941	1.11798154618869	0.467706531136474	0	0	1.04309407381457	1.14901080188609	1.29277722962219	1.27176847193168

tasktime1
0
1.02022005725994
1.79858980893384
2.09188594804059
1.55055014314985
2.05950549438508
1.66791588639171
1.02022005725994
1.61798154618869
0.967706531136474
1.55019651902028
1.67444888520399
1.54309407381457
1.64901080188609
1.79277722962219
1.77176847193168

linktime2
0	0.353553390593274	1.13192314226718	1.92521928137392	1.38388347648318	1.39283882771841	1.50124921972504	0.853553390593274	1.45131487952202	0.801039864469807	0.883529852353615	1.00778221853732	1.37642740714791	1.48234413521942	1.62611056295552	1.60510180526502
0.853553390593274	1.37377344785321	2.15214319952712	1.51038074669932	0.728868986855663	2.41305888497835	1.28549601321824	0.223606797749979	1.23693168768530	0.654312616415120	1.90374990961356	2.02800227579726	1.14263948820264	0.860232526704263	1.38946932315903	1.11635567808831
1.63192314226718	2.15214319952712	2.93051295120102	0.750000000000000	1.25000000000000	3.19142863665226	0.215058131676066	1.19634861140054	0.247487373415292	0.989002022242624	2.68211966128746	2.80637202747116	0.261007662722764	1.20260134708057	0.0750000000000000	2.15406592285380
1.42521928137392	1.51038074669932	0.750000000000000	3.51710522941451	2.97576942452377	2.26301789652667	3.09313516776563	2.44543933863386	3.04320082756261	2.39292581251040	2.29523963890484	2.42706097986845	2.96831335518850	3.07423008326001	3.21799651099611	3.19698775330561
0.883883476483184	0.728868986855663	1.25000000000000	2.97576942452377	2.43443361963304	2.20709084543432	2.55179936287489	1.90410353374313	2.50186502267187	1.85159000761966	1.55503215400840	1.70018381359193	2.42697755029776	2.53289427836928	2.67666070610537	2.65565194841487
1.89283882771841	2.41305888497835	3.19142863665226	2.26301789652667	2.20709084543432	3.45234432210349	1.34629120178363	1.73925271309261	1.32853302555864	1.11607571427749	2.94303534673869	3.06728771292240	1.40111562692021	2.26384628453435	1.48765755468118	1.51038074669932
1.00124921972504	1.28549601321824	0.215058131676066	3.09313516776563	2.55179936287489	1.34629120178363	2.66916510611675	2.02146927698498	2.61923076591373	1.96895575086151	1.82910497238403	1.92824401982737	2.54434329353961	2.65026002161113	2.79402644934723	2.77301769165672
0.353553390593274	0.223606797749979	1.19634861140054	2.44543933863386	1.90410353374313	1.73925271309261	2.02146927698498	1.37377344785321	1.97153493678196	1.32125992172975	1.04313230225125	1.18453577404821	1.89664746440785	2.00256419247937	2.14633062021546	2.12532186252496
0.951314879522022	1.23693168768530	0.247487373415292	3.04320082756261	2.50186502267187	1.32853302555864	2.61923076591373	1.97153493678196	2.56929642571071	1.91902141065850	1.77992275113276	1.87966087366844	2.49440895333659	2.60032568140811	2.74409210914421	2.72308335145371
0.301039864469807	0.654312616415120	0.989002022242624	2.39292581251040	1.85159000761966	1.11607571427749	1.96895575086151	1.32125992172975	1.91902141065850	1.26874639560628	1.01118742080783	1.10961705105861	1.84413393828438	1.95005066635590	2.09381709409200	2.07280833640149
1.38352985235361	1.90374990961356	2.68211966128746	2.29523963890484	1.55503215400840	2.94303534673869	1.82910497238403	1.04313230225125	1.77992275113276	1.01118742080783	2.43372637137390	2.55797873755760	1.72807696587855	1.69059900626967	1.97135740037163	0.309232921921325
1.50778221853732	2.02800227579726	2.80637202747116	2.42706097986845	1.70018381359193	3.06728771292240	1.92824401982737	1.18453577404821	1.87966087366844	1.10961705105861	2.55797873755760	2.68223110374130	1.83439363278441	1.83524521522330	2.07424685126915	0.175000000000000
0.876427407147905	1.14263948820264	0.261007662722764	2.96831335518850	2.42697755029776	1.40111562692021	2.54434329353961	1.89664746440785	2.49440895333659	1.84413393828438	1.72807696587855	1.83439363278441	2.41952148096248	2.52543820903400	2.66920463677009	2.64819587907959
0.982344135219425	0.860232526704263	1.20260134708057	3.07423008326001	2.53289427836928	2.26384628453435	2.65026002161113	2.00256419247937	2.60032568140811	1.95005066635590	1.69059900626967	1.83524521522330	2.52543820903400	2.63135493710552	2.77512136484161	2.75411260715111
1.12611056295552	1.38946932315903	0.0750000000000000	3.21799651099611	2.67666070610537	1.48765755468118	2.79402644934723	2.14633062021546	2.74409210914421	2.09381709409200	1.97135740037163	2.07424685126915	2.66920463677009	2.77512136484161	2.91888779257771	2.89787903488720
1.10510180526502	1.11635567808831	2.15406592285380	3.19698775330561	2.65565194841487	1.51038074669932	2.77301769165672	2.12532186252496	2.72308335145371	2.07280833640149	0.309232921921325	0.175000000000000	2.64819587907959	2.75411260715111	2.89787903488720	2.87687027719670

tasktime2
0
0.166666666666667
0.166666666666667
0.166666666666667
0.166666666666667
0.166666666666667
0.166666666666667
0.166666666666667
0.166666666666667
0.166666666666667
0.166666666666667
0.166666666666667
0.166666666666667
0.166666666666667
0.166666666666667
0.166666666666667