最优解为:919.047
最优解路径:

Best_route =

    11    12     3     4     2     9    10     7     8     0     0     0     0
     5     6     1     0     0     0     0     0     0     0     0     0     0

本次运算用时:5.671秒
算法在第1代时收敛

best
919.046972099232
919.046972099232
919.046972099232
919.046972099232
919.046972099232
919.046972099232
919.046972099232
919.046972099232
919.046972099232
919.046972099232
919.046972099232
919.046972099232
919.046972099232
919.046972099232
919.046972099232
919.046972099232
919.046972099232
919.046972099232
919.046972099232
919.046972099232
919.046972099232
919.046972099232
919.046972099232
919.046972099232
919.046972099232
919.046972099232
919.046972099232
919.046972099232
919.046972099232
919.046972099232
919.046972099232
919.046972099232
919.046972099232
919.046972099232
919.046972099232
919.046972099232
919.046972099232
919.046972099232
919.046972099232
919.046972099232
919.046972099232
919.046972099232
919.046972099232
919.046972099232
919.046972099232
919.046972099232
919.046972099232
919.046972099232
919.046972099232
919.046972099232
919.046972099232
919.046972099232
919.046972099232
919.046972099232
919.046972099232
919.046972099232
919.046972099232
919.046972099232
919.046972099232
919.046972099232
919.046972099232
919.046972099232
919.046972099232
919.046972099232
919.046972099232
919.046972099232
919.046972099232
919.046972099232
919.046972099232
919.046972099232
919.046972099232
919.046972099232
919.046972099232
919.046972099232
919.046972099232
919.046972099232
919.046972099232
919.046972099232
919.046972099232
919.046972099232
919.046972099232
919.046972099232
919.046972099232
919.046972099232
919.046972099232
919.046972099232
919.046972099232
919.046972099232
919.046972099232
919.046972099232
919.046972099232
919.046972099232
919.046972099232
919.046972099232
919.046972099232
919.046972099232
919.046972099232
919.046972099232
919.046972099232
919.046972099232
919.046972099232
919.046972099232
919.046972099232
919.046972099232
919.046972099232
919.046972099232
919.046972099232
919.046972099232
919.046972099232
919.046972099232
919.046972099232
919.046972099232
919.046972099232
919.046972099232
919.046972099232
919.046972099232
919.046972099232
919.046972099232
919.046972099232
919.046972099232
919.046972099232
919.046972099232
919.046972099232
919.046972099232
919.046972099232
919.046972099232
919.046972099232
919.046972099232
919.046972099232
919.046972099232
919.046972099232
919.046972099232
919.046972099232
919.046972099232
919.046972099232
919.046972099232
919.046972099232
919.046972099232
919.046972099232
919.046972099232
919.046972099232
919.046972099232
919.046972099232
919.046972099232
919.046972099232
919.046972099232
919.046972099232
919.046972099232
919.046972099232
919.046972099232
919.046972099232
919.046972099232
919.046972099232
919.046972099232
919.046972099232
919.046972099232
919.046972099232
919.046972099232
919.046972099232
919.046972099232
919.046972099232
919.046972099232
919.046972099232
919.046972099232
919.046972099232
919.046972099232
919.046972099232
919.046972099232
919.046972099232
919.046972099232
919.046972099232
919.046972099232
919.046972099232
919.046972099232
919.046972099232
919.046972099232
919.046972099232
919.046972099232
919.046972099232
919.046972099232
919.046972099232
919.046972099232
919.046972099232
919.046972099232
919.046972099232
919.046972099232
919.046972099232
919.046972099232
919.046972099232
919.046972099232
919.046972099232
919.046972099232
919.046972099232
919.046972099232
919.046972099232
919.046972099232
919.046972099232
919.046972099232
919.046972099232
919.046972099232

ave
1197.58252438201
1315.96214556287
1378.40433100827
1319.71719169715
1320.29684260018
1260.37702471476
1215.88431921864
1323.82684019080
1209.24630618078
1338.80483815477
1206.93246627888
1310.29718066107
1242.99257072151
1190.44763670008
1200.72057938906
1325.63106040844
1220.90762972226
1484.10447308689
1286.83724860807
1295.11667200057
1250.07434489585
1192.72796158401
1048.42846357454
1069.65201686227
1212.47458106306
1038.19732448270
1044.73589886630
931.750738683669
927.490064547095
997.618627062344
923.375562350083
932.690953516580
922.179889675804
922.236497819353
922.563962035953
926.054613093545
924.793503600111
963.516035504770
927.172487971775
925.395754275054
924.274199947846
953.703724585686
957.127096423248
926.887813872152
960.109114905057
922.236497819353
933.660985361701
928.265509694833
922.220254413826
923.333985114934
929.501427796459
923.962574669005
924.575325285317
927.030519259635
924.274199947845
919.046972099232
959.436937575127
921.851970162126
936.043000720770
924.876450622788
919.348097436703
932.551398350354
932.416167058237
927.572370616197
926.887813872152
956.618463847464
959.425564959214
926.887813872152
921.945260123162
933.713651538955
921.878764338333
919.348097436703
930.103678471402
926.887813872152
963.814967117220
924.274199947846
922.454883966468
959.145699878935
924.710556577433
919.649222774175
928.486423690342
929.802553133930
924.575325285317
925.981553712148
922.153095499597
920.445584732284
955.253910502517
922.153095499598
924.465584086433
926.406312398657
924.629197748152
922.246385460633
924.492378262640
926.831489839024
958.217073665654
925.872809766035
921.660586023539
922.646060272735
924.766709423904
926.733395661473
922.758073319120
924.575325285317
927.681448685682
924.766709423904
924.829658766503
929.802553133930
926.043740927465
921.893547397275
921.851970162126
919.814268033634
925.852356788878
919.841062209841
919.331646198855
921.660586023539
924.274199947845
959.740710347555
924.274199947845
957.920515737119
927.764851005438
921.961711361010
924.575325285317
959.507072062435
927.380323348211
932.115041720766
924.274199947845
921.961711361010
924.465584086433
929.501427796459
928.568906879805
969.373077854676
926.122739772300
961.428355522745
924.274199947845
921.851970162126
924.274199947846
926.448721561850
925.872809766035
960.529562252489
927.463725667967
922.288326791714
924.492378262640
926.755732801292
922.153095499597
961.790233738917
924.274199947845
928.779391278342
927.188939209623
920.946707254893
965.143199235030
922.434223156990
923.450579980316
924.274199947846
926.263359161716
927.380323348211
920.636968870871
957.517257117720
922.672399151863
955.829148109316
927.188939209624
919.456534552613
926.147804056699
926.887813872152
992.771677536959
927.079198010739
925.371687243426
926.887813872152
932.115041720766
923.304919091227
924.465584086433
924.575325285317
921.851970162126
922.153095499597
926.887813872152
923.259195841728
930.268723730861
923.424547931390
926.064193904622
926.887813872152
919.238356237819
924.766709423904
928.486423690342
924.274199947845
927.655317638875
924.492378262640
927.380323348211
922.236497819353
924.958093562491
924.465584086433
955.286411470588
966.812786128765
959.565202650333
925.872809766035
965.457334882425
959.400541035533
929.501427796459
922.758073319120
956.317338509993
955.377123677081
919.348097436703
924.575325285317