最优解为:610.0459
最优解路径:

Best_route =

     3     4     1     2     9    10     5     6     7     8     0
     0     0     0     0     0     0     0     0     0     0     0

本次运算用时:2.609秒
算法在第3代时收敛

best
610.078385653177
610.078385653177
610.045934372164
610.045934372164
610.045934372164
610.045934372164
610.045934372164
610.045934372164
610.045934372164
610.045934372164
610.045934372164
610.045934372164
610.045934372164
610.045934372164
610.045934372164
610.045934372164
610.045934372164
610.045934372164
610.045934372164
610.045934372164
610.045934372164
610.045934372164
610.045934372164
610.045934372164
610.045934372164
610.045934372164
610.045934372164
610.045934372164
610.045934372164
610.045934372164
610.045934372164
610.045934372164
610.045934372164
610.045934372164
610.045934372164
610.045934372164
610.045934372164
610.045934372164
610.045934372164
610.045934372164
610.045934372164
610.045934372164
610.045934372164
610.045934372164
610.045934372164
610.045934372164
610.045934372164
610.045934372164
610.045934372164
610.045934372164
610.045934372164
610.045934372164
610.045934372164
610.045934372164
610.045934372164
610.045934372164
610.045934372164
610.045934372164
610.045934372164
610.045934372164
610.045934372164
610.045934372164
610.045934372164
610.045934372164
610.045934372164
610.045934372164
610.045934372164
610.045934372164
610.045934372164
610.045934372164
610.045934372164
610.045934372164
610.045934372164
610.045934372164
610.045934372164
610.045934372164
610.045934372164
610.045934372164
610.045934372164
610.045934372164
610.045934372164
610.045934372164
610.045934372164
610.045934372164
610.045934372164
610.045934372164
610.045934372164
610.045934372164
610.045934372164
610.045934372164
610.045934372164
610.045934372164
610.045934372164
610.045934372164
610.045934372164
610.045934372164
610.045934372164
610.045934372164
610.045934372164
610.045934372164

ave
773.844854203374
687.520996985607
844.040235330547
662.215504107221
820.656244598542
663.509283368127
873.806755623598
725.061761729809
768.879790913726
780.364719320787
720.916015209930
824.084251260375
662.816489336971
675.005340724855
793.956543284923
705.499449909220
700.112024934598
707.640345419438
727.837213932810
634.945507075576
767.941861340911
691.296905331030
610.496852361757
622.498965851971
730.430167355848
622.700758246124
727.756462103489
699.549808003336
622.657604233787
662.885743245954
692.636343384904
625.045934372163
715.348207200069
692.717889303092
625.207817882081
677.716680976634
675.166053090748
662.843003471209
652.495720723870
610.045934372163
610.047556936214
610.129517091994
677.634720820854
662.637965948955
757.835591368759
743.629801662468
610.208232119672
610.047556936214
610.047556936214
662.634720820854
662.715058412583
610.126271963893
610.047556936214
730.306675751783
610.045934372163
767.820406538487
610.045934372163
625.047556936214
745.223507269544
622.494098159819
610.126271963893
610.047556936214
692.636343384904
662.839758343108
637.578889206108
728.713384382299
610.049179500265
637.657604233787
640.127480290352
625.127894527943
638.534188920867
625.045934372163
662.641211077056
662.634720820854
677.636343384904
662.716680976634
662.637965948955
622.576058315599
625.127480290352
677.885743245954
730.223507269544
610.047556936214
662.716680976633
623.540679177070
677.634720820854
623.452228765088
625.047556936214
610.047556936214
677.636343384904
662.634720820854
610.047556936214
610.131139656045
662.715058412583
677.639588513006
610.045934372163
610.126271963893
610.045934372163
662.797018568363
610.047556936214
610.045934372163