实验环境：
VeiNum = 3（drop4）
Q_ant = 150
AntNum = 20 
iter_max = 200

抽取的客户节点编号为

Cus_select =

    86    21    35    39    53    29    11    84    74    27    16    43    17    91    31

各任务对应的的客户节点编号为

Task_Cus =

    86    21    35    39    53    29    11    84    74    27    16    43    17    91    31

cus：
35	35
35	35
35	35
4	18
45	20
63	65
60	12
37	31
64	42
20	65
11	31
46	13
35	40
10	20
23	3
5	30
15	19
31	52


task：
2	4	1	0	1
4	3	2	1	0
3	5	3	0	1
5	2	4	3	0
3	6	3	0	1
6	2	4	5	0
3	7	3	0	1
7	2	4	7	0
2	8	1	0	1
8	3	2	9	0
2	9	1	0	1
9	3	2	11	0
2	10	1	0	1
10	3	2	13	0
3	11	3	0	1
11	2	4	15	0
2	12	1	0	1
12	3	2	17	0
2	13	1	0	1
13	3	2	19	0
3	14	3	0	1
14	2	4	21	0
2	15	1	0	1
15	3	2	23	0
2	16	1	0	1
16	3	2	25	0
2	17	1	0	1
17	3	2	27	0
2	18	1	0	1
18	3	2	29	0


linktime
0	0	0.883883476483184	0.950693909432999	0.450693909432999	1.52591422643416	1.02591422643416	1.34926438757315	0.849264387573152	0	0.111803398874990	0	0.745821694508815	0	0.838525491562421	1.10827625302982	0.608276253029822	0	0.614918693812442	0	0.125000000000000	1.22886898685566	0.728868986855663	0	0.854400374531753	0	0.760345316287278	0	0.640312423743285	0	0.436606229914325
0.883883476483184	1.05055014314985	0	2.00124405258285	1.02621878758869	2.57646436958401	1.88580221656461	2.39981453072300	1.40801278403287	1.05055014314985	35.4682957019364	1.05055014314985	64.6219776856140	1.05055014314985	49.6487663492256	2.15882639617967	0.369120576505835	1.05055014314985	42.2965719651132	1.05055014314985	38.0131556174964	2.27941913000551	0.158113883008419	1.05055014314985	24.2074368738204	1.05055014314985	12.0415945787923	1.05055014314985	11.0453610171873	1.05055014314985	43.4165866921848
1.38388347648318	1.38388347648318	2.43443361963304	1.02621878758869	2.00124405258285	1.88580221656461	2.57646436958401	1.40801278403287	2.39981453072300	1.38388347648318	1.66235354202484	1.38388347648318	2.29637183765867	1.38388347648318	2.38907563471227	0.369120576505835	2.15882639617967	1.38388347648318	2.16546883696229	1.38388347648318	1.67555014314985	0.158113883008419	2.27941913000551	1.38388347648318	2.40495051768160	1.38388347648318	2.31089545943713	1.38388347648318	2.19086256689314	1.38388347648318	1.98715637306418
0.450693909432999	0.617360576099665	1.02621878758869	1.56805448553266	0	2.14327480253383	1.21166208160526	1.96662496367282	0.425000000000000	0.617360576099665	0.340036762718386	0.617360576099665	0.726722092687432	0.617360576099665	1.28695376762338	1.72563682912949	0.893378419260282	0.617360576099665	0.176776695296637	0.617360576099665	0.559016994374948	1.84622956295533	0.875000000000000	0.617360576099665	0.695071938722892	0.617360576099665	1.03077640640442	0.617360576099665	0.750416550990182	0.617360576099665	0.873212459828649
0	0	1.05055014314985	0.950693909432999	0.617360576099665	1.52591422643416	1.19258089310083	1.34926438757315	1.01593105423982	0	0.278470065541656	0	0.912488361175482	0	1.00519215822909	1.10827625302982	0.774942919696489	0	0.781585360479109	0	0.291666666666667	1.22886898685566	0.895535653522329	0	1.02106704119842	0	0.927011982953944	0	0.806979090409952	0	0.603272896580991
1.02591422643416	1.19258089310083	1.88580221656461	2.14327480253383	1.21166208160526	2.71849511953499	0	2.54184528067398	1.32712094399870	1.19258089310083	1.07004672795163	1.19258089310083	0.575543221661067	1.19258089310083	1.07500000000000	2.30085714613065	1.55322245670091	1.19258089310083	1.36770793665899	1.19258089310083	0.938416218956173	2.42144987995649	1.73817432957687	1.19258089310083	1.84458667456967	1.19258089310083	1.69355395544400	1.19258089310083	1.66207701385947	1.19258089310083	0.863495801958527
0	0	1.05055014314985	0.950693909432999	0.617360576099665	1.52591422643416	1.19258089310083	1.34926438757315	1.01593105423982	0	0.278470065541656	0	0.912488361175482	0	1.00519215822909	1.10827625302982	0.774942919696489	0	0.781585360479109	0	0.291666666666667	1.22886898685566	0.895535653522329	0	1.02106704119842	0	0.927011982953944	0	0.806979090409952	0	0.603272896580991
0.849264387573152	1.01593105423982	1.40801278403287	1.96662496367282	0.425000000000000	2.54184528067398	1.32712094399870	2.36519544181297	0	1.01593105423982	0.745821694508815	1.01593105423982	0.756637297521078	1.01593105423982	1.66000753010340	2.12420730726964	1.31386833434709	1.01593105423982	0.350891721190455	1.01593105423982	0.938416218956173	2.24480004109548	1.26589889011722	1.01593105423982	0.951971638232989	1.01593105423982	1.44676362962303	1.01593105423982	1.13852975367357	1.01593105423982	1.23516193270356
0	0	1.05055014314985	0.950693909432999	0.617360576099665	1.52591422643416	1.19258089310083	1.34926438757315	1.01593105423982	0	0.278470065541656	0	0.912488361175482	0	1.00519215822909	1.10827625302982	0.774942919696489	0	0.781585360479109	0	0.291666666666667	1.22886898685566	0.895535653522329	0	1.02106704119842	0	0.927011982953944	0	0.806979090409952	0	0.603272896580991
0.111803398874990	0.278470065541656	35.4682957019364	1.22916397497465	0.340036762718386	1.80438429197582	1.07004672795163	1.62773445311481	0.745821694508815	0.278470065541656	0	0.278470065541656	29.1547594742265	0.278470065541656	38.0131556174964	1.38674631857148	0.650000000000000	0.278470065541656	20.1246117974981	0.278470065541656	9.21954445729289	1.50733905239732	0.728868986855663	0.278470065541656	31.3049516849971	0.278470065541656	32.0156211871642	0.278470065541656	25.0599281722833	0.278470065541656	21.8403296678416
0.611803398874990	0.611803398874990	1.66235354202484	0.340036762718386	1.22916397497465	1.07004672795163	1.80438429197582	0.745821694508815	1.62773445311481	0.611803398874990	0.890273464416646	0.611803398874990	1.52429176005047	0.611803398874990	1.61699555710408	0.650000000000000	1.38674631857148	0.611803398874990	1.39338875935410	0.611803398874990	0.903470065541656	0.728868986855663	1.50733905239732	0.611803398874990	1.63287044007341	0.611803398874990	1.53881538182893	0.611803398874990	1.41878248928494	0.611803398874990	1.21507629545598
0.745821694508815	0.912488361175482	64.6219776856140	1.86318227060848	0.726722092687432	2.43840258760964	0.575543221661067	2.26175274874863	0.756637297521078	0.912488361175482	29.1547594742265	0.912488361175482	0	0.912488361175482	49.6487663492256	2.02076461420530	1.35323686027244	0.912488361175482	34.1320963317520	0.912488361175482	29.0688837074973	2.14135734803114	1.45773797371133	0.912488361175482	56.5862174031804	0.912488361175482	60.2079728939615	0.912488361175482	54.1294744108974	0.912488361175482	34.4818792991333
1.24582169450882	1.24582169450882	2.29637183765867	0.726722092687432	1.86318227060848	0.575543221661067	2.43840258760964	0.756637297521078	2.26175274874863	1.24582169450882	1.52429176005047	1.24582169450882	2.15831005568430	1.24582169450882	2.25101385273790	1.35323686027244	2.02076461420530	1.24582169450882	2.02740705498792	1.24582169450882	1.53748836117548	1.45773797371133	2.14135734803114	1.24582169450882	2.26688873570724	1.24582169450882	2.17283367746276	1.24582169450882	2.05280078491877	1.24582169450882	1.84909459108981
0.838525491562421	1.00519215822909	49.6487663492256	1.95588606766209	1.28695376762338	2.53110638466325	1.07500000000000	2.35445654580224	1.66000753010340	1.00519215822909	38.0131556174964	1.00519215822909	49.6487663492256	1.00519215822909	0	2.11346841125891	0.879275269753449	1.00519215822909	58.1377674149945	1.00519215822909	29.1547594742265	2.23406114508475	1.15244305716161	1.00519215822909	62.0725382113540	1.00519215822909	38.0788655293195	1.00519215822909	46.2709412050371	1.00519215822909	17.0293863659264
