实验环境：
VeiNum = 3（drop4）
Q_ant = 150
AntNum = 20 
iter_max = 200

抽取的客户节点编号为

Cus_select =

    86    21    35    39    53    29    11    84    74    27    16    43    17    91    31

各任务对应的的客户节点编号为

Task_Cus =

    86    21    35    39    53    29    11    84    74    27    16    43    17    91    31

cus：
35	35
35	35
35	35
4	18
45	20
63	65
60	12
37	31
64	42
20	65
11	31
46	13
35	40
10	20
23	3
5	30
15	19
31	52


task：
2	4	1	0	1
4	3	2	1	0
3	5	3	0	1
5	2	4	3	0
3	6	3	0	1
6	2	4	5	0
3	7	3	0	1
7	2	4	7	0
2	8	1	0	1
8	3	2	9	0
2	9	1	0	1
9	3	2	11	0
2	10	1	0	1
10	3	2	13	0
3	11	3	0	1
11	2	4	15	0
2	12	1	0	1
12	3	2	17	0
2	13	1	0	1
13	3	2	19	0
3	14	3	0	1
14	2	4	21	0
2	15	1	0	1
15	3	2	23	0
2	16	1	0	1
16	3	2	25	0
2	17	1	0	1
17	3	2	27	0
2	18	1	0	1
18	3	2	29	0


linktime
0	0	0.883883476483184	0.950693909432999	0.450693909432999	1.52591422643416	1.02591422643416	1.34926438757315	0.849264387573152	0	0.111803398874990	0	0.745821694508815	0	0.838525491562421	1.10827625302982	0.608276253029822	0	0.614918693812442	0	0.125000000000000	1.22886898685566	0.728868986855663	0	0.854400374531753	0	0.760345316287278	0	0.640312423743285	0	0.436606229914325
0.883883476483184	1.05055014314985	0	2.00124405258285	1.02621878758869	2.57646436958401	1.88580221656461	2.39981453072300	1.40801278403287	1.05055014314985	35.4682957019364	1.05055014314985	64.6219776856140	1.05055014314985	49.6487663492256	2.15882639617967	0.369120576505835	1.05055014314985	42.2965719651132	1.05055014314985	38.0131556174964	2.27941913000551	0.158113883008419	1.05055014314985	24.2074368738204	1.05055014314985	12.0415945787923	1.05055014314985	11.0453610171873	1.05055014314985	43.4165866921848
1.38388347648318	1.38388347648318	2.43443361963304	1.02621878758869	2.00124405258285	1.88580221656461	2.57646436958401	1.40801278403287	2.39981453072300	1.38388347648318	1.66235354202484	1.38388347648318	2.29637183765867	1.38388347648318	2.38907563471227	0.369120576505835	2.15882639617967	1.38388347648318	2.16546883696229	1.38388347648318	1.67555014314985	0.158113883008419	2.27941913000551	1.38388347648318	2.40495051768160	1.38388347648318	2.31089545943713	1.38388347648318	2.19086256689314	1.38388347648318	1.98715637306418
0.450693909432999	0.617360576099665	1.02621878758869	1.56805448553266	0	2.14327480253383	1.21166208160526	1.96662496367282	0.425000000000000	0.617360576099665	0.340036762718386	0.617360576099665	0.726722092687432	0.617360576099665	1.28695376762338	1.72563682912949	0.893378419260282	0.617360576099665	0.176776695296637	0.617360576099665	0.559016994374948	1.84622956295533	0.875000000000000	0.617360576099665	0.695071938722892	0.617360576099665	1.03077640640442	0.617360576099665	0.750416550990182	0.617360576099665	0.873212459828649
0	0	1.05055014314985	0.950693909432999	0.617360576099665	1.52591422643416	1.19258089310083	1.34926438757315	1.01593105423982	0	0.278470065541656	0	0.912488361175482	0	1.00519215822909	1.10827625302982	0.774942919696489	0	0.781585360479109	0	0.291666666666667	1.22886898685566	0.895535653522329	0	1.02106704119842	0	0.927011982953944	0	0.806979090409952	0	0.603272896580991
1.02591422643416	1.19258089310083	1.88580221656461	2.14327480253383	1.21166208160526	2.71849511953499	0	2.54184528067398	1.32712094399870	1.19258089310083	1.07004672795163	1.19258089310083	0.575543221661067	1.19258089310083	1.07500000000000	2.30085714613065	1.55322245670091	1.19258089310083	1.36770793665899	1.19258089310083	0.938416218956173	2.42144987995649	1.73817432957687	1.19258089310083	1.84458667456967	1.19258089310083	1.69355395544400	1.19258089310083	1.66207701385947	1.19258089310083	0.863495801958527
0	0	1.05055014314985	0.950693909432999	0.617360576099665	1.52591422643416	1.19258089310083	1.34926438757315	1.01593105423982	0	0.278470065541656	0	0.912488361175482	0	1.00519215822909	1.10827625302982	0.774942919696489	0	0.781585360479109	0	0.291666666666667	1.22886898685566	0.895535653522329	0	1.02106704119842	0	0.927011982953944	0	0.806979090409952	0	0.603272896580991
0.849264387573152	1.01593105423982	1.40801278403287	1.96662496367282	0.425000000000000	2.54184528067398	1.32712094399870	2.36519544181297	0	1.01593105423982	0.745821694508815	1.01593105423982	0.756637297521078	1.01593105423982	1.66000753010340	2.12420730726964	1.31386833434709	1.01593105423982	0.350891721190455	1.01593105423982	0.938416218956173	2.24480004109548	1.26589889011722	1.01593105423982	0.951971638232989	1.01593105423982	1.44676362962303	1.01593105423982	1.13852975367357	1.01593105423982	1.23516193270356
0	0	1.05055014314985	0.950693909432999	0.617360576099665	1.52591422643416	1.19258089310083	1.34926438757315	1.01593105423982	0	0.278470065541656	0	0.912488361175482	0	1.00519215822909	1.10827625302982	0.774942919696489	0	0.781585360479109	0	0.291666666666667	1.22886898685566	0.895535653522329	0	1.02106704119842	0	0.927011982953944	0	0.806979090409952	0	0.603272896580991
0.111803398874990	0.278470065541656	35.4682957019364	1.22916397497465	0.340036762718386	1.80438429197582	1.07004672795163	1.62773445311481	0.745821694508815	0.278470065541656	0	0.278470065541656	29.1547594742265	0.278470065541656	38.0131556174964	1.38674631857148	0.650000000000000	0.278470065541656	20.1246117974981	0.278470065541656	9.21954445729289	1.50733905239732	0.728868986855663	0.278470065541656	31.3049516849971	0.278470065541656	32.0156211871642	0.278470065541656	25.0599281722833	0.278470065541656	21.8403296678416
0.611803398874990	0.611803398874990	1.66235354202484	0.340036762718386	1.22916397497465	1.07004672795163	1.80438429197582	0.745821694508815	1.62773445311481	0.611803398874990	0.890273464416646	0.611803398874990	1.52429176005047	0.611803398874990	1.61699555710408	0.650000000000000	1.38674631857148	0.611803398874990	1.39338875935410	0.611803398874990	0.903470065541656	0.728868986855663	1.50733905239732	0.611803398874990	1.63287044007341	0.611803398874990	1.53881538182893	0.611803398874990	1.41878248928494	0.611803398874990	1.21507629545598
0.745821694508815	0.912488361175482	64.6219776856140	1.86318227060848	0.726722092687432	2.43840258760964	0.575543221661067	2.26175274874863	0.756637297521078	0.912488361175482	29.1547594742265	0.912488361175482	0	0.912488361175482	49.6487663492256	2.02076461420530	1.35323686027244	0.912488361175482	34.1320963317520	0.912488361175482	29.0688837074973	2.14135734803114	1.45773797371133	0.912488361175482	56.5862174031804	0.912488361175482	60.2079728939615	0.912488361175482	54.1294744108974	0.912488361175482	34.4818792991333
1.24582169450882	1.24582169450882	2.29637183765867	0.726722092687432	1.86318227060848	0.575543221661067	2.43840258760964	0.756637297521078	2.26175274874863	1.24582169450882	1.52429176005047	1.24582169450882	2.15831005568430	1.24582169450882	2.25101385273790	1.35323686027244	2.02076461420530	1.24582169450882	2.02740705498792	1.24582169450882	1.53748836117548	1.45773797371133	2.14135734803114	1.24582169450882	2.26688873570724	1.24582169450882	2.17283367746276	1.24582169450882	2.05280078491877	1.24582169450882	1.84909459108981
0.838525491562421	1.00519215822909	49.6487663492256	1.95588606766209	1.28695376762338	2.53110638466325	1.07500000000000	2.35445654580224	1.66000753010340	1.00519215822909	38.0131556174964	1.00519215822909	49.6487663492256	1.00519215822909	0	2.11346841125891	0.879275269753449	1.00519215822909	58.1377674149945	1.00519215822909	29.1547594742265	2.23406114508475	1.15244305716161	1.00519215822909	62.0725382113540	1.00519215822909	38.0788655293195	1.00519215822909	46.2709412050371	1.00519215822909	17.0293863659264
1.33852549156242	1.33852549156242	2.38907563471227	1.28695376762338	1.95588606766209	1.07500000000000	2.53110638466325	1.66000753010340	2.35445654580224	1.33852549156242	1.61699555710408	1.33852549156242	2.25101385273790	1.33852549156242	2.34371764979151	0.879275269753449	2.11346841125891	1.33852549156242	2.12011085204153	1.33852549156242	1.63019215822909	1.15244305716161	2.23406114508475	1.33852549156242	2.35959253276084	1.33852549156242	2.26553747451637	1.33852549156242	2.14550458197237	1.33852549156242	1.94179838814341
0.608276253029822	0.774942919696489	0.369120576505835	1.72563682912949	0.893378419260282	2.30085714613065	1.55322245670091	2.12420730726964	1.31386833434709	0.774942919696489	0.650000000000000	0.774942919696489	1.35323686027244	0.774942919696489	0.879275269753449	1.88321917272631	0	0.774942919696489	0.983933432707722	0.774942919696489	0.640800280898815	2.00381190655215	0.276134025429682	0.774942919696489	0.761577310586391	0.774942919696489	0.152069063257456	0.774942919696489	0.316227766016838	0.774942919696489	0.725000000000000
0	0	1.05055014314985	0.950693909432999	0.617360576099665	1.52591422643416	1.19258089310083	1.34926438757315	1.01593105423982	0	0.278470065541656	0	0.912488361175482	0	1.00519215822909	1.10827625302982	0.774942919696489	0	0.781585360479109	0	0.291666666666667	1.22886898685566	0.895535653522329	0	1.02106704119842	0	0.927011982953944	0	0.806979090409952	0	0.603272896580991
0.614918693812442	0.781585360479109	42.2965719651132	1.73227926991211	0.176776695296637	2.30749958691327	1.36770793665899	2.13084974805226	0.350891721190455	0.781585360479109	20.1246117974981	0.781585360479109	34.1320963317520	0.781585360479109	58.1377674149945	1.88986161350893	0.983933432707722	0.781585360479109	0	0.781585360479109	29.1547594742265	2.01045434733477	0.916856041044613	0.781585360479109	25.0798724079689	0.781585360479109	44.3846820423443	0.781585360479109	31.5753068076939	0.781585360479109	41.7851648315524
1.11491869381244	1.11491869381244	2.16546883696229	0.176776695296637	1.73227926991211	1.36770793665899	2.30749958691327	0.350891721190455	2.13084974805226	1.11491869381244	1.39338875935410	1.11491869381244	2.02740705498792	1.11491869381244	2.12011085204153	0.983933432707722	1.88986161350893	1.11491869381244	1.89650405429155	1.11491869381244	1.40658536047911	0.916856041044613	2.01045434733477	1.11491869381244	2.13598573501086	1.11491869381244	2.04193067676639	1.11491869381244	1.92189778422239	1.11491869381244	1.71819159039343
0.125000000000000	0.291666666666667	38.0131556174964	1.24236057609967	0.559016994374948	1.81758089310083	0.938416218956173	1.64093105423982	0.938416218956173	0.291666666666667	9.21954445729289	0.291666666666667	29.0688837074973	0.291666666666667	29.1547594742265	1.39994291969649	0.640800280898815	0.291666666666667	29.1547594742265	0.291666666666667	0	1.52053565352233	0.800390529679106	0.291666666666667	38.8973006775534	0.291666666666667	31.6227766016838	0.291666666666667	29	0.291666666666667	12.6491106406735
0.625000000000000	0.625000000000000	1.67555014314985	0.559016994374948	1.24236057609967	0.938416218956173	1.81758089310083	0.938416218956173	1.64093105423982	0.625000000000000	0.903470065541656	0.625000000000000	1.53748836117548	0.625000000000000	1.63019215822909	0.640800280898815	1.39994291969649	0.625000000000000	1.40658536047911	0.625000000000000	0.916666666666667	0.800390529679106	1.52053565352233	0.625000000000000	1.64606704119842	0.625000000000000	1.55201198295394	0.625000000000000	1.43197909040995	0.625000000000000	1.22827289658099
0.728868986855663	0.895535653522329	0.158113883008419	1.84622956295533	0.875000000000000	2.42144987995649	1.73817432957687	2.24480004109548	1.26589889011722	0.895535653522329	0.728868986855663	0.895535653522329	1.45773797371133	0.895535653522329	1.15244305716161	2.00381190655215	0.276134025429682	0.895535653522329	0.916856041044613	0.895535653522329	0.800390529679106	2.12440464037799	0	0.895535653522329	0.535023363975817	0.895535653522329	0.279508497187474	0.895535653522329	0.127475487839820	0.895535653522329	0.956882960450232
0	0	1.05055014314985	0.950693909432999	0.617360576099665	1.52591422643416	1.19258089310083	1.34926438757315	1.01593105423982	0	0.278470065541656	0	0.912488361175482	0	1.00519215822909	1.10827625302982	0.774942919696489	0	0.781585360479109	0	0.291666666666667	1.22886898685566	0.895535653522329	0	1.02106704119842	0	0.927011982953944	0	0.806979090409952	0	0.603272896580991
0.854400374531753	1.02106704119842	24.2074368738204	1.97176095063142	0.695071938722892	2.54698126763258	1.84458667456967	2.37033142877157	0.951971638232989	1.02106704119842	31.3049516849971	1.02106704119842	56.5862174031804	1.02106704119842	62.0725382113540	2.12934329422824	0.761577310586391	1.02106704119842	25.0798724079689	1.02106704119842	38.8973006775534	2.24993602805408	0.535023363975817	1.02106704119842	0	1.02106704119842	32.4499614791759	1.02106704119842	17.8885438199983	1.02106704119842	49.6487663492256
1.35440037453175	1.35440037453175	2.40495051768160	0.695071938722892	1.97176095063142	1.84458667456967	2.54698126763258	0.951971638232989	2.37033142877157	1.35440037453175	1.63287044007341	1.35440037453175	2.26688873570724	1.35440037453175	2.35959253276084	0.761577310586391	2.12934329422824	1.35440037453175	2.13598573501086	1.35440037453175	1.64606704119842	0.535023363975817	2.24993602805408	1.35440037453175	2.37546741573017	1.35440037453175	2.28141235748570	1.35440037453175	2.16137946494171	1.35440037453175	1.95767327111274
0.760345316287278	0.927011982953944	12.0415945787923	1.87770589238694	1.03077640640442	2.45292620938810	1.69355395544400	2.27627637052710	1.44676362962303	0.927011982953944	32.0156211871642	0.927011982953944	60.2079728939615	0.927011982953944	38.0788655293195	2.03528823598377	0.152069063257456	0.927011982953944	44.3846820423443	0.927011982953944	31.6227766016838	2.15588096980961	0.279508497187474	0.927011982953944	32.4499614791759	0.927011982953944	0	0.927011982953944	14.8660687473185	0.927011982953944	34.0587727318528
1.26034531628728	1.26034531628728	2.31089545943713	1.03077640640442	1.87770589238694	1.69355395544400	2.45292620938810	1.44676362962303	2.27627637052710	1.26034531628728	1.53881538182893	1.26034531628728	2.17283367746276	1.26034531628728	2.26553747451637	0.152069063257456	2.03528823598377	1.26034531628728	2.04193067676639	1.26034531628728	1.55201198295394	0.279508497187474	2.15588096980961	1.26034531628728	2.28141235748570	1.26034531628728	2.18735729924122	1.26034531628728	2.06732440669723	1.26034531628728	1.86361821286827
0.640312423743285	0.806979090409952	11.0453610171873	1.75767299984295	0.750416550990182	2.33289331684411	1.66207701385947	2.15624347798310	1.13852975367357	0.806979090409952	25.0599281722833	0.806979090409952	54.1294744108974	0.806979090409952	46.2709412050371	1.91525534343977	0.316227766016838	0.806979090409952	31.5753068076939	0.806979090409952	29	2.03584807726561	0.127475487839820	0.806979090409952	17.8885438199983	0.806979090409952	14.8660687473185	0.806979090409952	0	0.806979090409952	36.6742416417845
1.14031242374329	1.14031242374329	2.19086256689314	0.750416550990182	1.75767299984295	1.66207701385947	2.33289331684411	1.13852975367357	2.15624347798310	1.14031242374329	1.41878248928494	1.14031242374329	2.05280078491877	1.14031242374329	2.14550458197237	0.316227766016838	1.91525534343977	1.14031242374329	1.92189778422239	1.14031242374329	1.43197909040995	0.127475487839820	2.03584807726561	1.14031242374329	2.16137946494171	1.14031242374329	2.06732440669723	1.14031242374329	1.94729151415324	1.14031242374329	1.74358532032428
0.436606229914325	0.603272896580991	43.4165866921848	1.55396680601399	0.873212459828649	2.12918712301515	0.863495801958527	1.95253728415414	1.23516193270356	0.603272896580991	21.8403296678416	0.603272896580991	34.4818792991333	0.603272896580991	17.0293863659264	1.71154914961081	0.725000000000000	0.603272896580991	41.7851648315524	0.603272896580991	12.6491106406735	1.83214188343665	0.956882960450232	0.603272896580991	49.6487663492256	0.603272896580991	34.0587727318528	0.603272896580991	36.6742416417845	0.603272896580991	0
0.936606229914325	0.936606229914325	1.98715637306418	0.873212459828649	1.55396680601399	0.863495801958527	2.12918712301515	1.23516193270356	1.95253728415414	0.936606229914325	1.21507629545598	0.936606229914325	1.84909459108981	0.936606229914325	1.94179838814341	0.725000000000000	1.71154914961081	0.936606229914325	1.71819159039343	0.936606229914325	1.22827289658099	0.956882960450232	1.83214188343665	0.936606229914325	1.95767327111274	0.936606229914325	1.86361821286827	0.936606229914325	1.74358532032428	0.936606229914325	1.53987912649532


tasktime
0
1.55055014314985
0.166666666666667
0.166666666666667
1.11736057609967
0.166666666666667
1.69258089310083
0.166666666666667
1.51593105423982
0.778470065541656
0.166666666666667
1.41248836117548
0.166666666666667
1.50519215822909
0.166666666666667
0.166666666666667
1.27494291969649
1.28158536047911
0.166666666666667
0.791666666666667
0.166666666666667
0.166666666666667
1.39553565352233
1.52106704119842
0.166666666666667
1.42701198295394
0.166666666666667
1.30697909040995
0.166666666666667
1.10327289658099
0.166666666666667


1
2	4	1	0	1
5	2	4	0	0
6	2	4	0	0
7	2	4	0	0
2	8	1	0	1
2	9	1	0	1
2	10	1	0	1
11	2	4	0	0
2	12	1	0	1
2	13	1	0	1
14	2	4	0	0
2	15	1	0	1
2	16	1	0	1
2	17	1	0	1
2	18	1	0	1


2
4	3	2	0	0
3	5	3	0	1
3	6	3	0	1
3	7	3	0	1
8	3	2	0	0
9	3	2	0	0
10	3	2	0	0
3	11	3	0	1
12	3	2	0	0
13	3	2	0	0
3	14	3	0	1
15	3	2	0	0
16	3	2	0	0
17	3	2	0	0
18	3	2	0	0



linktime1
0	0	0.450693909432999	1.02591422643416	0.849264387573152	0	0	0	0.608276253029822	0	0	0.728868986855663	0	0	0	0
0.883883476483184	1.05055014314985	1.02621878758869	1.88580221656461	1.40801278403287	1.05055014314985	1.05055014314985	1.05055014314985	0.369120576505835	1.05055014314985	1.05055014314985	0.158113883008419	1.05055014314985	1.05055014314985	1.05055014314985	1.05055014314985
0	0	0.617360576099665	1.19258089310083	1.01593105423982	0	0	0	0.774942919696489	0	0	0.895535653522329	0	0	0	0
0	0	0.617360576099665	1.19258089310083	1.01593105423982	0	0	0	0.774942919696489	0	0	0.895535653522329	0	0	0	0
0	0	0.617360576099665	1.19258089310083	1.01593105423982	0	0	0	0.774942919696489	0	0	0.895535653522329	0	0	0	0
0.111803398874990	0.278470065541656	0.340036762718386	1.07004672795163	0.745821694508815	0.278470065541656	0.278470065541656	0.278470065541656	0.650000000000000	0.278470065541656	0.278470065541656	0.728868986855663	0.278470065541656	0.278470065541656	0.278470065541656	0.278470065541656
0.745821694508815	0.912488361175482	0.726722092687432	0.575543221661067	0.756637297521078	0.912488361175482	0.912488361175482	0.912488361175482	1.35323686027244	0.912488361175482	0.912488361175482	1.45773797371133	0.912488361175482	0.912488361175482	0.912488361175482	0.912488361175482
0.838525491562421	1.00519215822909	1.28695376762338	1.07500000000000	1.66000753010340	1.00519215822909	1.00519215822909	1.00519215822909	0.879275269753449	1.00519215822909	1.00519215822909	1.15244305716161	1.00519215822909	1.00519215822909	1.00519215822909	1.00519215822909
0	0	0.617360576099665	1.19258089310083	1.01593105423982	0	0	0	0.774942919696489	0	0	0.895535653522329	0	0	0	0
0.614918693812442	0.781585360479109	0.176776695296637	1.36770793665899	0.350891721190455	0.781585360479109	0.781585360479109	0.781585360479109	0.983933432707722	0.781585360479109	0.781585360479109	0.916856041044613	0.781585360479109	0.781585360479109	0.781585360479109	0.781585360479109
0.125000000000000	0.291666666666667	0.559016994374948	0.938416218956173	0.938416218956173	0.291666666666667	0.291666666666667	0.291666666666667	0.640800280898815	0.291666666666667	0.291666666666667	0.800390529679106	0.291666666666667	0.291666666666667	0.291666666666667	0.291666666666667
0	0	0.617360576099665	1.19258089310083	1.01593105423982	0	0	0	0.774942919696489	0	0	0.895535653522329	0	0	0	0
0.854400374531753	1.02106704119842	0.695071938722892	1.84458667456967	0.951971638232989	1.02106704119842	1.02106704119842	1.02106704119842	0.761577310586391	1.02106704119842	1.02106704119842	0.535023363975817	1.02106704119842	1.02106704119842	1.02106704119842	1.02106704119842
0.760345316287278	0.927011982953944	1.03077640640442	1.69355395544400	1.44676362962303	0.927011982953944	0.927011982953944	0.927011982953944	0.152069063257456	0.927011982953944	0.927011982953944	0.279508497187474	0.927011982953944	0.927011982953944	0.927011982953944	0.927011982953944
0.640312423743285	0.806979090409952	0.750416550990182	1.66207701385947	1.13852975367357	0.806979090409952	0.806979090409952	0.806979090409952	0.316227766016838	0.806979090409952	0.806979090409952	0.127475487839820	0.806979090409952	0.806979090409952	0.806979090409952	0.806979090409952
0.436606229914325	0.603272896580991	0.873212459828649	0.863495801958527	1.23516193270356	0.603272896580991	0.603272896580991	0.603272896580991	0.725000000000000	0.603272896580991	0.603272896580991	0.956882960450232	0.603272896580991	0.603272896580991	0.603272896580991	0.603272896580991

tasktime1
0
1.55055014314985
1.11736057609967
1.69258089310083
1.51593105423982
0.778470065541656
1.41248836117548
1.50519215822909
1.27494291969649
1.28158536047911
0.791666666666667
1.39553565352233
1.52106704119842
1.42701198295394
1.30697909040995
1.10327289658099


linktime2
0	0.883883476483184	0.950693909432999	1.52591422643416	1.34926438757315	0.111803398874990	0.745821694508815	0.838525491562421	1.10827625302982	0.614918693812442	0.125000000000000	1.22886898685566	0.854400374531753	0.760345316287278	0.640312423743285	0.436606229914325
1.38388347648318	2.43443361963304	1.02621878758869	1.88580221656461	1.40801278403287	1.66235354202484	2.29637183765867	2.38907563471227	0.369120576505835	2.16546883696229	1.67555014314985	0.158113883008419	2.40495051768160	2.31089545943713	2.19086256689314	1.98715637306418
0.450693909432999	1.02621878758869	1.56805448553266	2.14327480253383	1.96662496367282	0.340036762718386	0.726722092687432	1.28695376762338	1.72563682912949	0.176776695296637	0.559016994374948	1.84622956295533	0.695071938722892	1.03077640640442	0.750416550990182	0.873212459828649
1.02591422643416	1.88580221656461	2.14327480253383	2.71849511953499	2.54184528067398	1.07004672795163	0.575543221661067	1.07500000000000	2.30085714613065	1.36770793665899	0.938416218956173	2.42144987995649	1.84458667456967	1.69355395544400	1.66207701385947	0.863495801958527
0.849264387573152	1.40801278403287	1.96662496367282	2.54184528067398	2.36519544181297	0.745821694508815	0.756637297521078	1.66000753010340	2.12420730726964	0.350891721190455	0.938416218956173	2.24480004109548	0.951971638232989	1.44676362962303	1.13852975367357	1.23516193270356
0.611803398874990	1.66235354202484	0.340036762718386	1.07004672795163	0.745821694508815	0.890273464416646	1.52429176005047	1.61699555710408	0.650000000000000	1.39338875935410	0.903470065541656	0.728868986855663	1.63287044007341	1.53881538182893	1.41878248928494	1.21507629545598
1.24582169450882	2.29637183765867	0.726722092687432	0.575543221661067	0.756637297521078	1.52429176005047	2.15831005568430	2.25101385273790	1.35323686027244	2.02740705498792	1.53748836117548	1.45773797371133	2.26688873570724	2.17283367746276	2.05280078491877	1.84909459108981
1.33852549156242	2.38907563471227	1.28695376762338	1.07500000000000	1.66000753010340	1.61699555710408	2.25101385273790	2.34371764979151	0.879275269753449	2.12011085204153	1.63019215822909	1.15244305716161	2.35959253276084	2.26553747451637	2.14550458197237	1.94179838814341
0.608276253029822	0.369120576505835	1.72563682912949	2.30085714613065	2.12420730726964	0.650000000000000	1.35323686027244	0.879275269753449	1.88321917272631	0.983933432707722	0.640800280898815	2.00381190655215	0.761577310586391	0.152069063257456	0.316227766016838	0.725000000000000
1.11491869381244	2.16546883696229	0.176776695296637	1.36770793665899	0.350891721190455	1.39338875935410	2.02740705498792	2.12011085204153	0.983933432707722	1.89650405429155	1.40658536047911	0.916856041044613	2.13598573501086	2.04193067676639	1.92189778422239	1.71819159039343
0.625000000000000	1.67555014314985	0.559016994374948	0.938416218956173	0.938416218956173	0.903470065541656	1.53748836117548	1.63019215822909	0.640800280898815	1.40658536047911	0.916666666666667	0.800390529679106	1.64606704119842	1.55201198295394	1.43197909040995	1.22827289658099
0.728868986855663	0.158113883008419	1.84622956295533	2.42144987995649	2.24480004109548	0.728868986855663	1.45773797371133	1.15244305716161	2.00381190655215	0.916856041044613	0.800390529679106	2.12440464037799	0.535023363975817	0.279508497187474	0.127475487839820	0.956882960450232
1.35440037453175	2.40495051768160	0.695071938722892	1.84458667456967	0.951971638232989	1.63287044007341	2.26688873570724	2.35959253276084	0.761577310586391	2.13598573501086	1.64606704119842	0.535023363975817	2.37546741573017	2.28141235748570	2.16137946494171	1.95767327111274
1.26034531628728	2.31089545943713	1.03077640640442	1.69355395544400	1.44676362962303	1.53881538182893	2.17283367746276	2.26553747451637	0.152069063257456	2.04193067676639	1.55201198295394	0.279508497187474	2.28141235748570	2.18735729924122	2.06732440669723	1.86361821286827
1.14031242374329	2.19086256689314	0.750416550990182	1.66207701385947	1.13852975367357	1.41878248928494	2.05280078491877	2.14550458197237	0.316227766016838	1.92189778422239	1.43197909040995	0.127475487839820	2.16137946494171	2.06732440669723	1.94729151415324	1.74358532032428
0.936606229914325	1.98715637306418	0.873212459828649	0.863495801958527	1.23516193270356	1.21507629545598	1.84909459108981	1.94179838814341	0.725000000000000	1.71819159039343	1.22827289658099	0.956882960450232	1.95767327111274	1.86361821286827	1.74358532032428	1.53987912649532


tasktime2
0
0.166666666666667
0.166666666666667
0.166666666666667
0.166666666666667
0.166666666666667
0.166666666666667
0.166666666666667
0.166666666666667
0.166666666666667
0.166666666666667
0.166666666666667
0.166666666666667
0.166666666666667
0.166666666666667
0.166666666666667