最优解：777.578761835334
最优解路径:

Best_route =

     3    10     4     0     0     0     0     0     0     0     0     0     0
     9     5     6    11    12     1     7     2     8     0     0     0     0

本次运算用时:15.814秒
算法在第19代时收敛

best
826.558081764769
799.780772630781
799.780772630781
778.442677078792
778.442677078792
778.442677078792
778.442677078792
778.442677078792
778.442677078792
778.442677078792
778.442677078792
778.442677078792
778.442677078792
778.442677078792
778.442677078792
778.442677078792
778.442677078792
778.442677078792
777.578761835334
777.578761835334
777.578761835334
777.578761835334
777.578761835334
777.578761835334
777.578761835334
777.578761835334
777.578761835334
777.578761835334
777.578761835334
777.578761835334
777.578761835334
777.578761835334
777.578761835334
777.578761835334
777.578761835334
777.578761835334
777.578761835334
777.578761835334
777.578761835334
777.578761835334
777.578761835334
777.578761835334
777.578761835334
777.578761835334
777.578761835334
777.578761835334
777.578761835334
777.578761835334
777.578761835334
777.578761835334
777.578761835334
777.578761835334
777.578761835334
777.578761835334
777.578761835334
777.578761835334
777.578761835334
777.578761835334
777.578761835334
777.578761835334
777.578761835334
777.578761835334
777.578761835334
777.578761835334
777.578761835334
777.578761835334
777.578761835334
777.578761835334
777.578761835334
777.578761835334
777.578761835334
777.578761835334
777.578761835334
777.578761835334
777.578761835334
777.578761835334
777.578761835334
777.578761835334
777.578761835334
777.578761835334
777.578761835334
777.578761835334
777.578761835334
777.578761835334
777.578761835334
777.578761835334
777.578761835334
777.578761835334
777.578761835334
777.578761835334
777.578761835334
777.578761835334
777.578761835334
777.578761835334
777.578761835334
777.578761835334
777.578761835334
777.578761835334
777.578761835334
777.578761835334
777.578761835334
777.578761835334
777.578761835334
777.578761835334
777.578761835334
777.578761835334
777.578761835334
777.578761835334
777.578761835334
777.578761835334
777.578761835334
777.578761835334
777.578761835334
777.578761835334
777.578761835334
777.578761835334
777.578761835334
777.578761835334
777.578761835334
777.578761835334
777.578761835334
777.578761835334
777.578761835334
777.578761835334
777.578761835334
777.578761835334
777.578761835334
777.578761835334
777.578761835334
777.578761835334
777.578761835334
777.578761835334
777.578761835334
777.578761835334
777.578761835334
777.578761835334
777.578761835334
777.578761835334
777.578761835334
777.578761835334
777.578761835334
777.578761835334
777.578761835334
777.578761835334
777.578761835334
777.578761835334
777.578761835334
777.578761835334
777.578761835334
777.578761835334
777.578761835334
777.578761835334
777.578761835334
777.578761835334
777.578761835334
777.578761835334
777.578761835334
777.578761835334
777.578761835334
777.578761835334
777.578761835334
777.578761835334
777.578761835334
777.578761835334
777.578761835334
777.578761835334
777.578761835334
777.578761835334
777.578761835334
777.578761835334
777.578761835334
777.578761835334
777.578761835334
777.578761835334
777.578761835334
777.578761835334
777.578761835334
777.578761835334
777.578761835334
777.578761835334
777.578761835334
777.578761835334
777.578761835334
777.578761835334
777.578761835334
777.578761835334
777.578761835334
777.578761835334
777.578761835334
777.578761835334
777.578761835334
777.578761835334
777.578761835334
777.578761835334
777.578761835334
777.578761835334
777.578761835334
777.578761835334
777.578761835334
777.578761835334

ave
1040.34113906439
994.092302111762
985.633456227956
979.002169755407
1067.30163544867
1035.33764016410
1126.04476894629
1010.23173390464
1013.77787849253
918.279157233487
1064.51243986629
1086.46620063575
1062.40437961311
1068.56889879928
1082.48782477818
1062.33903454988
1068.38412592558
1134.68969068142
1115.99077675472
1079.85637679716
1007.19167295980
1001.18719398044
930.359958851870
905.550518343457
949.895723009645
910.924752260882
891.879671080292
920.757174272059
910.181273772703
929.902900810647
912.386322669219
929.908824943838
883.182238199472
925.104683741296
889.307673955261
879.556918906268
899.401763364990
939.600731952399
973.696186382261
932.781732076449
877.837360342111
933.531752581371
931.101107265557
873.710306845351
871.709785049869
868.507333973858
936.463655871391
908.612163466633
888.892938789843
887.508259152202
899.937825544113
910.788706505589
888.892938789843
954.717723331265
933.531752581371
841.376403046541
856.735627969013
941.461353303438
907.201187587963
854.314153697459
875.564157459109
862.235376128375
904.843746328166
888.045660429807
862.275404793658
861.710810598144
858.854121224049
872.097097650943
844.254124998315
867.588753689948
887.454077813956
868.441452975014
860.204932536637
890.923382381581
857.719268954057
857.954782851849
876.612603650637
839.423768313740
850.790667791589
891.679690001642
868.771918921649
859.613349920787
877.545212350920
873.535958626830
868.343049001419
876.411435819145
860.204932536637
865.554484473050
883.875255616936
846.284568590053
861.123512820548
860.728934765450
870.466475641722
849.839819393381
911.380289121440
871.112239595818
896.279004702612
927.065300761614
871.112927725913
843.406846638279
871.058058257572
862.959101176051
875.040428045659
866.999415833556
861.643793512524
889.484521405694
845.894153805694
852.453783486555
857.904409918480
937.001057148996
865.302614354025
903.582915774861
870.018606252652
909.299248049399
860.204932536637
902.886885902421
868.180336305799
895.486595810917
826.017178124069
860.204932536637
881.509117636533
849.943389431553
913.853388562675
865.156612196594
892.096447459320
864.536429047200
872.094852891485
884.462545019649
876.208440982859
847.723429565940
888.941450368301
858.174488944900
858.766071560751
863.102762756229
876.052170036788
867.801731146029
873.818731608763
893.929164941722
847.131846950089
917.058921652788
894.628448516327
877.594601050847
843.357457938352
862.187904009155
912.207633304413
907.469075691194
889.735053095648
844.254124998315
874.972574843258
828.894900075843
844.254124998315
867.588753689948
881.533763687921
878.898352965438
866.808492415531
872.178169655272
853.056872950449
857.327210584864
846.422830359130
878.817794947831
867.588753689948
897.587985783222
869.643517662745
849.162290541827
847.270765743661
901.549930314330
932.171681816236
857.194346283026
876.732314215021
880.070256660646
904.053363357198
869.718902165555
853.116522907720
847.723429565940
858.766071560751
874.613309060901
875.105455436392
860.204932536637
904.843746328166
852.229528767476
892.952844621504
884.978422204157
879.328137004089
855.523723549652
881.908099199098
875.564157459109
837.856500998612
912.819150097327
889.613676912241
891.549656728337
894.917691883031
905.730740468410
836.870303845005
841.376403046541
872.097097650943
862.373637897452
857.327210584864
868.371956007269
890.923382381581
870.466475641722