最优解为:778.4427
最优解路径:

Best_route =

     3    11    12     1     5     7     2     6     8     0     0     0     0
     9    10     4     0     0     0     0     0     0     0     0     0     0

本次运算用时:6.203秒
算法在第4代时收敛

best
826.017178124069
826.017178124069
791.267033092876
778.442677078792
778.442677078792
778.442677078792
778.442677078792
778.442677078792
778.442677078792
778.442677078792
778.442677078792
778.442677078792
778.442677078792
778.442677078792
778.442677078792
778.442677078792
778.442677078792
778.442677078792
778.442677078792
778.442677078792
778.442677078792
778.442677078792
778.442677078792
778.442677078792
778.442677078792
778.442677078792
778.442677078792
778.442677078792
778.442677078792
778.442677078792
778.442677078792
778.442677078792
778.442677078792
778.442677078792
778.442677078792
778.442677078792
778.442677078792
778.442677078792
778.442677078792
778.442677078792
778.442677078792
778.442677078792
778.442677078792
778.442677078792
778.442677078792
778.442677078792
778.442677078792
778.442677078792
778.442677078792
778.442677078792
778.442677078792
778.442677078792
778.442677078792
778.442677078792
778.442677078792
778.442677078792
778.442677078792
778.442677078792
778.442677078792
778.442677078792
778.442677078792
778.442677078792
778.442677078792
778.442677078792
778.442677078792
778.442677078792
778.442677078792
778.442677078792
778.442677078792
778.442677078792
778.442677078792
778.442677078792
778.442677078792
778.442677078792
778.442677078792
778.442677078792
778.442677078792
778.442677078792
778.442677078792
778.442677078792
778.442677078792
778.442677078792
778.442677078792
778.442677078792
778.442677078792
778.442677078792
778.442677078792
778.442677078792
778.442677078792
778.442677078792
778.442677078792
778.442677078792
778.442677078792
778.442677078792
778.442677078792
778.442677078792
778.442677078792
778.442677078792
778.442677078792
778.442677078792
778.442677078792
778.442677078792
778.442677078792
778.442677078792
778.442677078792
778.442677078792
778.442677078792
778.442677078792
778.442677078792
778.442677078792
778.442677078792
778.442677078792
778.442677078792
778.442677078792
778.442677078792
778.442677078792
778.442677078792
778.442677078792
778.442677078792
778.442677078792
778.442677078792
778.442677078792
778.442677078792
778.442677078792
778.442677078792
778.442677078792
778.442677078792
778.442677078792
778.442677078792
778.442677078792
778.442677078792
778.442677078792
778.442677078792
778.442677078792
778.442677078792
778.442677078792
778.442677078792
778.442677078792
778.442677078792
778.442677078792
778.442677078792
778.442677078792
778.442677078792
778.442677078792
778.442677078792
778.442677078792
778.442677078792
778.442677078792
778.442677078792
778.442677078792
778.442677078792
778.442677078792
778.442677078792
778.442677078792
778.442677078792
778.442677078792
778.442677078792
778.442677078792
778.442677078792
778.442677078792
778.442677078792
778.442677078792
778.442677078792
778.442677078792
778.442677078792
778.442677078792
778.442677078792
778.442677078792
778.442677078792
778.442677078792
778.442677078792
778.442677078792
778.442677078792
778.442677078792
778.442677078792
778.442677078792
778.442677078792
778.442677078792
778.442677078792
778.442677078792
778.442677078792
778.442677078792
778.442677078792
778.442677078792
778.442677078792
778.442677078792
778.442677078792
778.442677078792
778.442677078792
778.442677078792
778.442677078792
778.442677078792
778.442677078792
778.442677078792
778.442677078792
778.442677078792
778.442677078792
778.442677078792
778.442677078792
778.442677078792

ave
1014.73922573354
982.644521544218
1050.39387860810
994.825388493510
1024.78571963800
1019.21033187675
968.088712776165
968.709253458169
957.513481906581
950.632597111720
975.235035161050
972.537494702008
1002.39429164181
1004.98961011131
948.428447470180
903.266000371047
898.452140900457
947.771300565300
970.398611849881
972.417040615715
994.037349247738
1042.17385992267
1085.58551777593
1042.93706222501
1011.96555338319
1026.97552741572
1057.27936171597
1003.70861866698
1046.25400251155
1080.73036989321
1039.60256858204
1036.72476904406
1109.83864820210
1016.45469308533
1065.16101907469
1063.87062362476
1037.45129045658
1033.34620887049
1093.50372702044
1036.95594722205
1061.12931842779
1089.00305018602
1055.82039351096
1033.14531461906
1054.02877384807
1053.72150065813
990.342997803126
1036.37365551485
1046.14059900370
992.743725428847
1039.23101241264
1065.64492025763
1005.13695740394
1020.14332230063
1022.02006089229
1006.50242111093
1027.54717777557
1031.82129688510
866.563877415267
902.343942796356
904.739304603345
879.728229673535
887.078953849677
861.835554545859
861.358856359648
873.766030700865
852.717541345155
912.072077572366
902.270765011076
887.603832448951
853.672627771521
874.237648895508
881.845004508198
867.539552958838
892.951150130096
862.480770877659
859.357654176601
851.601681935099
854.537152921863
873.278018123186
872.890963629011
860.204932536637
856.160482044534
874.125296483222
876.787351356094
889.069531767823
864.278678647638
838.117448002007
869.884021357703
887.856144155931
857.076306193364
837.116104884720
841.376403046541
861.643793512524
869.619197281686
923.501366204173
858.766071560751
867.945305830251
859.613349920787
867.780373391418
831.117786774903
867.935240965348
896.868342559004
877.594601050847
877.003018434996
866.741475329912
886.845689573627
920.202971250637
902.382862969405
922.233414842375
923.080693202411
869.107613310316
893.801104333355
898.898786150742
858.766071560751
855.890453036571
881.405547598361
841.186886772665
886.313713141872
861.697974850770
845.692985974202
828.244578351655
862.239027705219
886.139642646976
853.668389743363
866.741475329912
871.905336617609
872.686435507335
880.539340088241
872.823916901519
888.146981782166
904.945181773408
920.794553866488
882.562903527459
838.723899986310
877.594601050847
859.613349920787
879.551935360104
888.637243045658
885.466434781836
847.915872673262
860.204932536637
859.613349920787
854.451592060684
865.302614354025
878.441879410883
876.155740074960
887.167235832790
863.164677829211
891.770660741617
878.042057828367
858.006842864013
864.360029723641
858.580114973599
858.766071560750
841.060567277290
867.588753689948
887.408274766861
873.278018123186
842.366967224957
868.771918921650
892.362243357468
921.189168404246
850.947638793113
860.343194305714
868.253359245606
866.149892714061
894.535528573977
867.656606892348
914.258011073214
871.721874499355
869.027614665835
856.546111695137
886.678399849259
888.045660429807
866.741475329912
868.152835617203
859.357654176601
889.947351255679
877.160565066039
887.331305254418
876.091112008303
862.373637897452
917.155841292806
874.451083200925
879.034706051514
870.210779897536
889.676141107164
866.326485692041
865.302614354025
852.229528767476
888.045660429807
894.652459600758
873.533713867371
851.382250407440
878.007736640780
913.666428457363
915.922222909346
870.250808562819
859.752268714359