最优解为:777.5788
最优解路径:

Best_route =

     9    11    12     1     7     2     5     6     8     0     0     0     0
     3    10     4     0     0     0     0     0     0     0     0     0     0

本次运算用时:19.766秒
算法在第12代时收敛

best
798.472512186879
798.472512186879
798.472512186879
798.472512186879
798.472512186879
798.472512186879
798.472512186879
798.472512186879
798.472512186879
798.472512186879
798.472512186879
777.578761835334
777.578761835334
777.578761835334
777.578761835334
777.578761835334
777.578761835334
777.578761835334
777.578761835334
777.578761835334
777.578761835334
777.578761835334
777.578761835334
777.578761835334
777.578761835334
777.578761835334
777.578761835334
777.578761835334
777.578761835334
777.578761835334
777.578761835334
777.578761835334
777.578761835334
777.578761835334
777.578761835334
777.578761835334
777.578761835334
777.578761835334
777.578761835334
777.578761835334
777.578761835334
777.578761835334
777.578761835334
777.578761835334
777.578761835334
777.578761835334
777.578761835334
777.578761835334
777.578761835334
777.578761835334
777.578761835334
777.578761835334
777.578761835334
777.578761835334
777.578761835334
777.578761835334
777.578761835334
777.578761835334
777.578761835334
777.578761835334
777.578761835334
777.578761835334
777.578761835334
777.578761835334
777.578761835334
777.578761835334
777.578761835334
777.578761835334
777.578761835334
777.578761835334
777.578761835334
777.578761835334
777.578761835334
777.578761835334
777.578761835334
777.578761835334
777.578761835334
777.578761835334
777.578761835334
777.578761835334
777.578761835334
777.578761835334
777.578761835334
777.578761835334
777.578761835334
777.578761835334
777.578761835334
777.578761835334
777.578761835334
777.578761835334
777.578761835334
777.578761835334
777.578761835334
777.578761835334
777.578761835334
777.578761835334
777.578761835334
777.578761835334
777.578761835334
777.578761835334
777.578761835334
777.578761835334
777.578761835334
777.578761835334
777.578761835334
777.578761835334
777.578761835334
777.578761835334
777.578761835334
777.578761835334
777.578761835334
777.578761835334
777.578761835334
777.578761835334
777.578761835334
777.578761835334
777.578761835334
777.578761835334
777.578761835334
777.578761835334
777.578761835334
777.578761835334
777.578761835334
777.578761835334
777.578761835334
777.578761835334
777.578761835334
777.578761835334
777.578761835334
777.578761835334
777.578761835334
777.578761835334
777.578761835334
777.578761835334
777.578761835334
777.578761835334
777.578761835334
777.578761835334
777.578761835334
777.578761835334
777.578761835334
777.578761835334
777.578761835334
777.578761835334
777.578761835334
777.578761835334
777.578761835334
777.578761835334
777.578761835334
777.578761835334
777.578761835334
777.578761835334
777.578761835334
777.578761835334
777.578761835334
777.578761835334
777.578761835334
777.578761835334
777.578761835334
777.578761835334
777.578761835334
777.578761835334
777.578761835334
777.578761835334
777.578761835334
777.578761835334
777.578761835334
777.578761835334
777.578761835334
777.578761835334
777.578761835334
777.578761835334
777.578761835334
777.578761835334
777.578761835334
777.578761835334
777.578761835334
777.578761835334
777.578761835334
777.578761835334
777.578761835334
777.578761835334
777.578761835334
777.578761835334
777.578761835334
777.578761835334
777.578761835334
777.578761835334
777.578761835334
777.578761835334
777.578761835334
777.578761835334
777.578761835334
777.578761835334
777.578761835334
777.578761835334
777.578761835334
777.578761835334
777.578761835334
777.578761835334

ave
993.975329870445
1029.79872039657
1039.60204881651
992.895128228139
990.468722987332
1093.15950297552
1075.48811855734
1084.93212265881
1085.00354335657
1044.48762190001
1116.45578431809
1035.27702027596
1073.42132174970
1076.59947675861
1065.00153419419
1093.28009622940
1062.60318154087
1041.42222789147
1054.03767136199
1034.91011546125
1095.02841521419
1039.50726128467
1017.65642263838
1027.33873732203
1026.29011495533
988.718107978369
919.869172262121
906.144979033367
884.143305094235
918.949378351423
921.946051748139
902.239330361247
858.715845841475
920.858522328666
897.632456628429
920.155029565268
896.227082219231
875.077851340585
890.393365937793
886.476593510080
870.552608714961
898.062596105455
859.016893296051
863.938090431664
831.063605436658
873.955888477164
907.879219656357
850.899030468080
867.098390733278
861.895663631549
868.717867198047
897.591866143823
879.693560258514
874.125296483222
861.697974850770
887.063540131524
909.751911871677
874.125296483222
877.773237018258
873.533713867371
865.363003777573
886.643431516981
898.946149746055
897.459925174855
884.386839588306
893.545408589170
870.486583909539
860.204932536638
874.125296483222
874.697231090854
858.920461404838
846.039473249602
894.722709751617
911.751019051175
874.972574843259
841.389170134882
858.766071560750
936.812378490431
877.003018434996
900.928666441062
861.052210896674
875.564157459109
853.668389743363
868.180336305799
892.773238180388
866.741475329912
894.719684617265
882.692282868234
850.790667791589
844.778127227128
871.804194598518
891.256525976260
884.131143844121
874.972574843258
906.681588866618
841.186886772665
870.466475641722
873.128530514593
896.380679705285
869.027614665835
850.009568901863
866.741475329912
842.099926631360
854.131219593348
868.442676516118
844.654507894408
874.125296483222
866.149892714061
844.254124998315
850.238800955946
856.546111695137
854.985951589839
852.229528767476
900.848077278162
906.339502693121
874.497634649343
876.119187122407
859.613349920787
837.901760333931
857.327210584864
857.327210584864
831.063605436658
846.284568590053
877.003018434996
880.933971712054
872.320071783027
896.753804021287
827.456039099956
847.457725848973
881.509117636533
853.949937330820
885.425878981677
873.533713867372
873.690684868896
898.923106531801
860.707484137375
882.358640756027
847.073107841752
836.870303845005
881.509117636533
875.564157459109
875.948599998616
852.229528767476
873.935780209347
852.229528767476
836.870303845004
883.040467454492
879.516811580737
869.619197281686
861.643793512524
896.868342559004
906.617468580525
890.331799765730
890.060095946239
860.204932536637
896.804309547248
862.288077036273
927.441615141543
853.807308536935
893.801104333355
870.716853830145
881.971947486518
861.721712068636
884.466838232787
865.625053812547
835.431442869117
887.454077813956
870.466475641722
871.905336617609
866.741475329912
883.594430696611
839.224296383328
906.179037265880
877.614709318665
875.039318557596
892.850255935146
938.667167171181
872.863028485315
853.668389743363
863.082654488411
830.732742614295
866.149892714061
913.666428457363
863.871193740110
896.624108684349
872.780044219383
900.825659704308
828.894900075843
851.382250407440
850.790667791589
873.957309946254
874.741525150462
853.736242945763
836.870303845004
873.533713867371
866.149892714061
880.020867960719
838.102699830670
909.751911871677
865.554484473050