实验环境：
VeiNum = 2
Q_ant =130（空重箱分开时，70）
AntNum = 25 
iter_max = 200

cus：
40	50
40	50
40	50
30	30
92	30
38	70
0	40
60	85
38	15

task：
3	4	3	0	1
4	2	4	1	0
2	5	1	0	1
5	3	2	3	0
3	6	3	0	1
6	2	4	5	0
2	7	1	0	1
7	3	2	7	0
3	8	3	0	1
8	2	4	9	0
2	9	1	0	1
9	3	2	11	0


抽取的客户节点编号为

Cus_select =

    45    73     9    38    97    59

各任务对应的的客户节点编号为

Task_Cus =

    45    73     9    38    97    59


Task_size: 12

vNum:2

Tasktime:
0
0.166666666666667
1.22568366104161
2.05950549438508
0.166666666666667
0.166666666666667
1.16916044772271
1.69744307307108
0.166666666666667
0.166666666666667
1.67444888520399
1.54309407381457
0.166666666666667

Linktime:
0	1.05901699437495	0.559016994374948	0	1.39283882771841	1.00249378105604	0.502493781056045	0	1.03077640640442	1.50778221853732	1.00778221853732	0	0.876427407147905
0.559016994374948	1.78470065541656	0	0.725683661041614	1.55000000000000	1.72817744209766	1.01980390271856	0.725683661041614	0.790569415042095	2.23346587957893	1.56624551076771	0.725683661041614	0.425000000000000
0	1.05901699437495	0.725683661041614	0	1.55950549438508	1.00249378105604	0.669160447722711	0	1.19744307307108	1.50778221853732	1.17444888520399	0	1.04309407381457
1.39283882771841	2.61852248876003	1.55000000000000	1.55950549438508	0	2.56199927544112	1.68002976164114	1.55950549438508	92.5418824100742	3.06728771292240	1.59079382699330	1.55950549438508	56.0446250768082
1.89283882771841	1.55000000000000	2.61852248876003	1.89283882771841	3.45234432210349	1.68002976164114	2.56199927544112	1.89283882771841	3.09028190078949	1.59079382699330	3.06728771292240	1.89283882771841	2.93593290153298
0.502493781056045	1.72817744209766	1.01980390271856	0.669160447722711	1.68002976164114	1.67165422877876	0	0.669160447722711	1.21037184369102	2.17694266626003	0.665676347784717	0.669160447722711	1.37500000000000
0	1.05901699437495	0.725683661041614	0	1.55950549438508	1.00249378105604	0.669160447722711	0	1.19744307307108	1.50778221853732	1.17444888520399	0	1.04309407381457
1.03077640640442	2.25646006744603	0.790569415042095	1.19744307307108	92.5418824100742	2.19993685412713	1.21037184369102	1.19744307307108	0	2.70522529160840	1.87500000000000	1.19744307307108	45.4862616621766
1.53077640640442	0.790569415042095	2.25646006744603	1.53077640640442	3.09028190078949	1.21037184369102	2.19993685412713	1.53077640640442	2.72821947947550	1.87500000000000	2.70522529160840	1.53077640640442	2.57387048021899
1.00778221853732	2.23346587957893	1.56624551076771	1.17444888520399	1.59079382699330	2.17694266626003	0.665676347784717	1.17444888520399	1.87500000000000	2.68223110374130	0	1.17444888520399	1.83439363278441
0	1.05901699437495	0.725683661041614	0	1.55950549438508	1.00249378105604	0.669160447722711	0	1.19744307307108	1.50778221853732	1.17444888520399	0	1.04309407381457
0.876427407147905	2.10211106818952	0.425000000000000	1.04309407381457	56.0446250768082	2.04558785487062	1.37500000000000	1.04309407381457	45.4862616621766	2.55087629235189	1.83439363278441	1.04309407381457	0
1.37642740714791	0.425000000000000	2.10211106818952	1.37642740714791	2.93593290153298	1.37500000000000	2.04558785487062	1.37642740714791	2.57387048021899	1.83439363278441	2.55087629235189	1.37642740714791	2.41952148096248


linktime（task1）
0	0.559016994374948	0	0.502493781056045	0	1.00778221853732	0
0	0.725683661041614	0	0.669160447722711	0	1.17444888520399	0
1.39283882771841	1.55000000000000	1.55950549438508	1.68002976164114	1.55950549438508	1.59079382699330	1.55950549438508
0	0.725683661041614	0	0.669160447722711	0	1.17444888520399	0
1.03077640640442	0.790569415042095	1.19744307307108	1.21037184369102	1.19744307307108	1.87500000000000	1.19744307307108
0	0.725683661041614	0	0.669160447722711	0	1.17444888520399	0
0.876427407147905	0.425000000000000	1.04309407381457	1.37500000000000	1.04309407381457	1.83439363278441	1.04309407381457

linktime（task2）
0	1.05901699437495	1.39283882771841	1.00249378105604	1.03077640640442	1.50778221853732	0.876427407147905
0.559016994374948	1.78470065541656	1.55000000000000	1.72817744209766	0.790569415042095	2.23346587957893	0.425000000000000
1.89283882771841	1.55000000000000	3.45234432210349	1.68002976164114	3.09028190078949	1.59079382699330	2.93593290153298
0.502493781056045	1.72817744209766	1.68002976164114	1.67165422877876	1.21037184369102	2.17694266626003	1.37500000000000
1.53077640640442	0.790569415042095	3.09028190078949	1.21037184369102	2.72821947947550	1.87500000000000	2.57387048021899
1.00778221853732	2.23346587957893	1.59079382699330	2.17694266626003	1.87500000000000	2.68223110374130	1.83439363278441
1.37642740714791	0.425000000000000	2.93593290153298	1.37500000000000	2.57387048021899	1.83439363278441	2.41952148096248

tasktime（1）
0
1.22568366104161
2.05950549438508
1.16916044772271
1.69744307307108
1.67444888520399
1.54309407381457


tasktime（2）
0
0.166666666666667
0.166666666666667
0.166666666666667
0.166666666666667
0.166666666666667
0.166666666666667