最优解为:551.0403
最优解路径:

Best_route =

     3     4     7     8     9     5     6     1     2    10     0
     0     0     0     0     0     0     0     0     0     0     0

本次运算用时:2.966秒
算法在第3代时收敛

best
811.398472526970
770.767523124292
551.040275621980
551.040275621980
551.040275621980
551.040275621980
551.040275621980
551.040275621980
551.040275621980
551.040275621980
551.040275621980
551.040275621980
551.040275621980
551.040275621980
551.040275621980
551.040275621980
551.040275621980
551.040275621980
551.040275621980
551.040275621980
551.040275621980
551.040275621980
551.040275621980
551.040275621980
551.040275621980
551.040275621980
551.040275621980
551.040275621980
551.040275621980
551.040275621980
551.040275621980
551.040275621980
551.040275621980
551.040275621980
551.040275621980
551.040275621980
551.040275621980
551.040275621980
551.040275621980
551.040275621980
551.040275621980
551.040275621980
551.040275621980
551.040275621980
551.040275621980
551.040275621980
551.040275621980
551.040275621980
551.040275621980
551.040275621980
551.040275621980
551.040275621980
551.040275621980
551.040275621980
551.040275621980
551.040275621980
551.040275621980
551.040275621980
551.040275621980
551.040275621980
551.040275621980
551.040275621980
551.040275621980
551.040275621980
551.040275621980
551.040275621980
551.040275621980
551.040275621980
551.040275621980
551.040275621980
551.040275621980
551.040275621980
551.040275621980
551.040275621980
551.040275621980
551.040275621980
551.040275621980
551.040275621980
551.040275621980
551.040275621980
551.040275621980
551.040275621980
551.040275621980
551.040275621980
551.040275621980
551.040275621980
551.040275621980
551.040275621980
551.040275621980
551.040275621980
551.040275621980
551.040275621980
551.040275621980
551.040275621980
551.040275621980
551.040275621980
551.040275621980
551.040275621980
551.040275621980
551.040275621980

ave
1083.08984796616
1002.66745717480
1019.30245637973
1116.54327955642
998.438366711622
1090.81034867399
1057.72318867062
965.181196977677
988.294377658860
1021.73649291991
1004.55956704814
949.423439499683
956.692476352286
868.921845640631
916.461812702789
957.939840210496
939.726987433041
915.836617427476
932.258055417262
942.466538415037
901.423489720100
904.741308154343
920.342491608129
922.006126352545
911.063770826857
912.984222321400
959.579060224108
916.689134682782
911.441679737634
994.238726845507
904.023896894271
910.482577705402
871.947881536166
860.714121792829
911.245789028945
664.268696102999
682.175096863779
764.552837871126
736.474803595914
812.153214985392
702.723103442490
613.211273760545
659.166105819438
629.404262306593
614.280534718005
720.161203927749
749.986847372768
599.831005688928
642.443410187453
557.922401547961
654.619541795288
601.694727418974
618.542479395854
569.899084746373
602.048504519670
569.899084746373
551.040275621980
551.040275621980
566.836716513667
598.877703051576
565.779921609644
553.334317597307
586.687828491962
551.040275621980
551.040275621980
551.040275621980
586.687828491962
551.040275621980
551.040275621980
551.040275621980
586.687828491962
551.040275621980
551.040275621980
581.407850576700
551.040275621980
566.040275621980
566.578044699989
551.399348092334
586.687828491962
580.880243625015
551.040275621980
569.892185819361
586.687828491962
551.040275621980
551.040275621980
551.065650791707
551.040275621980
566.400951649688
551.040275621980
551.040275621980
566.047174548992
622.335381361944
551.040275621980
551.040275621980
551.040275621980
568.324436055324
551.040275621980
551.116968015605
551.040275621980
665.246607976974