最优解为:3232.7261
最优解路径:

Best_route =

  1 至 24 列

    51    52     1     2    15    16    25    26    17    18    21    22     0     0     0     0     0     0     0     0     0     0     0     0
     0     0     0     0     0     0     0     0     0     0     0     0     0     0     0     0     0     0     0     0     0     0     0     0
     9    10    13    14    43    44    45    46    53    54    39    40     0     0     0     0     0     0     0     0     0     0     0     0
    59    60    47    48    31    32    41    42    27    28     0     0     0     0     0     0     0     0     0     0     0     0     0     0
    37    38    55    56    49    50    11    12    33    34    23    24     5     6     0     0     0     0     0     0     0     0     0     0
    57    58    19    20     7     8    29    30     3     4    35    36     0     0     0     0     0     0     0     0     0     0     0     0

  25 至 48 列

     0     0     0     0     0     0     0     0     0     0     0     0     0     0     0     0     0     0     0     0     0     0     0     0
     0     0     0     0     0     0     0     0     0     0     0     0     0     0     0     0     0     0     0     0     0     0     0     0
     0     0     0     0     0     0     0     0     0     0     0     0     0     0     0     0     0     0     0     0     0     0     0     0
     0     0     0     0     0     0     0     0     0     0     0     0     0     0     0     0     0     0     0     0     0     0     0     0
     0     0     0     0     0     0     0     0     0     0     0     0     0     0     0     0     0     0     0     0     0     0     0     0
     0     0     0     0     0     0     0     0     0     0     0     0     0     0     0     0     0     0     0     0     0     0     0     0

  49 至 61 列

     0     0     0     0     0     0     0     0     0     0     0     0     0
     0     0     0     0     0     0     0     0     0     0     0     0     0
     0     0     0     0     0     0     0     0     0     0     0     0     0
     0     0     0     0     0     0     0     0     0     0     0     0     0
     0     0     0     0     0     0     0     0     0     0     0     0     0
     0     0     0     0     0     0     0     0     0     0     0     0     0

本次运算用时:426.392秒
算法在第429代时收敛

best
3512.03432469295
3498.83357202477
3494.01966114383
3494.01966114383
3494.01966114383
3494.01966114383
3494.01966114383
3494.01966114383
3494.01966114383
3494.01966114383
3494.01966114383
3491.40661653372
3491.40661653372
3491.40661653372
3491.40661653372
3491.40661653372
3491.40661653372
3491.40661653372
3491.40661653372
3491.40661653372
3491.40661653372
3491.40661653372
3491.40661653372
3491.40661653372
3491.40661653372
3491.40661653372
3491.40661653372
3491.40661653372
3491.40661653372
3491.40661653372
3491.40661653372
3491.40661653372
3491.40661653372
3491.40661653372
3491.40661653372
3491.40661653372
3491.40661653372
3491.40661653372
3491.40661653372
3491.40661653372
3491.40661653372
3378.24269971547
3378.24269971547
3378.24269971547
3378.24269971547
3281.84853049774
3281.84853049774
3281.84853049774
3281.84853049774
3281.84853049774
3281.84853049774
3281.84853049774
3281.84853049774
3281.84853049774
3281.84853049774
3281.84853049774
3281.84853049774
3281.84853049774
3281.84853049774
3281.84853049774
3281.84853049774
3281.84853049774
3281.84853049774
3281.84853049774
3281.84853049774
3281.84853049774
3281.84853049774
3281.84853049774
3281.84853049774
3281.84853049774
3281.84853049774
3281.84853049774
3242.62313344075
3242.62313344075
3242.62313344075
3242.62313344075
3242.62313344075
3242.62313344075
3242.62313344075
3242.62313344075
3242.62313344075
3242.62313344075
3242.62313344075
3242.62313344075
3242.62313344075
3242.62313344075
3242.62313344075
3242.62313344075
3242.62313344075
3242.62313344075
3242.62313344075
3242.62313344075
3242.62313344075
3242.62313344075
3242.62313344075
3242.62313344075
3242.62313344075
3242.62313344075
3242.62313344075
3242.62313344075
3242.62313344075
3242.62313344075
3242.62313344075
3242.62313344075
3242.62313344075
3242.62313344075
3242.62313344075
3242.62313344075
3242.62313344075
3242.62313344075
3242.62313344075
3242.62313344075
3242.62313344075
3242.62313344075
3242.62313344075
3242.62313344075
3242.62313344075
3242.62313344075
3242.62313344075
3242.62313344075
3242.62313344075
3242.62313344075
3242.62313344075
3242.62313344075
3242.62313344075
3242.62313344075
3242.62313344075
3242.62313344075
3242.62313344075
3242.62313344075
3242.62313344075
3242.62313344075
3242.62313344075
3242.62313344075
3242.62313344075
3242.62313344075
3242.62313344075
3242.62313344075
3242.62313344075
3242.62313344075
3242.62313344075
3242.62313344075
3242.62313344075
3242.62313344075
3242.62313344075
3242.62313344075
3242.62313344075
3242.62313344075
3242.62313344075
3242.62313344075
3242.62313344075
3242.62313344075
3242.62313344075
3242.62313344075
3242.62313344075
3242.62313344075
3242.62313344075
3242.62313344075
3242.62313344075
3242.62313344075
3242.62313344075
3242.62313344075
3242.62313344075
3242.62313344075
3242.62313344075
3242.62313344075
3242.62313344075
3242.62313344075
3242.62313344075
3242.62313344075
3242.62313344075
3242.62313344075
3242.62313344075
3242.62313344075
3242.62313344075
3242.62313344075
3242.62313344075
3242.62313344075
3242.62313344075
3242.62313344075
3242.62313344075
3242.62313344075
3242.62313344075
3242.62313344075
3242.62313344075
3242.62313344075
3242.62313344075
3242.62313344075
3242.62313344075
3237.79412566021
3237.79412566021
3237.79412566021
3237.79412566021
3237.79412566021
3237.79412566021
3237.79412566021
3237.79412566021
3237.79412566021
3237.79412566021
3237.79412566021
3237.79412566021
3237.79412566021
3237.79412566021
3237.79412566021
3237.79412566021
3237.79412566021
3237.79412566021
3237.79412566021
3237.79412566021
3237.79412566021
3237.79412566021
3237.79412566021
3237.79412566021
3237.79412566021
3237.79412566021
3237.79412566021
3237.79412566021
3237.79412566021
3237.79412566021
3237.79412566021
3237.79412566021
3237.79412566021
3237.79412566021
3237.79412566021
3237.79412566021
3237.79412566021
3237.79412566021
3237.79412566021
3237.79412566021
3237.79412566021
3237.79412566021
3237.79412566021
3237.79412566021
3237.79412566021
3237.79412566021
3237.79412566021
3237.79412566021
3237.79412566021
3237.79412566021
3237.79412566021
3237.79412566021
3237.79412566021
3237.79412566021
3237.79412566021
3237.79412566021
3237.79412566021
3237.79412566021
3237.79412566021
3237.79412566021
3237.79412566021
3237.79412566021
3237.79412566021
3237.79412566021
3237.79412566021
3237.79412566021
3237.79412566021
3237.79412566021
3237.79412566021
3237.79412566021
3237.79412566021
3237.79412566021
3237.79412566021
3237.79412566021
3237.79412566021
3237.79412566021
3237.79412566021
3237.79412566021
3237.79412566021
3237.79412566021
3237.79412566021
3237.79412566021
3237.79412566021
3237.79412566021
3237.79412566021
3237.79412566021
3237.79412566021
3237.79412566021
3237.79412566021
3237.79412566021
3237.79412566021
3237.79412566021
3237.79412566021
3237.79412566021
3237.79412566021
3237.79412566021
3237.79412566021
3237.79412566021
3237.79412566021
3237.79412566021
3237.79412566021
3237.79412566021
3237.79412566021
3237.79412566021
3237.79412566021
3237.79412566021
3237.79412566021
3237.79412566021
3237.79412566021
3237.79412566021
3237.79412566021
3237.79412566021
3237.79412566021
3237.79412566021
3237.79412566021
3237.79412566021
3237.79412566021
3237.79412566021
3237.79412566021
3237.79412566021
3237.79412566021
3237.79412566021
3237.79412566021
3237.79412566021
3237.79412566021
3237.79412566021
3237.79412566021
3237.79412566021
3237.79412566021
3237.79412566021
3237.79412566021
3237.79412566021
3237.79412566021
3237.79412566021
3237.79412566021
3237.79412566021
3237.79412566021
3237.79412566021
3237.79412566021
3237.79412566021
3237.79412566021
3237.79412566021
3237.79412566021
3237.79412566021
