最优解为:547.5424
最优解路径:

Best_route =

     0     0     0     0     0     0     0     0     0
     5     6     7     8     3     4     1     2     0

本次运算用时:2.171秒
算法在第1代时收敛

best
547.542413128999
547.542413128999
547.542413128999
547.542413128999
547.542413128999
547.542413128999
547.542413128999
547.542413128999
547.542413128999
547.542413128999
547.542413128999
547.542413128999
547.542413128999
547.542413128999
547.542413128999
547.542413128999
547.542413128999
547.542413128999
547.542413128999
547.542413128999
547.542413128999
547.542413128999
547.542413128999
547.542413128999
547.542413128999
547.542413128999
547.542413128999
547.542413128999
547.542413128999
547.542413128999
547.542413128999
547.542413128999
547.542413128999
547.542413128999
547.542413128999
547.542413128999
547.542413128999
547.542413128999
547.542413128999
547.542413128999
547.542413128999
547.542413128999
547.542413128999
547.542413128999
547.542413128999
547.542413128999
547.542413128999
547.542413128999
547.542413128999
547.542413128999
547.542413128999
547.542413128999
547.542413128999
547.542413128999
547.542413128999
547.542413128999
547.542413128999
547.542413128999
547.542413128999
547.542413128999
547.542413128999
547.542413128999
547.542413128999
547.542413128999
547.542413128999
547.542413128999
547.542413128999
547.542413128999
547.542413128999
547.542413128999
547.542413128999
547.542413128999
547.542413128999
547.542413128999
547.542413128999
547.542413128999
547.542413128999
547.542413128999
547.542413128999
547.542413128999
547.542413128999
547.542413128999
547.542413128999
547.542413128999
547.542413128999
547.542413128999
547.542413128999
547.542413128999
547.542413128999
547.542413128999
547.542413128999
547.542413128999
547.542413128999
547.542413128999
547.542413128999
547.542413128999
547.542413128999
547.542413128999
547.542413128999
547.542413128999

ave
588.915573937133
576.314915583595
603.604617714176
591.708253292752
561.856675626655
589.339415978901
625.273791969192
573.993694295316
576.663570515327
562.619655173531
573.957874548259
631.427413060229
578.000142317743
575.476458194586
547.848580031916
547.657342437394
575.433861082656
562.693041656424
547.581034151265
584.748399694464
562.581034151265
577.542413129000
562.693041656424
562.542413128999
562.542413128999
547.695029701256
562.619655173531
560.205056752297
562.581034151265
547.695029701256
547.581034151265
577.767361897720
547.695963459659
562.581034151265
547.542413128999
547.618721415128
547.581034151265
547.618721415128
547.657342437394
547.581034151265
562.807970964818
560.207978555533
562.657342437394
562.542413128999
577.581034151265
547.619655173531
547.581034151265
577.616733370295
547.733650723522
547.771337987385
562.769349942552
547.733650723522
547.658276195796
547.618721415128
547.619655173531
547.618721415128
547.542413128999
562.657342437394
547.542413128999
547.733650723522
547.542413128999
562.618721415128
577.695029701256
562.693041656424
562.542413128999
562.693975414827
563.088092873058
547.618721415128
547.618721415128
547.695029701256
547.618721415128
547.581034151265
547.581034151265
577.769349942552
547.618721415128
562.657342437394
547.542413128999
588.800468655961
547.542413128999
562.618721415128
547.542413128999
547.657342437394
547.542413128999
547.581034151265
547.542413128999
592.770283700955
547.542413128999
562.542413128999
547.657342437394
562.695029701256
562.973163564664
562.618721415128
547.657342437394
562.542413128999
547.542413128999
547.581034151265
547.618721415128
547.618721415128
547.695029701256
547.542413128999