最优解为:1016.916
最优解路径:

Best_route =

     5     6     9    10    11    12     2     0     0     0     0     0     0     0     0     0     0
    15    16     7     8    13    14     3     4     1     0     0     0     0     0     0     0     0
     0     0     0     0     0     0     0     0     0     0     0     0     0     0     0     0     0

本次运算用时:8.782秒
算法在第23代时收敛

best
1062.16572268810
1033.27589632534
1033.27589632534
1033.27589632534
1033.27589632534
1033.27589632534
1033.27589632534
1033.27589632534
1028.08747625172
1028.08747625172
1028.08747625172
1016.91604086530
1016.91604086530
1016.91604086530
1016.91604086530
1016.91604086530
1016.91604086530
1016.91604086530
1016.91604086530
1016.91604086530
1016.91604086530
1016.91604086530
1016.91604086530
1016.91604086530
1016.91604086530
1016.91604086530
1016.91604086530
1016.91604086530
1016.91604086530
1016.91604086530
1016.91604086530
1016.91604086530
1016.91604086530
1016.91604086530
1016.91604086530
1016.91604086530
1016.91604086530
1016.91604086530
1016.91604086530
1016.91604086530
1016.91604086530
1016.91604086530
1016.91604086530
1016.91604086530
1016.91604086530
1016.91604086530
1016.91604086530
1016.91604086530
1016.91604086530
1016.91604086530
1016.91604086530
1016.91604086530
1016.91604086530
1016.91604086530
1016.91604086530
1016.91604086530
1016.91604086530
1016.91604086530
1016.91604086530
1016.91604086530
1016.91604086530
1016.91604086530
1016.91604086530
1016.91604086530
1016.91604086530
1016.91604086530
1016.91604086530
1016.91604086530
1016.91604086530
1016.91604086530
1016.91604086530
1016.91604086530
1016.91604086530
1016.91604086530
1016.91604086530
1016.91604086530
1016.91604086530
1016.91604086530
1016.91604086530
1016.91604086530
1016.91604086530
1016.91604086530
1016.91604086530
1016.91604086530
1016.91604086530
1016.91604086530
1016.91604086530
1016.91604086530
1016.91604086530
1016.91604086530
1016.91604086530
1016.91604086530
1016.91604086530
1016.91604086530
1016.91604086530
1016.91604086530
1016.91604086530
1016.91604086530
1016.91604086530
1016.91604086530
1016.91604086530
1016.91604086530
1016.91604086530
1016.91604086530
1016.91604086530
1016.91604086530
1016.91604086530
1016.91604086530
1016.91604086530
1016.91604086530
1016.91604086530
1016.91604086530
1016.91604086530
1016.91604086530
1016.91604086530
1016.91604086530
1016.91604086530
1016.91604086530
1016.91604086530
1016.91604086530
1016.91604086530
1016.91604086530
1016.91604086530
1016.91604086530
1016.91604086530
1016.91604086530
1016.91604086530
1016.91604086530
1016.91604086530
1016.91604086530
1016.91604086530
1016.91604086530
1016.91604086530
1016.91604086530
1016.91604086530
1016.91604086530
1016.91604086530
1016.91604086530
1016.91604086530
1016.91604086530
1016.91604086530
1016.91604086530
1016.91604086530
1016.91604086530
1016.91604086530
1016.91604086530
1016.91604086530
1016.91604086530
1016.91604086530
1016.91604086530
1016.91604086530
1016.91604086530
1016.91604086530
1016.91604086530
1016.91604086530
1016.91604086530
1016.91604086530
1016.91604086530
1016.91604086530
1016.91604086530
1016.91604086530
1016.91604086530
1016.91604086530
1016.91604086530
1016.91604086530
1016.91604086530
1016.91604086530
1016.91604086530
1016.91604086530
1016.91604086530
1016.91604086530
1016.91604086530
1016.91604086530
1016.91604086530
1016.91604086530
1016.91604086530
1016.91604086530
1016.91604086530
1016.91604086530
1016.91604086530
1016.91604086530
1016.91604086530
1016.91604086530
1016.91604086530
1016.91604086530
1016.91604086530
1016.91604086530
1016.91604086530
1016.91604086530
1016.91604086530
1016.91604086530
1016.91604086530
1016.91604086530
1016.91604086530
1016.91604086530
1016.91604086530
1016.91604086530
1016.91604086530
1016.91604086530
1016.91604086530

ave
1202.25182656912
1335.27574573596
1304.58180631290
1277.73838062797
1327.21046034121
1226.06350287359
1209.98362995986
1293.49983733739
1289.59795752192
1202.65144873595
1256.06690516440
1227.80997159668
1208.48426916066
1267.88318138931
1177.41448179056
1276.86385828952
1343.30829641028
1194.51427206209
1177.86571743877
1208.47244212046
1244.99430986011
1287.69221163919
1222.04063886664
1296.60599096953
1250.12992189602
1245.74951593145
1251.28144343965
1202.40848911806
1294.45446890583
1236.05302976848
1295.73961503486
1290.11479563316
1198.79553245655
1261.97171988730
1210.46594692610
1223.42198160455
1280.81016523258
1231.03596528224
1292.92024893497
1223.54145825454
1305.40966635839
1146.07408007851
1241.31106536655
1183.70999218388
1146.18315860260
1262.28594900214
1230.38535379176
1168.10015755576
1196.93481093411
1194.50051651900
1127.21133498258
1121.10022014374
1106.11196233058
1134.50002748966
1126.65979109342
1105.27738864951
1138.14106887530
1203.20135590335
1158.71068383080
1121.66243007928
1146.81598953595
1161.52117807264
1159.82288465113
1164.35732575042
1199.61782071235
1109.80442089523
1195.31138660489
1210.36997252896
1173.04133120092
1179.21161056040
1192.35558456625
1133.90264669308
1165.82363385561
1141.66281649208
1249.60804975928
1105.99897630091
1210.36689473216
1181.04459498130
1089.47276951070
1081.39789591681
1127.53706003098
1099.62699244533
1078.21921958563
1169.27911426145
1089.84519747425
1094.34576059016
1197.06661083519
1137.90068085789
1151.53171444177
1160.04350884903
1125.29654047283
1121.70886974935
1197.70247289883
1234.49328366525
1154.78024898833
1181.26163412354
1185.41283578101
1213.97211182930
1196.18631257857
1141.68316291943
1121.07610763618
1174.46639565900
1149.15954870321
1161.85747219941
1114.68026226881
1123.13087986717
1111.91029050723
1179.52315626095
1123.17875543237
1164.89330825622
1125.36698974036
1121.53828078033
1231.77820061583
1172.07672057760
1109.83347476565
1104.34939150162
1114.85481312382
1160.13321527093
1115.23737612840
1152.29573293999
1130.31246937831
1176.81143013355
1112.34158464435
1138.17644862401
1154.63368929019
1121.34376729803
1153.43098744483
1123.44904234347
1205.03005307412
1173.84237922241
1085.81423593458
1156.71469355228
1176.01122566310
1152.09075480257
1112.07290566558
1213.46188705898
1162.24539538863
1184.70176016544
1161.05816318817
1133.39609814716
1137.98441501084
1118.32893772157
1159.83152601779
1176.09529315727
1121.82299837846
1141.34110974267
1096.30654656326
1181.43685549181
1223.12443817837
1095.84818064031
1133.83401396677
1158.01065014671
1169.50650831939
1208.70155684556
1121.84516430347
1143.27870137242
1146.59961998801
1113.55742944711
1110.94828073807
1142.77109013867
1130.67500135737
1125.87172765668
1129.14461238617
1193.42089007672
1110.00787245668
1125.56627173491
1188.72941502024
1138.12528857596
1190.14728058021
1101.81867356151
1165.16656011601
1116.05147394407
1164.19419169847
1150.48998144244
1122.41765080640
1195.72129471819
1099.46043654046
1205.27912337170
1154.31143565734
1161.21517787613
1095.37431811909
1105.86695891277
1117.66530794798
1242.29620022317
1151.35053930009
1181.12198921889
1134.73438615632
1278.88491161245
1199.48918892424
1131.33129099043
1150.27614855773
1127.46677851647
1110.28166905573
1144.29681114002
1201.72576880845
1133.82015357258
1161.16421981783
1203.34936349181
1155.05770315490
1136.96040550661