最优解为:346.3717
最优解路径:

Best_route =

     0     0     0     0     0     0
     1     3     5     4     2     0

本次运算用时:1.359秒
算法在第7代时收敛

best
346.576967744744
346.576967744744
346.576967744744
346.415942695727
346.415942695727
346.415942695727
346.371707169781
346.371707169781
346.371707169781
346.371707169781
346.371707169781
346.371707169781
346.371707169781
346.371707169781
346.371707169781
346.371707169781
346.371707169781
346.371707169781
346.371707169781
346.371707169781
346.371707169781
346.371707169781
346.371707169781
346.371707169781
346.371707169781
346.371707169781
346.371707169781
346.371707169781
346.371707169781
346.371707169781
346.371707169781
346.371707169781
346.371707169781
346.371707169781
346.371707169781
346.371707169781
346.371707169781
346.371707169781
346.371707169781
346.371707169781
346.371707169781
346.371707169781
346.371707169781
346.371707169781
346.371707169781
346.371707169781
346.371707169781
346.371707169781
346.371707169781
346.371707169781
346.371707169781
346.371707169781
346.371707169781
346.371707169781
346.371707169781
346.371707169781
346.371707169781
346.371707169781
346.371707169781
346.371707169781
346.371707169781
346.371707169781
346.371707169781
346.371707169781
346.371707169781
346.371707169781
346.371707169781
346.371707169781
346.371707169781
346.371707169781
346.371707169781
346.371707169781
346.371707169781
346.371707169781
346.371707169781
346.371707169781
346.371707169781
346.371707169781
346.371707169781
346.371707169781
346.371707169781
346.371707169781
346.371707169781
346.371707169781
346.371707169781
346.371707169781
346.371707169781
346.371707169781
346.371707169781
346.371707169781
346.371707169781
346.371707169781
346.371707169781
346.371707169781
346.371707169781
346.371707169781
346.371707169781
346.371707169781
346.371707169781
346.371707169781

ave
347.697775831235
391.950274014746
406.747189528687
376.548784015272
347.478495305456
348.513123068390
363.113206744078
363.017508279326
348.048851854267
364.231555148539
362.618379784491
376.483066905687
377.006074303883
363.191674904664
347.598803574299
362.127118492865
376.388456680088
376.279141179942
347.515469172054
361.319464310518
346.768560577054
347.391859333083
346.723368744544
376.206468497612
346.750246295855
346.531138831976
361.106505728285
362.009104396357
361.966671986160
375.812524364674
346.619080923997
346.480711650318
346.606606118952
375.883368363261
346.555845218444
362.261083797672
361.640828299032
361.456690250370
346.381970198529
361.010309771644
346.371707169781
361.353233910916
361.055190584544
346.371707169781
346.381970198529
346.371707169781
360.909933486032
346.381970198529
346.371707169781
346.371707169781
346.371707169781
346.371707169781
346.371707169781
346.371707169781
346.371707169781
346.371707169781
346.371707169781
346.371707169781
346.371707169781
346.875738416526
346.371707169781
346.371707169781
346.371707169781
346.371707169781
346.381970198529
346.371707169781
346.371707169781
346.371707169781
360.836434751730
346.371707169781
360.836434751730
346.371707169781
346.371707169781
346.371707169781
346.371707169781
346.371707169781
346.371707169781
346.371707169781
346.545582189696
346.371707169781
346.371707169781
346.371707169781
346.371707169781
346.371707169781
346.371707169781
361.456690250370
346.371707169781
346.371707169781
346.371707169781
346.371707169781
375.464774324845
346.371707169781
346.371707169781
346.371707169781
346.371707169781
346.371707169781
346.371707169781
346.371707169781
346.371707169781
346.371707169781