最优解为:317.7055
最优解路径:

Best_route =

     0     0     0     0     0     0
     2     4     5     1     3     0

本次运算用时:1.69秒
算法在第1代时收敛

best
317.705450279966
317.705450279966
317.705450279966
317.705450279966
317.705450279966
317.705450279966
317.705450279966
317.705450279966
317.705450279966
317.705450279966
317.705450279966
317.705450279966
317.705450279966
317.705450279966
317.705450279966
317.705450279966
317.705450279966
317.705450279966
317.705450279966
317.705450279966
317.705450279966
317.705450279966
317.705450279966
317.705450279966
317.705450279966
317.705450279966
317.705450279966
317.705450279966
317.705450279966
317.705450279966
317.705450279966
317.705450279966
317.705450279966
317.705450279966
317.705450279966
317.705450279966
317.705450279966
317.705450279966
317.705450279966
317.705450279966
317.705450279966
317.705450279966
317.705450279966
317.705450279966
317.705450279966
317.705450279966
317.705450279966
317.705450279966
317.705450279966
317.705450279966
317.705450279966
317.705450279966
317.705450279966
317.705450279966
317.705450279966
317.705450279966
317.705450279966
317.705450279966
317.705450279966
317.705450279966
317.705450279966
317.705450279966
317.705450279966
317.705450279966
317.705450279966
317.705450279966
317.705450279966
317.705450279966
317.705450279966
317.705450279966
317.705450279966
317.705450279966
317.705450279966
317.705450279966
317.705450279966
317.705450279966
317.705450279966
317.705450279966
317.705450279966
317.705450279966
317.705450279966
317.705450279966
317.705450279966
317.705450279966
317.705450279966
317.705450279966
317.705450279966
317.705450279966
317.705450279966
317.705450279966
317.705450279966
317.705450279966
317.705450279966
317.705450279966
317.705450279966
317.705450279966
317.705450279966
317.705450279966
317.705450279966
317.705450279966

ave
320.385657796913
333.663353938926
334.252135511475
334.923687372317
334.505577411502
319.170922245630
334.072149831975
334.698449800121
318.324935356149
318.841945618831
318.885190782878
333.279755688211
318.345443771784
333.255098658998
333.598120671135
318.308749113355
333.227064224582
318.939674236262
318.513448463483
332.956928237377
318.346041101703
332.478901058127
318.426855670253
317.750331092866
318.259151640464
333.359831878246
347.801701487865
318.189332062247
333.028250709704
332.851273476178
332.705450279966
347.282908543683
317.705450279966
317.936974025222
317.705450279966
317.705450279966
332.478901058127
317.705450279966
317.911731307735
317.705450279966
317.705450279966
317.705450279966
318.100853639207
317.705450279966
332.377958674815
317.705450279966
317.795211905766
317.705450279966
317.705450279966
317.750331092866
317.705450279966
332.478901058127
317.705450279966
317.705450279966
317.705450279966
317.705450279966
332.705450279966
317.750331092866
332.705450279966
317.705450279966
317.705450279966
332.392938363553
317.705450279966
317.705450279966
317.705450279966
317.705450279966
317.705450279966
317.705450279966
317.705450279966
317.705450279966
317.705450279966
317.705450279966
317.705450279966
317.705450279966
317.705450279966
317.705450279966
332.705450279966
317.705450279966
317.705450279966
317.705450279966
317.705450279966
318.103065415504
317.705450279966
317.705450279966
317.705450279966
317.705450279966
317.705450279966
332.377958674815
317.892093212321
317.705450279966
317.750331092866
317.705450279966
317.705450279966
317.892093212321
317.705450279966
317.705450279966
317.705450279966
317.705450279966
317.705450279966
317.705450279966