最优解为:545.7799
最优解路径:

Best_route =

     7     8     5     6     1     2     3     4     0
     0     0     0     0     0     0     0     0     0

本次运算用时:4.492秒
算法在第1代时收敛

best
545.779897589895
545.779897589895
545.779897589895
545.779897589895
545.779897589895
545.779897589895
545.779897589895
545.779897589895
545.779897589895
545.779897589895
545.779897589895
545.779897589895
545.779897589895
545.779897589895
545.779897589895
545.779897589895
545.779897589895
545.779897589895
545.779897589895
545.779897589895
545.779897589895
545.779897589895
545.779897589895
545.779897589895
545.779897589895
545.779897589895
545.779897589895
545.779897589895
545.779897589895
545.779897589895
545.779897589895
545.779897589895
545.779897589895
545.779897589895
545.779897589895
545.779897589895
545.779897589895
545.779897589895
545.779897589895
545.779897589895
545.779897589895
545.779897589895
545.779897589895
545.779897589895
545.779897589895
545.779897589895
545.779897589895
545.779897589895
545.779897589895
545.779897589895
545.779897589895
545.779897589895
545.779897589895
545.779897589895
545.779897589895
545.779897589895
545.779897589895
545.779897589895
545.779897589895
545.779897589895
545.779897589895
545.779897589895
545.779897589895
545.779897589895
545.779897589895
545.779897589895
545.779897589895
545.779897589895
545.779897589895
545.779897589895
545.779897589895
545.779897589895
545.779897589895
545.779897589895
545.779897589895
545.779897589895
545.779897589895
545.779897589895
545.779897589895
545.779897589895
545.779897589895
545.779897589895
545.779897589895
545.779897589895
545.779897589895
545.779897589895
545.779897589895
545.779897589895
545.779897589895
545.779897589895
545.779897589895
545.779897589895
545.779897589895
545.779897589895
545.779897589895
545.779897589895
545.779897589895
545.779897589895
545.779897589895
545.779897589895

ave
619.415877481129
606.878889402018
643.545751728726
631.166849113948
607.085335219154
582.302969978158
594.878889402018
594.888318410070
582.888318410070
595.104193235258
547.075146541021
582.221456083363
558.960023461773
570.456188924655
559.238174330610
558.077286309878
545.995772415083
570.221456083363
546.427522065458
545.995772415083
546.859271715833
545.995772415083
582.005581258175
557.995772415083
558.283732127013
558.590549855048
546.427522065458
558.077286309878
545.995772415083
545.779897589895
557.779897589895
546.211647240270
558.293161135065
545.995772415083
557.779897589895
545.779897589895
546.293161135065
558.211647240270
546.077286309878
545.779897589895
558.149371196620
545.995772415083
545.995772415083
545.861411484690
558.067857301825
569.779897589895
546.211647240270
546.211647240270
557.851982476638
545.779897589895
558.374675029860
557.933496371433
557.779897589895
557.995772415083
557.779897589895
546.211647240270
545.861411484690
545.995772415083
545.861411484690
546.077286309878
545.995772415083
545.779897589895
545.779897589895
557.995772415083
545.779897589895
557.779897589895
570.005581258175
545.779897589895
594.355817013756
557.779897589895
557.779897589895
569.851982476638
545.995772415083
582.230885091415
557.779897589895
545.995772415083
545.779897589895
546.077286309878
546.211647240270
545.779897589895
545.779897589895
557.779897589895
546.077286309878
569.779897589895
545.861411484690
545.779897589895
545.995772415083
546.374675029860
546.077286309878
545.779897589895
545.861411484690
557.851982476638
545.995772415083
545.779897589895
558.067857301825
569.779897589895
570.283732127013
545.779897589895
557.933496371433
558.283732127013