实验环境：
VeiNum = 5
Q_ant =300
AntNum = 25
iter_max = 500

cus：
40	50
40	50
40	50
45	70
0	45
25	52
85	25
33	32
45	68
60	60
30	50
10	35
63	58
22	75
35	32
48	30
20	55
38	70
65	85
85	35
42	15
20	85
87	30

task：
2	4	1	0	1
4	3	2	1	0
3	5	3	0	1
5	2	4	3	0
3	6	3	0	1
6	2	4	5	0
2	7	1	0	1
7	3	2	7	0
2	8	1	0	1
8	3	2	9	0
3	9	3	0	1
9	2	4	11	0
2	10	1	0	1
10	3	2	13	0
2	11	1	0	1
11	3	2	15	0
3	12	3	0	1
12	2	4	17	0
3	13	3	0	1
13	2	4	19	0
2	14	1	0	1
14	3	2	21	0
3	15	3	0	1
15	2	4	23	0
3	16	3	0	1
16	2	4	25	0
3	17	3	0	1
17	2	4	27	0
3	18	3	0	1
18	2	4	29	0
2	19	1	0	1
19	3	2	31	0
3	20	3	0	1
20	2	4	33	0
2	21	1	0	1
21	3	2	35	0
2	22	1	0	1
22	3	2	37	0
2	23	1	0	1
23	3	2	39	0


抽取的客户节点编号为

Cus_select =

     2    39    25    80    42     1    91    20    31    89    13    41    64    30     9    93    81    55    16    79

各任务对应的的客户节点编号为

Task_Cus =

     2    39    25    80    42     1    91    20    31    89    13    41    64    30     9    93    81    55    16    79



Task_size: 40



Tasktime:
0
1.18205486986887
0.166666666666667
0.166666666666667
1.67444888520399
0.166666666666667
1.04498531542721
1.95362043429004
0.166666666666667
1.14949686456237
0.166666666666667
0.166666666666667
1.13370520897340
1.22568366104161
0.166666666666667
0.916666666666667
0.166666666666667
0.166666666666667
1.50519215822909
0.166666666666667
1.27545644976096
1.43681275670413
0.166666666666667
0.166666666666667
1.13370520897340
0.166666666666667
1.20518314738012
0.166666666666667
1.18205486986887
0.166666666666667
1.16916044772271
1.74195732504700
0.166666666666667
0.166666666666667
1.85252078922981
1.54309407381457
0.166666666666667
1.67444888520399
0.166666666666667
1.94362594557888
0.166666666666667


Linktime:
0	0	0.515388203202208	1.50778221853732	1.00778221853732	0.878318648760539	0.378318648760539	0	1.28695376762338	0	0.482830197895699	0.967038542306735	0.467038542306735	0	0.559016994374948	0	0.250000000000000	1.33852549156242	0.838525491562421	1.10878978309430	0.608789783094296	0	0.770146090037468	0.967038542306735	0.467038542306735	1.03851648071345	0.538516480713450	1.01538820320221	0.515388203202208	1.00249378105604	0.502493781056045	0	1.07529065838033	1.68585412256314	1.18585412256314	0	0.876427407147905	0	1.00778221853732	0	1.27695927891221
0.515388203202208	0.682054869868874	0	2.18983708840619	1.28695376762338	1.56037351862941	0.672681202353686	0.682054869868874	60.2079728939615	0.682054869868874	39.8497176903426	1.64909341217561	0.0500000000000000	0.682054869868874	18.0277563773199	0.682054869868874	25	2.02058036143130	1.23743686707646	1.79084465296317	0.540832691319598	0.682054869868874	23.5372045918796	1.64909341217561	0.982344135219425	1.72057135058232	1.00280855600658	1.69744307307108	0.728868986855663	1.68454865092492	0.175000000000000	0.682054869868874	25	2.36790899243202	1.32876822659183	0.682054869868874	55.0817574156816	0.682054869868874	29.1547594742265	0.682054869868874	58
1.01538820320221	1.01538820320221	1.69744307307108	1.28695376762338	2.18983708840619	0.672681202353686	1.56037351862941	1.01538820320221	2.46900863749225	1.01538820320221	1.66488506776457	0.0500000000000000	1.64909341217561	1.01538820320221	1.74107186424382	1.01538820320221	1.43205486986887	1.23743686707646	2.02058036143130	0.540832691319598	1.79084465296317	1.01538820320221	1.95220095990634	0.982344135219425	1.64909341217561	1.00280855600658	1.72057135058232	0.728868986855663	1.69744307307108	0.175000000000000	1.68454865092492	1.01538820320221	2.25734552824920	1.32876822659183	2.36790899243202	1.01538820320221	2.05848227701678	1.01538820320221	2.18983708840619	1.01538820320221	2.45901414878109
1.00778221853732	1.17444888520399	1.28695376762338	2.68223110374130	0	2.05276753396452	0.649037749287359	1.17444888520399	2.18303114957162	1.17444888520399	0.886707392548410	2.14148742751072	1.26342787684933	1.17444888520399	1.54616460960662	1.17444888520399	0.760345316287278	2.51297437676641	0.353553390593274	2.28323866829828	1.60818220360754	1.17444888520399	0.930053761886914	2.14148742751072	0.933407735129724	2.21296536591744	1.25722909606802	2.18983708840619	0.559016994374948	2.17694266626003	1.13715654155442	1.17444888520399	1.90804219030922	2.86030300776713	2.13965534607796	1.17444888520399	1.29034879005639	1.17444888520399	1.11803398874990	1.17444888520399	2.20709084543432
0	0	0.682054869868874	1.50778221853732	1.17444888520399	0.878318648760539	0.544985315427206	0	1.45362043429004	0	0.649496864562366	0.967038542306735	0.633705208973402	0	0.725683661041614	0	0.416666666666667	1.33852549156242	1.00519215822909	1.10878978309430	0.775456449760963	0	0.936812756704135	0.967038542306735	0.633705208973402	1.03851648071345	0.705183147380117	1.01538820320221	0.682054869868874	1.00249378105604	0.669160447722711	0	1.24195732504700	1.68585412256314	1.35252078922981	0	1.04309407381457	0	1.17444888520399	0	1.44362594557888
0.378318648760539	0.544985315427206	0.672681202353686	2.05276753396452	0.649037749287359	1.42330396418774	0	0.544985315427206	1.64487841495960	0.544985315427206	0.538516480713450	1.51202385773394	0.640312423743285	0.544985315427206	0.897566153550812	0.544985315427206	0.134629120178363	1.88351080698963	0.566789202437732	1.65377509852150	0.961769203083567	0.544985315427206	0.579870675237160	1.51202385773394	0.559016994374948	1.58350179614066	0.795691523141977	1.56037351862941	0.145773797371133	1.54747909648325	0.555090082779363	0.544985315427206	1.29638921624642	2.23083943799035	1.55904618276689	0.544985315427206	1.01796365357512	0.544985315427206	0.834415963413932	0.544985315427206	1.64468842033985
0	0	0.682054869868874	1.50778221853732	1.17444888520399	0.878318648760539	0.544985315427206	0	1.45362043429004	0	0.649496864562366	0.967038542306735	0.633705208973402	0	0.725683661041614	0	0.416666666666667	1.33852549156242	1.00519215822909	1.10878978309430	0.775456449760963	0	0.936812756704135	0.967038542306735	0.633705208973402	1.03851648071345	0.705183147380117	1.01538820320221	0.682054869868874	1.00249378105604	0.669160447722711	0	1.24195732504700	1.68585412256314	1.35252078922981	0	1.04309407381457	0	1.17444888520399	0	1.44362594557888
1.28695376762338	1.45362043429004	60.2079728939615	2.96140265282736	2.18303114957162	2.33193908305058	1.64487841495960	1.45362043429004	0	1.45362043429004	52.4690384893796	2.42065897659678	1.46820468600260	1.45362043429004	43.0116263352131	1.45362043429004	60.4152298679729	2.79214592585246	1.89159324380269	2.56241021738434	0.991526600752597	1.45362043429004	80.4300938703916	2.42065897659678	1.26219055613643	2.49213691500349	0.933407735129724	2.46900863749225	1.78972763290954	2.45611421534609	1.62672984849974	1.45362043429004	63.2455532033676	3.13947455685318	0.250000000000000	1.45362043429004	44.1474801092882	1.45362043429004	88.4590300647707	1.45362043429004	5.38516480713450
1.78695376762338	1.78695376762338	2.46900863749225	2.18303114957162	2.96140265282736	1.64487841495960	2.33193908305058	1.78695376762338	3.24057420191342	1.78695376762338	2.43645063218574	1.46820468600260	2.42065897659678	1.78695376762338	2.51263742866499	1.78695376762338	2.20362043429004	1.89159324380269	2.79214592585246	0.991526600752597	2.56241021738434	1.78695376762338	2.72376652432751	1.26219055613643	2.42065897659678	0.933407735129724	2.49213691500349	1.78972763290954	2.46900863749225	1.62672984849974	2.45611421534609	1.78695376762338	3.02891109267037	0.250000000000000	3.13947455685318	1.78695376762338	2.83004784143795	1.78695376762338	2.96140265282736	1.78695376762338	3.23057971320226
0.482830197895699	0.649496864562366	39.8497176903426	2.15727908309968	0.886707392548410	1.52781551332290	0.538516480713450	0.649496864562366	52.4690384893796	0.649496864562366	0	1.61653540686910	0.948683298050514	0.649496864562366	38.8973006775534	0.649496864562366	18.2482875908947	1.98802235612479	0.579870675237160	1.75828664765666	0.992471662063960	0.649496864562366	44.3846820423443	1.61653540686910	0.0500000000000000	1.68801334527582	0.378318648760539	1.66488506776457	0.660492240681145	1.65199064561841	0.958188394836840	0.649496864562366	61.9112267686564	2.33535098712551	1.30216166431054	0.649496864562366	19.2353840616713	0.649496864562366	54.5710545985690	0.649496864562366	54.0370243444252
0.982830197895699	0.982830197895699	1.66488506776457	0.886707392548410	2.15727908309968	0.538516480713450	1.52781551332291	0.982830197895699	2.43645063218574	0.982830197895699	1.63232706245807	0.948683298050514	1.61653540686910	0.982830197895699	1.70851385893731	0.982830197895699	1.39949686456237	0.579870675237160	1.98802235612479	0.992471662063960	1.75828664765666	0.982830197895699	1.91964295459983	0.0500000000000000	1.61653540686910	0.378318648760539	1.68801334527582	0.660492240681145	1.66488506776457	0.958188394836840	1.65199064561841	0.982830197895699	2.22478752294269	1.30216166431054	2.33535098712551	0.982830197895699	2.02592427171027	0.982830197895699	2.15727908309968	0.982830197895699	2.42645614347458
0.467038542306735	0.633705208973402	0.0500000000000000	2.14148742751072	1.26342787684933	1.51202385773394	0.640312423743285	0.633705208973402	1.46820468600260	0.633705208973402	0.948683298050514	1.60074375128014	0	0.633705208973402	0.425000000000000	0.633705208973402	0.585768725692999	1.97223070053582	1.20260134708057	1.74249499206770	0.514781507049350	0.633705208973402	0.601040764008565	1.60074375128014	0.934077084613470	1.67222168968685	0.952955927627296	1.64909341217561	0.704450140180269	1.63619899002945	0.182002747232013	0.633705208973402	0.656220237420334	2.31955933153654	1.29638921624642	0.633705208973402	1.32712094399870	0.633705208973402	0.755810822891549	0.633705208973402	1.41598022585063
0	0	0.682054869868874	1.50778221853732	1.17444888520399	0.878318648760539	0.544985315427206	0	1.45362043429004	0	0.649496864562366	0.967038542306735	0.633705208973402	0	0.725683661041614	0	0.416666666666667	1.33852549156242	1.00519215822909	1.10878978309430	0.775456449760963	0	0.936812756704135	0.967038542306735	0.633705208973402	1.03851648071345	0.705183147380117	1.01538820320221	0.682054869868874	1.00249378105604	0.669160447722711	0	1.24195732504700	1.68585412256314	1.35252078922981	0	1.04309407381457	0	1.17444888520399	0	1.44362594557888
0.559016994374948	0.725683661041614	18.0277563773199	2.23346587957893	1.54616460960662	1.60400230980215	0.897566153550812	0.725683661041614	43.0116263352131	0.725683661041614	38.8973006775534	1.69272220334835	0.425000000000000	0.725683661041614	0	0.725683661041614	31.6227766016838	2.06420915260404	1.39754248593737	1.83447344413591	0.0901387818865997	0.725683661041614	40.8533964316310	1.69272220334835	0.938416218956173	1.76420014175506	0.807774721070176	1.74107186424382	1.00778221853732	1.72817744209766	0.604152298679729	0.725683661041614	25.4950975679639	2.41153778360476	0.883883476483184	0.725683661041614	48.4664832642105	0.725683661041614	47.1699056602830	0.725683661041614	40.3608721412211
1.05901699437495	1.05901699437495	1.74107186424382	1.54616460960662	2.23346587957893	0.897566153550812	1.60400230980215	1.05901699437495	2.51263742866499	1.05901699437495	1.70851385893731	0.425000000000000	1.69272220334835	1.05901699437495	1.78470065541656	1.05901699437495	1.47568366104161	1.39754248593737	2.06420915260404	0.0901387818865997	1.83447344413591	1.05901699437495	1.99582975107908	0.938416218956173	1.69272220334835	0.807774721070176	1.76420014175506	1.00778221853732	1.74107186424382	0.604152298679729	1.72817744209766	1.05901699437495	2.30097431942194	0.883883476483184	2.41153778360476	1.05901699437495	2.10211106818952	1.05901699437495	2.23346587957893	1.05901699437495	2.50264293995383
0.250000000000000	0.416666666666667	25	1.92444888520399	0.760345316287278	1.29498531542721	0.134629120178363	0.416666666666667	60.4152298679729	0.416666666666667	18.2482875908947	1.38370520897340	0.585768725692999	0.416666666666667	31.6227766016838	0.416666666666667	0	1.75519215822909	0.625000000000000	1.52545644976096	0.848896342317482	0.416666666666667	26.2488094968134	1.38370520897340	0.467038542306735	1.45518314738012	0.672681202353686	1.43205486986887	0.279508497187474	1.41916044772271	0.538516480713450	0.416666666666667	49.4974746830583	2.10252078922981	1.42521928137392	0.416666666666667	37	0.416666666666667	36.4005494464026	0.416666666666667	60.4069532421558
0.750000000000000	0.750000000000000	1.43205486986887	0.760345316287278	1.92444888520399	0.134629120178363	1.29498531542721	0.750000000000000	2.20362043429004	0.750000000000000	1.39949686456237	0.585768725692999	1.38370520897340	0.750000000000000	1.47568366104161	0.750000000000000	1.16666666666667	0.625000000000000	1.75519215822909	0.848896342317482	1.52545644976096	0.750000000000000	1.68681275670413	0.467038542306735	1.38370520897340	0.672681202353686	1.45518314738012	0.279508497187474	1.43205486986887	0.538516480713450	1.41916044772271	0.750000000000000	1.99195732504700	1.42521928137392	2.10252078922981	0.750000000000000	1.79309407381457	0.750000000000000	1.92444888520399	0.750000000000000	2.19362594557888
0.838525491562421	1.00519215822909	1.23743686707646	2.51297437676641	0.353553390593274	1.88351080698963	0.566789202437732	1.00519215822909	1.89159324380269	1.00519215822909	0.579870675237160	1.97223070053582	1.20260134708057	1.00519215822909	1.39754248593737	1.00519215822909	0.625000000000000	2.34371764979151	0	2.11398194132338	1.44438568256543	1.00519215822909	1.04403065089106	1.97223070053582	0.629483915600709	2.04370863894254	0.958188394836840	2.02058036143130	0.559016994374948	2.00768593928513	1.12054674155075	1.00519215822909	1.85825859341481	2.69104628079223	1.87500000000000	1.00519215822909	0.943398113205660	1.00519215822909	1.27475487839820	1.00519215822909	1.92905417238604
0	0	0.682054869868874	1.50778221853732	1.17444888520399	0.878318648760539	0.544985315427206	0	1.45362043429004	0	0.649496864562366	0.967038542306735	0.633705208973402	0	0.725683661041614	0	0.416666666666667	1.33852549156242	1.00519215822909	1.10878978309430	0.775456449760963	0	0.936812756704135	0.967038542306735	0.633705208973402	1.03851648071345	0.705183147380117	1.01538820320221	0.682054869868874	1.00249378105604	0.669160447722711	0	1.24195732504700	1.68585412256314	1.35252078922981	0	1.04309407381457	0	1.17444888520399	0	1.44362594557888
0.608789783094296	0.775456449760963	0.540832691319598	2.28323866829828	1.60818220360754	1.65377509852150	0.961769203083567	0.775456449760963	0.991526600752597	0.775456449760963	0.992471662063960	1.74249499206770	0.514781507049350	0.775456449760963	0.0901387818865997	0.775456449760963	0.848896342317482	2.11398194132338	1.44438568256543	1.88424623285526	0	0.775456449760963	1.10961705105861	1.74249499206770	0.955248658727140	1.81397293047441	0.794119008713430	1.79084465296317	1.07761310311262	1.77795023081701	0.693271231193102	0.775456449760963	0.676849318534044	2.46131057232411	0.795691523141977	0.775456449760963	1.19634861140054	0.775456449760963	1.26935022747861	0.775456449760963	0.921954445729289
0	0	0.682054869868874	1.50778221853732	1.17444888520399	0.878318648760539	0.544985315427206	0	1.45362043429004	0	0.649496864562366	0.967038542306735	0.633705208973402	0	0.725683661041614	0	0.416666666666667	1.33852549156242	1.00519215822909	1.10878978309430	0.775456449760963	0	0.936812756704135	0.967038542306735	0.633705208973402	1.03851648071345	0.705183147380117	1.01538820320221	0.682054869868874	1.00249378105604	0.669160447722711	0	1.24195732504700	1.68585412256314	1.35252078922981	0	1.04309407381457	0	1.17444888520399	0	1.44362594557888
0.770146090037468	0.936812756704135	23.5372045918796	2.44459497524145	0.930053761886914	1.81513140546467	0.579870675237160	0.936812756704135	80.4300938703916	0.936812756704135	44.3846820423443	1.90385129901087	0.601040764008565	0.936812756704135	40.8533964316310	0.936812756704135	26.2488094968134	2.27533824826656	1.04403065089106	2.04560253979843	1.10961705105861	0.936812756704135	0	1.90385129901087	1.12305387226081	1.97532923741759	1.29927864601863	1.95220095990634	0.502493781056045	1.93930653776018	0.419076365356005	0.936812756704135	44.1474801092882	2.62266687926728	1.86564332068056	0.936812756704135	63.2455532033676	0.936812756704135	10.1980390271856	0.936812756704135	79.0569415042095
1.27014609003747	1.27014609003747	1.95220095990634	0.930053761886914	2.44459497524145	0.579870675237160	1.81513140546467	1.27014609003747	2.72376652432751	1.27014609003747	1.91964295459983	0.601040764008565	1.90385129901087	1.27014609003747	1.99582975107908	1.27014609003747	1.68681275670413	1.04403065089106	2.27533824826656	1.10961705105861	2.04560253979843	1.27014609003747	2.20695884674160	1.12305387226081	1.90385129901087	1.29927864601863	1.97532923741759	0.502493781056045	1.95220095990634	0.419076365356005	1.93930653776018	1.27014609003747	2.51210341508446	1.86564332068056	2.62266687926728	1.27014609003747	2.31324016385204	1.27014609003747	2.44459497524145	1.27014609003747	2.71377203561635
0.467038542306735	0.633705208973402	0.982344135219425	2.14148742751072	0.933407735129724	1.51202385773394	0.559016994374948	0.633705208973402	1.26219055613643	0.633705208973402	0.0500000000000000	1.60074375128014	0.934077084613470	0.633705208973402	0.938416218956173	0.633705208973402	0.467038542306735	1.97223070053582	0.629483915600709	1.74249499206770	0.955248658727140	0.633705208973402	1.12305387226081	1.60074375128014	0	1.67222168968685	0.328823660949148	1.64909341217561	0.686476510887299	1.63619899002945	0.952955927627296	0.633705208973402	1.52253899785851	2.31955933153654	1.25224797863682	0.633705208973402	0.459619407771256	0.633705208973402	1.37704393539204	0.633705208973402	1.30096118312577
0	0	0.682054869868874	1.50778221853732	1.17444888520399	0.878318648760539	0.544985315427206	0	1.45362043429004	0	0.649496864562366	0.967038542306735	0.633705208973402	0	0.725683661041614	0	0.416666666666667	1.33852549156242	1.00519215822909	1.10878978309430	0.775456449760963	0	0.936812756704135	0.967038542306735	0.633705208973402	1.03851648071345	0.705183147380117	1.01538820320221	0.682054869868874	1.00249378105604	0.669160447722711	0	1.24195732504700	1.68585412256314	1.35252078922981	0	1.04309407381457	0	1.17444888520399	0	1.44362594557888
0.538516480713450	0.705183147380117	1.00280855600658	2.21296536591744	1.25722909606802	1.58350179614066	0.795691523141977	0.705183147380117	0.933407735129724	0.705183147380117	0.378318648760539	1.67222168968685	0.952955927627296	0.705183147380117	0.807774721070176	0.705183147380117	0.672681202353686	2.04370863894254	0.958188394836840	1.81397293047441	0.794119008713430	0.705183147380117	1.29927864601863	1.67222168968685	0.328823660949148	1.74369962809357	0	1.72057135058232	0.938416218956173	1.70767692843616	1.03077640640442	0.705183147380117	1.43918379646243	2.39103726994326	0.933407735129724	0.705183147380117	0.403887360535088	0.705183147380117	1.54292741242095	0.705183147380117	0.975000000000000
0	0	0.682054869868874	1.50778221853732	1.17444888520399	0.878318648760539	0.544985315427206	0	1.45362043429004	0	0.649496864562366	0.967038542306735	0.633705208973402	0	0.725683661041614	0	0.416666666666667	1.33852549156242	1.00519215822909	1.10878978309430	0.775456449760963	0	0.936812756704135	0.967038542306735	0.633705208973402	1.03851648071345	0.705183147380117	1.01538820320221	0.682054869868874	1.00249378105604	0.669160447722711	0	1.24195732504700	1.68585412256314	1.35252078922981	0	1.04309407381457	0	1.17444888520399	0	1.44362594557888
0.515388203202208	0.682054869868874	0.728868986855663	2.18983708840619	0.559016994374948	1.56037351862941	0.145773797371133	0.682054869868874	1.78972763290954	0.682054869868874	0.660492240681145	1.64909341217561	0.704450140180269	0.682054869868874	1.00778221853732	0.682054869868874	0.279508497187474	2.02058036143130	0.559016994374948	1.79084465296317	1.07761310311262	0.682054869868874	0.502493781056045	1.64909341217561	0.686476510887299	1.72057135058232	0.938416218956173	1.69744307307108	0	1.68454865092492	0.585768725692999	0.682054869868874	1.35208172829900	2.36790899243202	1.70018381359193	0.682054869868874	1.14127122105133	0.682054869868874	0.750000000000000	0.682054869868874	1.78780591787811
0	0	0.682054869868874	1.50778221853732	1.17444888520399	0.878318648760539	0.544985315427206	0	1.45362043429004	0	0.649496864562366	0.967038542306735	0.633705208973402	0	0.725683661041614	0	0.416666666666667	1.33852549156242	1.00519215822909	1.10878978309430	0.775456449760963	0	0.936812756704135	0.967038542306735	0.633705208973402	1.03851648071345	0.705183147380117	1.01538820320221	0.682054869868874	1.00249378105604	0.669160447722711	0	1.24195732504700	1.68585412256314	1.35252078922981	0	1.04309407381457	0	1.17444888520399	0	1.44362594557888
0.502493781056045	0.669160447722711	0.175000000000000	2.17694266626003	1.13715654155442	1.54747909648325	0.555090082779363	0.669160447722711	1.62672984849974	0.669160447722711	0.958188394836840	1.63619899002945	0.182002747232013	0.669160447722711	0.604152298679729	0.669160447722711	0.538516480713450	2.00768593928513	1.12054674155075	1.77795023081701	0.693271231193102	0.669160447722711	0.419076365356005	1.63619899002945	0.952955927627296	1.70767692843616	1.03077640640442	1.68454865092492	0.585768725692999	1.67165422877876	0	0.669160447722711	0.772172260574025	2.35501457028585	1.46500853239836	0.669160447722711	1.37863156789622	0.669160447722711	0.585768725692999	0.669160447722711	1.58133646008685
0	0	0.682054869868874	1.50778221853732	1.17444888520399	0.878318648760539	0.544985315427206	0	1.45362043429004	0	0.649496864562366	0.967038542306735	0.633705208973402	0	0.725683661041614	0	0.416666666666667	1.33852549156242	1.00519215822909	1.10878978309430	0.775456449760963	0	0.936812756704135	0.967038542306735	0.633705208973402	1.03851648071345	0.705183147380117	1.01538820320221	0.682054869868874	1.00249378105604	0.669160447722711	0	1.24195732504700	1.68585412256314	1.35252078922981	0	1.04309407381457	0	1.17444888520399	0	1.44362594557888
1.07529065838033	1.24195732504700	25	2.74973954358431	1.90804219030922	2.12027597380753	1.29638921624642	1.24195732504700	63.2455532033676	1.24195732504700	61.9112267686564	2.20899586735373	0.656220237420334	1.24195732504700	25.4950975679639	1.24195732504700	49.4974746830583	2.58048281660942	1.85825859341481	2.35074710814129	0.676849318534044	1.24195732504700	44.1474801092882	2.20899586735373	1.52253899785851	2.28047380576045	1.43918379646243	2.25734552824920	1.35208172829900	2.24445110610304	0.772172260574025	1.24195732504700	0	2.92781144761014	1.34629120178363	1.24195732504700	73.6817480791546	1.24195732504700	45	1.24195732504700	59.2368128784796
1.57529065838033	1.57529065838033	2.25734552824920	1.90804219030922	2.74973954358431	1.29638921624642	2.12027597380753	1.57529065838033	3.02891109267037	1.57529065838033	2.22478752294269	0.656220237420334	2.20899586735373	1.57529065838033	2.30097431942194	1.57529065838033	1.99195732504700	1.85825859341481	2.58048281660942	0.676849318534044	2.35074710814129	1.57529065838033	2.51210341508446	1.52253899785851	2.20899586735373	1.43918379646243	2.28047380576045	1.35208172829900	2.25734552824920	0.772172260574025	2.24445110610304	1.57529065838033	2.81724798342732	1.34629120178363	2.92781144761014	1.57529065838033	2.61838473219490	1.57529065838033	2.74973954358431	1.57529065838033	3.01891660395921
1.18585412256314	1.35252078922981	1.32876822659183	2.86030300776713	2.13965534607796	2.23083943799035	1.55904618276689	1.35252078922981	0.250000000000000	1.35252078922981	1.30216166431054	2.31955933153654	1.29638921624642	1.35252078922981	0.883883476483184	1.35252078922981	1.42521928137392	2.69104628079223	1.87500000000000	2.46131057232411	0.795691523141977	1.35252078922981	1.86564332068056	2.31955933153654	1.25224797863682	2.39103726994326	0.933407735129724	2.36790899243202	1.70018381359193	2.35501457028585	1.46500853239836	1.35252078922981	1.34629120178363	3.03837491179295	0	1.35252078922981	1.18559057013794	1.35252078922981	2.05015243335709	1.35252078922981	0.134629120178363
0	0	0.682054869868874	1.50778221853732	1.17444888520399	0.878318648760539	0.544985315427206	0	1.45362043429004	0	0.649496864562366	0.967038542306735	0.633705208973402	0	0.725683661041614	0	0.416666666666667	1.33852549156242	1.00519215822909	1.10878978309430	0.775456449760963	0	0.936812756704135	0.967038542306735	0.633705208973402	1.03851648071345	0.705183147380117	1.01538820320221	0.682054869868874	1.00249378105604	0.669160447722711	0	1.24195732504700	1.68585412256314	1.35252078922981	0	1.04309407381457	0	1.17444888520399	0	1.44362594557888
0.876427407147905	1.04309407381457	55.0817574156816	2.55087629235189	1.29034879005639	1.92141272257511	1.01796365357512	1.04309407381457	44.1474801092882	1.04309407381457	19.2353840616713	2.01013261612131	1.32712094399870	1.04309407381457	48.4664832642105	1.04309407381457	37	2.38161956537699	0.943398113205660	2.15188385690887	1.19634861140054	1.04309407381457	63.2455532033676	2.01013261612131	0.459619407771256	2.08161055452802	0.403887360535088	2.05848227701678	1.14127122105133	2.04558785487062	1.37863156789622	1.04309407381457	73.6817480791546	2.72894819637771	1.18559057013794	1.04309407381457	0	1.04309407381457	73.3757453113766	1.04309407381457	47.4341649025257
1.37642740714791	1.37642740714791	2.05848227701678	1.29034879005639	2.55087629235189	1.01796365357512	1.92141272257511	1.37642740714791	2.83004784143795	1.37642740714791	2.02592427171027	1.32712094399870	2.01013261612131	1.37642740714791	2.10211106818952	1.37642740714791	1.79309407381457	0.943398113205660	2.38161956537699	1.19634861140054	2.15188385690887	1.37642740714791	2.31324016385204	0.459619407771256	2.01013261612131	0.403887360535088	2.08161055452802	1.14127122105133	2.05848227701678	1.37863156789622	2.04558785487062	1.37642740714791	2.61838473219490	1.18559057013794	2.72894819637771	1.37642740714791	2.41952148096248	1.37642740714791	2.55087629235189	1.37642740714791	2.82005335272679
1.00778221853732	1.17444888520399	29.1547594742265	2.68223110374130	1.11803398874990	2.05276753396452	0.834415963413932	1.17444888520399	88.4590300647707	1.17444888520399	54.5710545985690	2.14148742751072	0.755810822891549	1.17444888520399	47.1699056602830	1.17444888520399	36.4005494464026	2.51297437676641	1.27475487839820	2.28323866829828	1.26935022747861	1.17444888520399	10.1980390271856	2.14148742751072	1.37704393539204	2.21296536591744	1.54292741242095	2.18983708840619	0.750000000000000	2.17694266626003	0.585768725692999	1.17444888520399	45	2.86030300776713	2.05015243335709	1.17444888520399	73.3757453113766	1.17444888520399	0	1.17444888520399	86.6833317310774
1.50778221853732	1.50778221853732	2.18983708840619	1.11803398874990	2.68223110374130	0.834415963413932	2.05276753396452	1.50778221853732	2.96140265282736	1.50778221853732	2.15727908309968	0.755810822891549	2.14148742751072	1.50778221853732	2.23346587957893	1.50778221853732	1.92444888520399	1.27475487839820	2.51297437676641	1.26935022747861	2.28323866829828	1.50778221853732	2.44459497524145	1.37704393539204	2.14148742751072	1.54292741242095	2.21296536591744	0.750000000000000	2.18983708840619	0.585768725692999	2.17694266626003	1.50778221853732	2.74973954358431	2.05015243335709	2.86030300776713	1.50778221853732	2.55087629235189	1.50778221853732	2.68223110374130	1.50778221853732	2.95140816411620
1.27695927891221	1.44362594557888	58	2.95140816411620	2.20709084543432	2.32194459433942	1.64468842033985	1.44362594557888	5.38516480713450	1.44362594557888	54.0370243444252	2.41066448788562	1.41598022585063	1.44362594557888	40.3608721412211	1.44362594557888	60.4069532421558	2.78215143714130	1.92905417238604	2.55241572867318	0.921954445729289	1.44362594557888	79.0569415042095	2.41066448788562	1.30096118312577	2.48214242629233	0.975000000000000	2.45901414878109	1.78780591787811	2.44611972663492	1.58133646008685	1.44362594557888	59.2368128784796	3.12948006814202	0.134629120178363	1.44362594557888	47.4341649025257	1.44362594557888	86.6833317310774	1.44362594557888	0
1.77695927891221	1.77695927891221	2.45901414878109	2.20709084543432	2.95140816411620	1.64468842033985	2.32194459433942	1.77695927891221	3.23057971320226	1.77695927891221	2.42645614347458	1.41598022585063	2.41066448788562	1.77695927891221	2.50264293995383	1.77695927891221	2.19362594557888	1.92905417238604	2.78215143714130	0.921954445729289	2.55241572867318	1.77695927891221	2.71377203561635	1.30096118312577	2.41066448788562	0.975000000000000	2.48214242629233	1.78780591787811	2.45901414878109	1.58133646008685	2.44611972663492	1.77695927891221	3.01891660395921	0.134629120178363	3.12948006814202	1.77695927891221	2.82005335272679	1.77695927891221	2.95140816411620	1.77695927891221	3.22058522449109

2	4	1	0	1
5	2	4	0	0
6	2	4	0	0
2	7	1	0	1
2	8	1	0	1
9	2	4	0	0
2	10	1	0	1
2	11	1	0	1
12	2	4	0	0
13	2	4	0	0
2	14	1	0	1
15	2	4	0	0
16	2	4	0	0
17	2	4	0	0
18	2	4	0	0
2	19	1	0	1
20	2	4	0	0
2	21	1	0	1
2	22	1	0	1
2	23	1	0	1





4	3	2	0	0
3	5	3	0	1
3	6	3	0	1
7	3	2	0	0
8	3	2	0	0
3	9	3	0	1
10	3	2	0	0
11	3	2	0	0
3	12	3	0	1
3	13	3	0	1
14	3	2	0	0
3	15	3	0	1
3	16	3	0	1
3	17	3	0	1
3	18	3	0	1
19	3	2	0	0
3	20	3	0	1
21	3	2	0	0
22	3	2	0	0
23	3	2	0	0








linktime（task1）
0	0	1.00778221853732	0.378318648760539	0	0	0.467038542306735	0	0	0.838525491562421	0.608789783094296	0	0.467038542306735	0.538516480713450	0.515388203202208	0.502493781056045	0	1.18585412256314	0	0	0
0.515388203202208	0.682054869868874	1.28695376762338	0.672681202353686	0.682054869868874	0.682054869868874	0.0500000000000000	0.682054869868874	0.682054869868874	1.23743686707646	0.540832691319598	0.682054869868874	0.982344135219425	1.00280855600658	0.728868986855663	0.175000000000000	0.682054869868874	1.32876822659183	0.682054869868874	0.682054869868874	0.682054869868874
0	0	1.17444888520399	0.544985315427206	0	0	0.633705208973402	0	0	1.00519215822909	0.775456449760963	0	0.633705208973402	0.705183147380117	0.682054869868874	0.669160447722711	0	1.35252078922981	0	0	0
0	0	1.17444888520399	0.544985315427206	0	0	0.633705208973402	0	0	1.00519215822909	0.775456449760963	0	0.633705208973402	0.705183147380117	0.682054869868874	0.669160447722711	0	1.35252078922981	0	0	0
1.28695376762338	1.45362043429004	2.18303114957162	1.64487841495960	1.45362043429004	1.45362043429004	1.46820468600260	1.45362043429004	1.45362043429004	1.89159324380269	0.991526600752597	1.45362043429004	1.26219055613643	0.933407735129724	1.78972763290954	1.62672984849974	1.45362043429004	0.250000000000000	1.45362043429004	1.45362043429004	1.45362043429004
0.482830197895699	0.649496864562366	0.886707392548410	0.538516480713450	0.649496864562366	0.649496864562366	0.948683298050514	0.649496864562366	0.649496864562366	0.579870675237160	0.992471662063960	0.649496864562366	0.0500000000000000	0.378318648760539	0.660492240681145	0.958188394836840	0.649496864562366	1.30216166431054	0.649496864562366	0.649496864562366	0.649496864562366
0	0	1.17444888520399	0.544985315427206	0	0	0.633705208973402	0	0	1.00519215822909	0.775456449760963	0	0.633705208973402	0.705183147380117	0.682054869868874	0.669160447722711	0	1.35252078922981	0	0	0
0.559016994374948	0.725683661041614	1.54616460960662	0.897566153550812	0.725683661041614	0.725683661041614	0.425000000000000	0.725683661041614	0.725683661041614	1.39754248593737	0.0901387818865997	0.725683661041614	0.938416218956173	0.807774721070176	1.00778221853732	0.604152298679729	0.725683661041614	0.883883476483184	0.725683661041614	0.725683661041614	0.725683661041614
0.250000000000000	0.416666666666667	0.760345316287278	0.134629120178363	0.416666666666667	0.416666666666667	0.585768725692999	0.416666666666667	0.416666666666667	0.625000000000000	0.848896342317482	0.416666666666667	0.467038542306735	0.672681202353686	0.279508497187474	0.538516480713450	0.416666666666667	1.42521928137392	0.416666666666667	0.416666666666667	0.416666666666667
0	0	1.17444888520399	0.544985315427206	0	0	0.633705208973402	0	0	1.00519215822909	0.775456449760963	0	0.633705208973402	0.705183147380117	0.682054869868874	0.669160447722711	0	1.35252078922981	0	0	0
0	0	1.17444888520399	0.544985315427206	0	0	0.633705208973402	0	0	1.00519215822909	0.775456449760963	0	0.633705208973402	0.705183147380117	0.682054869868874	0.669160447722711	0	1.35252078922981	0	0	0
0.770146090037468	0.936812756704135	0.930053761886914	0.579870675237160	0.936812756704135	0.936812756704135	0.601040764008565	0.936812756704135	0.936812756704135	1.04403065089106	1.10961705105861	0.936812756704135	1.12305387226081	1.29927864601863	0.502493781056045	0.419076365356005	0.936812756704135	1.86564332068056	0.936812756704135	0.936812756704135	0.936812756704135
0	0	1.17444888520399	0.544985315427206	0	0	0.633705208973402	0	0	1.00519215822909	0.775456449760963	0	0.633705208973402	0.705183147380117	0.682054869868874	0.669160447722711	0	1.35252078922981	0	0	0
0	0	1.17444888520399	0.544985315427206	0	0	0.633705208973402	0	0	1.00519215822909	0.775456449760963	0	0.633705208973402	0.705183147380117	0.682054869868874	0.669160447722711	0	1.35252078922981	0	0	0
0	0	1.17444888520399	0.544985315427206	0	0	0.633705208973402	0	0	1.00519215822909	0.775456449760963	0	0.633705208973402	0.705183147380117	0.682054869868874	0.669160447722711	0	1.35252078922981	0	0	0
0	0	1.17444888520399	0.544985315427206	0	0	0.633705208973402	0	0	1.00519215822909	0.775456449760963	0	0.633705208973402	0.705183147380117	0.682054869868874	0.669160447722711	0	1.35252078922981	0	0	0
1.07529065838033	1.24195732504700	1.90804219030922	1.29638921624642	1.24195732504700	1.24195732504700	0.656220237420334	1.24195732504700	1.24195732504700	1.85825859341481	0.676849318534044	1.24195732504700	1.52253899785851	1.43918379646243	1.35208172829900	0.772172260574025	1.24195732504700	1.34629120178363	1.24195732504700	1.24195732504700	1.24195732504700
0	0	1.17444888520399	0.544985315427206	0	0	0.633705208973402	0	0	1.00519215822909	0.775456449760963	0	0.633705208973402	0.705183147380117	0.682054869868874	0.669160447722711	0	1.35252078922981	0	0	0
0.876427407147905	1.04309407381457	1.29034879005639	1.01796365357512	1.04309407381457	1.04309407381457	1.32712094399870	1.04309407381457	1.04309407381457	0.943398113205660	1.19634861140054	1.04309407381457	0.459619407771256	0.403887360535088	1.14127122105133	1.37863156789622	1.04309407381457	1.18559057013794	1.04309407381457	1.04309407381457	1.04309407381457
1.00778221853732	1.17444888520399	1.11803398874990	0.834415963413932	1.17444888520399	1.17444888520399	0.755810822891549	1.17444888520399	1.17444888520399	1.27475487839820	1.26935022747861	1.17444888520399	1.37704393539204	1.54292741242095	0.750000000000000	0.585768725692999	1.17444888520399	2.05015243335709	1.17444888520399	1.17444888520399	1.17444888520399
1.27695927891221	1.44362594557888	2.20709084543432	1.64468842033985	1.44362594557888	1.44362594557888	1.41598022585063	1.44362594557888	1.44362594557888	1.92905417238604	0.921954445729289	1.44362594557888	1.30096118312577	0.975000000000000	1.78780591787811	1.58133646008685	1.44362594557888	0.134629120178363	1.44362594557888	1.44362594557888	1.44362594557888


linktime（task2）
0	0.515388203202208	1.50778221853732	0.878318648760539	1.28695376762338	0.482830197895699	0.967038542306735	0.559016994374948	0.250000000000000	1.33852549156242	1.10878978309430	0.770146090037468	0.967038542306735	1.03851648071345	1.01538820320221	1.00249378105604	1.07529065838033	1.68585412256314	0.876427407147905	1.00778221853732	1.27695927891221
1.01538820320221	1.69744307307108	1.28695376762338	0.672681202353686	2.46900863749225	1.66488506776457	0.0500000000000000	1.74107186424382	1.43205486986887	1.23743686707646	0.540832691319598	1.95220095990634	0.982344135219425	1.00280855600658	0.728868986855663	0.175000000000000	2.25734552824920	1.32876822659183	2.05848227701678	2.18983708840619	2.45901414878109
1.00778221853732	1.28695376762338	2.68223110374130	2.05276753396452	2.18303114957162	0.886707392548410	2.14148742751072	1.54616460960662	0.760345316287278	2.51297437676641	2.28323866829828	0.930053761886914	2.14148742751072	2.21296536591744	2.18983708840619	2.17694266626003	1.90804219030922	2.86030300776713	1.29034879005639	1.11803398874990	2.20709084543432
0.378318648760539	0.672681202353686	2.05276753396452	1.42330396418774	1.64487841495960	0.538516480713450	1.51202385773394	0.897566153550812	0.134629120178363	1.88351080698963	1.65377509852150	0.579870675237160	1.51202385773394	1.58350179614066	1.56037351862941	1.54747909648325	1.29638921624642	2.23083943799035	1.01796365357512	0.834415963413932	1.64468842033985
1.78695376762338	2.46900863749225	2.18303114957162	1.64487841495960	3.24057420191342	2.43645063218574	1.46820468600260	2.51263742866499	2.20362043429004	1.89159324380269	0.991526600752597	2.72376652432751	1.26219055613643	0.933407735129724	1.78972763290954	1.62672984849974	3.02891109267037	0.250000000000000	2.83004784143795	2.96140265282736	3.23057971320226
0.982830197895699	1.66488506776457	0.886707392548410	0.538516480713450	2.43645063218574	1.63232706245807	0.948683298050514	1.70851385893731	1.39949686456237	0.579870675237160	0.992471662063960	1.91964295459983	0.0500000000000000	0.378318648760539	0.660492240681145	0.958188394836840	2.22478752294269	1.30216166431054	2.02592427171027	2.15727908309968	2.42645614347458
0.467038542306735	0.0500000000000000	2.14148742751072	1.51202385773394	1.46820468600260	0.948683298050514	1.60074375128014	0.425000000000000	0.585768725692999	1.97223070053582	1.74249499206770	0.601040764008565	1.60074375128014	1.67222168968685	1.64909341217561	1.63619899002945	0.656220237420334	2.31955933153654	1.32712094399870	0.755810822891549	1.41598022585063
1.05901699437495	1.74107186424382	1.54616460960662	0.897566153550812	2.51263742866499	1.70851385893731	0.425000000000000	1.78470065541656	1.47568366104161	1.39754248593737	0.0901387818865997	1.99582975107908	0.938416218956173	0.807774721070176	1.00778221853732	0.604152298679729	2.30097431942194	0.883883476483184	2.10211106818952	2.23346587957893	2.50264293995383
0.750000000000000	1.43205486986887	0.760345316287278	0.134629120178363	2.20362043429004	1.39949686456237	0.585768725692999	1.47568366104161	1.16666666666667	0.625000000000000	0.848896342317482	1.68681275670413	0.467038542306735	0.672681202353686	0.279508497187474	0.538516480713450	1.99195732504700	1.42521928137392	1.79309407381457	1.92444888520399	2.19362594557888
0.838525491562421	1.23743686707646	2.51297437676641	1.88351080698963	1.89159324380269	0.579870675237160	1.97223070053582	1.39754248593737	0.625000000000000	2.34371764979151	2.11398194132338	1.04403065089106	1.97223070053582	2.04370863894254	2.02058036143130	2.00768593928513	1.85825859341481	2.69104628079223	0.943398113205660	1.27475487839820	1.92905417238604
0.608789783094296	0.540832691319598	2.28323866829828	1.65377509852150	0.991526600752597	0.992471662063960	1.74249499206770	0.0901387818865997	0.848896342317482	2.11398194132338	1.88424623285526	1.10961705105861	1.74249499206770	1.81397293047441	1.79084465296317	1.77795023081701	0.676849318534044	2.46131057232411	1.19634861140054	1.26935022747861	0.921954445729289
1.27014609003747	1.95220095990634	0.930053761886914	0.579870675237160	2.72376652432751	1.91964295459983	0.601040764008565	1.99582975107908	1.68681275670413	1.04403065089106	1.10961705105861	2.20695884674160	1.12305387226081	1.29927864601863	0.502493781056045	0.419076365356005	2.51210341508446	1.86564332068056	2.31324016385204	2.44459497524145	2.71377203561635
0.467038542306735	0.982344135219425	2.14148742751072	1.51202385773394	1.26219055613643	0.0500000000000000	1.60074375128014	0.938416218956173	0.467038542306735	1.97223070053582	1.74249499206770	1.12305387226081	1.60074375128014	1.67222168968685	1.64909341217561	1.63619899002945	1.52253899785851	2.31955933153654	0.459619407771256	1.37704393539204	1.30096118312577
0.538516480713450	1.00280855600658	2.21296536591744	1.58350179614066	0.933407735129724	0.378318648760539	1.67222168968685	0.807774721070176	0.672681202353686	2.04370863894254	1.81397293047441	1.29927864601863	1.67222168968685	1.74369962809357	1.72057135058232	1.70767692843616	1.43918379646243	2.39103726994326	0.403887360535088	1.54292741242095	0.975000000000000
