最优解为:750.5339
最优解路径:

Best_route =

     3    15     6     7     8    12     2     4     0     0     0     0     0     0     0     0     0
     5    13     1    11     9    16    14    10     0     0     0     0     0     0     0     0     0

本次运算用时:10.906秒
算法在第2代时收敛

best
766.049716535934
750.533923152205
750.533923152205
750.533923152205
750.533923152205
750.533923152205
750.533923152205
750.533923152205
750.533923152205
750.533923152205
750.533923152205
750.533923152205
750.533923152205
750.533923152205
750.533923152205
750.533923152205
750.533923152205
750.533923152205
750.533923152205
750.533923152205
750.533923152205
750.533923152205
750.533923152205
750.533923152205
750.533923152205
750.533923152205
750.533923152205
750.533923152205
750.533923152205
750.533923152205
750.533923152205
750.533923152205
750.533923152205
750.533923152205
750.533923152205
750.533923152205
750.533923152205
750.533923152205
750.533923152205
750.533923152205
750.533923152205
750.533923152205
750.533923152205
750.533923152205
750.533923152205
750.533923152205
750.533923152205
750.533923152205
750.533923152205
750.533923152205
750.533923152205
750.533923152205
750.533923152205
750.533923152205
750.533923152205
750.533923152205
750.533923152205
750.533923152205
750.533923152205
750.533923152205
750.533923152205
750.533923152205
750.533923152205
750.533923152205
750.533923152205
750.533923152205
750.533923152205
750.533923152205
750.533923152205
750.533923152205
750.533923152205
750.533923152205
750.533923152205
750.533923152205
750.533923152205
750.533923152205
750.533923152205
750.533923152205
750.533923152205
750.533923152205
750.533923152205
750.533923152205
750.533923152205
750.533923152205
750.533923152205
750.533923152205
750.533923152205
750.533923152205
750.533923152205
750.533923152205
750.533923152205
750.533923152205
750.533923152205
750.533923152205
750.533923152205
750.533923152205
750.533923152205
750.533923152205
750.533923152205
750.533923152205
750.533923152205
750.533923152205
750.533923152205
750.533923152205
750.533923152205
750.533923152205
750.533923152205
750.533923152205
750.533923152205
750.533923152205
750.533923152205
750.533923152205
750.533923152205
750.533923152205
750.533923152205
750.533923152205
750.533923152205
750.533923152205
750.533923152205
750.533923152205
750.533923152205
750.533923152205
750.533923152205
750.533923152205
750.533923152205
750.533923152205
750.533923152205
750.533923152205
750.533923152205
750.533923152205
750.533923152205
750.533923152205
750.533923152205
750.533923152205
750.533923152205
750.533923152205
750.533923152205
750.533923152205
750.533923152205
750.533923152205
750.533923152205
750.533923152205
750.533923152205
750.533923152205
750.533923152205
750.533923152205
750.533923152205
750.533923152205
750.533923152205
750.533923152205
750.533923152205
750.533923152205
750.533923152205
750.533923152205
750.533923152205
750.533923152205
750.533923152205
750.533923152205
750.533923152205
750.533923152205
750.533923152205
750.533923152205
750.533923152205
750.533923152205
750.533923152205
750.533923152205
750.533923152205
750.533923152205
750.533923152205
750.533923152205
750.533923152205
750.533923152205
750.533923152205
750.533923152205
750.533923152205
750.533923152205
750.533923152205
750.533923152205
750.533923152205
750.533923152205
750.533923152205
750.533923152205
750.533923152205
750.533923152205
750.533923152205
750.533923152205
750.533923152205
750.533923152205
750.533923152205
750.533923152205
750.533923152205
750.533923152205
750.533923152205
750.533923152205
750.533923152205
750.533923152205
750.533923152205
750.533923152205
750.533923152205
750.533923152205

ave
884.061393684042
874.142240000933
895.894153223029
883.604788762445
870.617531442932
910.388018499725
888.350597863322
878.162227619220
887.302848953331
890.462254797748
893.071361920505
874.234433358775
897.358553194716
877.764414589177
889.918906054748
872.579302630372
876.796261676454
863.680473990729
889.903872387706
853.497995223732
876.423381767131
892.946652900076
858.215360263584
863.844660374525
858.882928560649
883.930234209603
864.594390694020
883.076196809689
853.862391976698
887.297074883769
856.137588382635
863.722091718502
856.857221482981
856.037936462036
885.892982369905
860.011056419310
843.371106184438
858.857117159140
849.674558327973
858.681984313246
851.179429485475
855.991401693887
847.710122175645
845.816082657736
846.063867139191
846.927435960064
842.024434216542
837.411072722571
859.504189392485
858.700575262970
840.073833054240
834.373636955443
834.446210281678
856.650270827692
832.016796358029
902.321394342414
872.905685892738
867.880094481342
881.915377874205
863.542907671903
881.767703679219
875.881947222826
850.606133983426
874.180695048010
879.373010664256
856.780278667298
874.636055007594
873.710558072478
877.802490126739
879.000541440837
885.683236486120
871.174087134153
881.124335908969
886.316055999104
887.957323885194
866.329868602010
885.595699800485
881.192533644983
907.849189510672
882.037728231224
885.677302263452
876.434580904633
869.476000459468
901.101449808762
889.302965861332
921.886511753061
924.452071146873
900.478850069704
873.950186599698
892.530850940926
903.128309934906
892.540356276830
876.154604993428
903.225247866043
889.023864956683
881.181890653805
886.844667076484
936.642199727478
896.352726239103
872.385242141875
886.690827464632
891.972718782282
889.606339200020
862.555877143966
886.055303215191
876.346187711055
924.939230871794
891.812252125171
903.469748264943
898.066579374873
875.527135287938
903.651646812938
890.010712683334
912.130812201435
886.449566135680
904.498892722024
867.323668659638
890.641425077709
926.625065919574
879.855289216270
865.533779587236
912.381790703567
916.792978208730
862.682347587536
886.160269688246
913.122485078264
863.639259820346
892.906598612704
874.026679990785
897.204464448368
921.093612312042
887.094726151156
888.212857378881
912.916112325285
862.926810301847
899.259997184489
900.464103599519
878.167488373084
877.921798420378
877.698397645310
900.191679935981
915.552654364467
882.016101099631
894.295742339725
887.419984402080
867.943669598215
878.858317955397
891.793380203789
898.534637631091
887.927421455216
872.613802956547
887.740238961344
884.412129115015
866.174630367719
882.113739192812
911.120337127387
896.786450964926
903.371844806214
895.694048677319
913.049292236525
894.532226258460
913.298079429493
878.857776920331
870.485223402336
889.991014017511
900.627974250774
894.617376379144
919.285021982601
905.557043923202
914.137312169352
876.325701213194
900.891470105555
856.412666335417
876.452212236989
905.568488707466
871.632849614149
864.363503617459
863.920655442709
878.672932504779
870.172165754714
905.721680703872
878.297189576361
880.495998536379
883.382159752529
883.052936539593
899.695666784785
875.487282644209
873.372729255021
876.958563335684
853.623051628253
872.155257872181
887.340442164613
857.242420818723
879.429451873297
891.210659077038
882.993474663985
860.194557133328
897.125189357501
873.701311086146
891.906856547739