实验环境：
VeiNum = 2
Q_ant = 60
AntNum = 20 
iter_max = 100
抽取的客户节点编号为

Cus_select =

    64    93    78    17     7

各任务对应的的客户节点编号为

Task_Cus =

    64    93    78    17     7

cus
40	50
40	50
40	50
45	30
61	52
8	56
0	45
15	75

task
3	4	3	0	1
4	2	4	1	0
3	5	3	0	1
5	2	4	3	0
2	6	1	0	1
6	3	2	5	0
3	7	3	0	1
7	2	4	7	0
3	8	3	0	1
8	2	4	9	0


linktime
0	1.01538820320221	0.515388203202208	1.02737557774322	0.527375577743225	0	0.813941029804985	1.50778221853732	1.00778221853732	1.38388347648318	0.883883476483184
0.515388203202208	1.69744307307108	0	1.70943044761210	0.680073525436772	0.682054869868874	1.13054190545950	2.18983708840619	1.18585412256314	2.06593834635206	1.35208172829900
0	1.01538820320221	0.682054869868874	1.02737557774322	0.694042244409891	0	0.980607696471652	1.50778221853732	1.17444888520399	1.38388347648318	1.05055014314985
0.527375577743225	1.70943044761210	0.680073525436772	1.72141782215312	0	0.694042244409891	1.32876822659183	2.20182446294721	1.53500814330088	2.07792572089308	1.28573908706238
0	1.01538820320221	0.682054869868874	1.02737557774322	0.694042244409891	0	0.980607696471652	1.50778221853732	1.17444888520399	1.38388347648318	1.05055014314985
0.813941029804985	1.99599589967386	1.13054190545950	2.00798327421488	1.32876822659183	0.980607696471652	0	2.48838991500897	0.340036762718386	2.36449117295484	0.506211418282915
1.31394102980499	1.13054190545950	1.99599589967386	1.32876822659183	2.00798327421488	1.31394102980499	2.29454872627664	0.340036762718386	2.48838991500897	0.506211418282915	2.36449117295484
1.00778221853732	2.18983708840619	1.18585412256314	2.20182446294721	1.53500814330088	1.17444888520399	0.340036762718386	2.68223110374130	0	2.55833236168717	0.838525491562421
0	1.01538820320221	0.682054869868874	1.02737557774322	0.694042244409891	0	0.980607696471652	1.50778221853732	1.17444888520399	1.38388347648318	1.05055014314985
0.883883476483184	2.06593834635206	1.35208172829900	2.07792572089308	1.28573908706238	1.05055014314985	0.506211418282915	2.55833236168717	0.838525491562421	2.43443361963304	0
0	1.01538820320221	0.682054869868874	1.02737557774322	0.694042244409891	0	0.980607696471652	1.50778221853732	1.17444888520399	1.38388347648318	1.05055014314985

tasktime
0
0.166666666666667
1.18205486986887
0.166666666666667
1.19404224440989
1.48060769647165
0.166666666666667
0.166666666666667
1.67444888520399
0.166666666666667
1.55055014314985


1
4	2	4	0	0
5	2	4	0	0
2	6	1	0	1
7	2	4	0	0
8	2	4	0	0


2
3	4	3	0	1
3	5	3	0	1
6	3	2	0	0
3	7	3	0	1
3	8	3	0	1


linktime1
0	0.515388203202208	0.527375577743225	0	1.00778221853732	0.883883476483184
0	0.682054869868874	0.694042244409891	0	1.17444888520399	1.05055014314985
0	0.682054869868874	0.694042244409891	0	1.17444888520399	1.05055014314985
0.813941029804985	1.13054190545950	1.32876822659183	0.980607696471652	0.340036762718386	0.506211418282915
0	0.682054869868874	0.694042244409891	0	1.17444888520399	1.05055014314985
0	0.682054869868874	0.694042244409891	0	1.17444888520399	1.05055014314985


tasktime1
0
1.18205486986887
1.19404224440989
1.48060769647165
1.67444888520399
1.55055014314985


linktime2
0	1.01538820320221	1.02737557774322	0.813941029804985	1.50778221853732	1.38388347648318
0.515388203202208	1.69744307307108	1.70943044761210	1.13054190545950	2.18983708840619	2.06593834635206
0.527375577743225	1.70943044761210	1.72141782215312	1.32876822659183	2.20182446294721	2.07792572089308
1.31394102980499	1.13054190545950	1.32876822659183	2.29454872627664	0.340036762718386	0.506211418282915
1.00778221853732	2.18983708840619	2.20182446294721	0.340036762718386	2.68223110374130	2.55833236168717
0.883883476483184	2.06593834635206	2.07792572089308	0.506211418282915	2.55833236168717	2.43443361963304


tasktime2
0
0.166666666666667
0.166666666666667
0.166666666666667
0.166666666666667
0.166666666666667