最优解为:1030.5707
最优解路径:

Best_route =

    15    16     5     6     1     2     3     4    14     0     0     0     0     0     0     0     0
     9    10     7     8    11    12    13     0     0     0     0     0     0     0     0     0     0

本次运算用时:8.968秒
算法在第2代时收敛

best
1069.53484402164
1030.57068132829
1030.57068132829
1030.57068132829
1030.57068132829
1030.57068132829
1030.57068132829
1030.57068132829
1030.57068132829
1030.57068132829
1030.57068132829
1030.57068132829
1030.57068132829
1030.57068132829
1030.57068132829
1030.57068132829
1030.57068132829
1030.57068132829
1030.57068132829
1030.57068132829
1030.57068132829
1030.57068132829
1030.57068132829
1030.57068132829
1030.57068132829
1030.57068132829
1030.57068132829
1030.57068132829
1030.57068132829
1030.57068132829
1030.57068132829
1030.57068132829
1030.57068132829
1030.57068132829
1030.57068132829
1030.57068132829
1030.57068132829
1030.57068132829
1030.57068132829
1030.57068132829
1030.57068132829
1030.57068132829
1030.57068132829
1030.57068132829
1030.57068132829
1030.57068132829
1030.57068132829
1030.57068132829
1030.57068132829
1030.57068132829
1030.57068132829
1030.57068132829
1030.57068132829
1030.57068132829
1030.57068132829
1030.57068132829
1030.57068132829
1030.57068132829
1030.57068132829
1030.57068132829
1030.57068132829
1030.57068132829
1030.57068132829
1030.57068132829
1030.57068132829
1030.57068132829
1030.57068132829
1030.57068132829
1030.57068132829
1030.57068132829
1030.57068132829
1030.57068132829
1030.57068132829
1030.57068132829
1030.57068132829
1030.57068132829
1030.57068132829
1030.57068132829
1030.57068132829
1030.57068132829
1030.57068132829
1030.57068132829
1030.57068132829
1030.57068132829
1030.57068132829
1030.57068132829
1030.57068132829
1030.57068132829
1030.57068132829
1030.57068132829
1030.57068132829
1030.57068132829
1030.57068132829
1030.57068132829
1030.57068132829
1030.57068132829
1030.57068132829
1030.57068132829
1030.57068132829
1030.57068132829
1030.57068132829
1030.57068132829
1030.57068132829
1030.57068132829
1030.57068132829
1030.57068132829
1030.57068132829
1030.57068132829
1030.57068132829
1030.57068132829
1030.57068132829
1030.57068132829
1030.57068132829
1030.57068132829
1030.57068132829
1030.57068132829
1030.57068132829
1030.57068132829
1030.57068132829
1030.57068132829
1030.57068132829
1030.57068132829
1030.57068132829
1030.57068132829
1030.57068132829
1030.57068132829
1030.57068132829
1030.57068132829
1030.57068132829
1030.57068132829
1030.57068132829
1030.57068132829
1030.57068132829
1030.57068132829
1030.57068132829
1030.57068132829
1030.57068132829
1030.57068132829
1030.57068132829
1030.57068132829
1030.57068132829
1030.57068132829
1030.57068132829
1030.57068132829
1030.57068132829
1030.57068132829
1030.57068132829
1030.57068132829
1030.57068132829
1030.57068132829
1030.57068132829
1030.57068132829
1030.57068132829
1030.57068132829
1030.57068132829
1030.57068132829
1030.57068132829
1030.57068132829
1030.57068132829
1030.57068132829
1030.57068132829
1030.57068132829
1030.57068132829
1030.57068132829
1030.57068132829
1030.57068132829
1030.57068132829
1030.57068132829
1030.57068132829
1030.57068132829
1030.57068132829
1030.57068132829
1030.57068132829
1030.57068132829
1030.57068132829
1030.57068132829
1030.57068132829
1030.57068132829
1030.57068132829
1030.57068132829
1030.57068132829
1030.57068132829
1030.57068132829
1030.57068132829
1030.57068132829
1030.57068132829
1030.57068132829
1030.57068132829
1030.57068132829
1030.57068132829
1030.57068132829
1030.57068132829
1030.57068132829
1030.57068132829
1030.57068132829
1030.57068132829
1030.57068132829
1030.57068132829
1030.57068132829
1030.57068132829

ave
1262.01443513641
1356.13666610996
1241.65756205977
1278.95543783913
1225.26288240310
1271.62496431054
1206.12337681647
1216.70739237909
1202.10971084065
1282.80421539263
1219.44517977560
1228.01806746531
1197.11608271742
1198.82623882333
1245.69215071953
1195.56156794958
1214.44726305855
1157.30003908603
1214.35823062291
1166.64066352222
1194.20122080029
1191.93552452791
1190.71675040380
1120.59854348094
1168.04336142517
1199.50927613546
1174.60638024811
1144.03522964029
1129.65284592179
1080.64520023615
1152.44019307239
1122.81525947460
1132.17798936622
1162.35432075903
1153.12071875568
1150.45712739418
1173.04737984371
1124.15232706926
1142.32894032548
1161.44098113559
1219.58921301011
1153.46535661073
1155.01523679002
1146.23792746201
1108.95319073301
1198.24293201657
1124.59305711571
1154.39676430437
1147.96951838823
1217.31395756761
1178.64922866024
1162.07401984509
1146.32226360753
1207.90518068354
1271.08403717680
1200.03082286648
1160.59893295635
1218.40628934083
1163.43107404380
1241.65912084354
1159.82404809287
1225.76772443496
1246.61475984346
1123.73131892195
1232.87479597247
1131.89750086599
1177.45321422872
1132.94559110257
1143.73391921491
1174.35638828885
1217.73984722116
1152.00177584752
1173.51214833641
1194.09055740250
1148.36670835863
1174.58123875318
1145.91054161607
1127.16215886517
1142.43692766887
1193.33730934238
1089.83994501711
1201.19213272616
1152.43458298541
1118.78752831732
1185.37732264415
1182.50463737174
1175.80659534922
1184.96582877448
1175.08679711867
1136.98140150726
1176.63999995329
1205.02652783745
1243.33127158385
1202.94203611821
1219.89264679369
1182.08681577492
1162.17410260272
1181.14987440423
1163.70589968256
1137.32746577538
1206.37298903049
1132.49704358881
1136.81568995017
1158.84177632234
1133.96433284750
1124.24028103137
1118.88845970462
1201.11858073216
1184.99802810384
1186.94090200867
1161.64501617393
1163.35135350442
1220.72041407040
1175.83449189234
1159.34245742026
1203.96201044639
1140.71448142018
1114.43849658666
1079.65003799074
1246.64198744518
1160.24364188620
1202.52354060081
1198.77356057178
1143.56901452732
1131.83431860366
1141.37277504239
1166.78247920356
1239.79763410149
1151.36252423076
1241.09723766869
1177.68720336152
1137.17354349842
1186.67307400858
1152.08027039247
1150.94262250330
1193.50568458407
1283.31856115067
1202.53675148442
1233.90303032537
1283.36423235120
1150.59085683937
1142.20467073685
1106.85067529456
1149.24936608076
1232.73988089360
1180.46734451110
1166.76388239358
1102.74329755640
1188.50027591434
1209.38035537602
1132.33467841038
1184.73622101002
1208.35033645938
1224.25562937744
1202.93040339867
1137.67423164844
1205.98606954794
1115.43367607257
1179.94483352825
1205.91941196052
1283.84370872485
1105.31465800072
1081.38729013889
1111.71365917441
1173.42335630546
1115.68165492594
1236.98180492357
1203.15669697255
1150.57676120168
1199.54371972499
1183.23000178472
1206.44447441531
1211.12392594103
1202.27615107591
1177.44590037559
1163.47458380750
1228.62439286291
1342.20554620961
1201.20064338157
1193.88263386624
1134.78259490445
1230.31206005718
1171.87081006461
1164.89122923365
1143.26799844157
1186.30209383849
1205.85674889614
1159.14475035934
1124.99059379962
1158.89579856752
1216.55829374035
1130.70152148461
1127.93618308196
1225.11961584557
1246.18336627206
1135.63754276136
1148.73117336316
1123.41745025991
1155.38370650270
1180.30347153986