最优解为:351.5723
最优解路径:

Best_route =

     0     0     0     0     0     0     0     0     0     0     0     0     0     0     0     0
     0     0     0     0     0     0     0     0     0     0     0     0     0     0     0     0
     2     8    13     9     3     7     1     4    10    14     6     5    15    11    12     0

本次运算用时:8.328秒
算法在第20代时收敛

best
356.760654403927
352.574879449137
352.574879449137
352.574879449137
352.574879449137
352.574879449137
352.574879449137
352.574879449137
352.574879449137
352.574879449137
352.574879449137
352.574879449137
352.574879449137
352.574879449137
352.574879449137
352.574879449137
352.011143593159
352.011143593159
352.011143593159
351.572309878480
351.572309878480
351.572309878480
351.572309878480
351.572309878480
351.572309878480
351.572309878480
351.572309878480
351.572309878480
351.572309878480
351.572309878480
351.572309878480
351.572309878480
351.572309878480
351.572309878480
351.572309878480
351.572309878480
351.572309878480
351.572309878480
351.572309878480
351.572309878480
351.572309878480
351.572309878480
351.572309878480
351.572309878480
351.572309878480
351.572309878480
351.572309878480
351.572309878480
351.572309878480
351.572309878480
351.572309878480
351.572309878480
351.572309878480
351.572309878480
351.572309878480
351.572309878480
351.572309878480
351.572309878480
351.572309878480
351.572309878480
351.572309878480
351.572309878480
351.572309878480
351.572309878480
351.572309878480
351.572309878480
351.572309878480
351.572309878480
351.572309878480
351.572309878480
351.572309878480
351.572309878480
351.572309878480
351.572309878480
351.572309878480
351.572309878480
351.572309878480
351.572309878480
351.572309878480
351.572309878480
351.572309878480
351.572309878480
351.572309878480
351.572309878480
351.572309878480
351.572309878480
351.572309878480
351.572309878480
351.572309878480
351.572309878480
351.572309878480
351.572309878480
351.572309878480
351.572309878480
351.572309878480
351.572309878480
351.572309878480
351.572309878480
351.572309878480
351.572309878480
351.572309878480
351.572309878480
351.572309878480
351.572309878480
351.572309878480
351.572309878480
351.572309878480
351.572309878480
351.572309878480
351.572309878480
351.572309878480
351.572309878480
351.572309878480
351.572309878480
351.572309878480
351.572309878480
351.572309878480
351.572309878480
351.572309878480
351.572309878480
351.572309878480
351.572309878480
351.572309878480
351.572309878480
351.572309878480
351.572309878480
351.572309878480
351.572309878480
351.572309878480
351.572309878480
351.572309878480
351.572309878480
351.572309878480
351.572309878480
351.572309878480
351.572309878480
351.572309878480
351.572309878480
351.572309878480
351.572309878480
351.572309878480
351.572309878480
351.572309878480
351.572309878480
351.572309878480
351.572309878480
351.572309878480
351.572309878480
351.572309878480
351.572309878480
351.572309878480
351.572309878480
351.572309878480
351.572309878480
351.572309878480
351.572309878480
351.572309878480
351.572309878480
351.572309878480
351.572309878480
351.572309878480
351.572309878480
351.572309878480
351.572309878480
351.572309878480
351.572309878480
351.572309878480
351.572309878480
351.572309878480
351.572309878480
351.572309878480
351.572309878480
351.572309878480
351.572309878480
351.572309878480
351.572309878480
351.572309878480
351.572309878480
351.572309878480
351.572309878480
351.572309878480
351.572309878480
351.572309878480
351.572309878480
351.572309878480
351.572309878480
351.572309878480
351.572309878480
351.572309878480
351.572309878480
351.572309878480
351.572309878480
351.572309878480
351.572309878480
351.572309878480
351.572309878480
351.572309878480
351.572309878480
351.572309878480
351.572309878480

ave
508.575224370785
572.466993471520
526.297408507416
462.050567281822
417.748619507963
428.670408683182
413.838236055096
473.887848211436
431.567259064397
455.453067058993
408.410920109376
487.116627581025
468.334223363003
438.626826287846
466.600269037483
378.011790014511
392.559628829371
437.364457780289
404.883719665527
390.002104203934
418.379775662398
402.107035787533
387.216797786821
401.146718130836
401.892533547776
401.337231992175
399.052863773137
402.727307515521
401.946898818282
353.963446569152
369.848187491922
385.709570237778
368.793622926378
384.504896036845
399.457932645995
383.451692109293
369.405957145328
368.435375670619
398.117729340691
383.289439619963
352.644080799022
382.942189001412
352.602549232110
352.217349814533
382.945499247282
367.861331120526
367.420512613594
352.027440124711
367.284143232289
399.466736713296
352.011143593159
367.336203706908
367.258992909353
352.060033187814
352.203214160336
367.176153615584
367.373702958226
367.558782410126
352.011143593159
368.035597627648
352.234273498420
352.768940254488
382.313017317590
352.011143593159
382.855529942385
367.045689046778
367.024063423871
397.208620573259
352.240346337550
352.794730526184
353.790900342132
352.011143593159
367.526471754362
367.217852662684
352.011143593159
367.226941127872
367.202326144732
352.588027478112
352.103935667905
352.197659500362
352.011143593159
367.652443377308
352.011143593159
367.103864815606
352.011143593159
366.964962488597
367.177175025067
352.011143593159
352.011143593159
367.600872287657
352.011143593159
352.753327212599
352.418839636206
352.011143593159
367.502521012191
352.884623061194
352.011143593159
368.107696988157
368.176908448242
352.011143593159
352.255939636206
352.410221520417
352.011143593159
352.352211393707
352.011143593159
353.001994812478
367.045689046778
352.179383547485
352.011143593159
352.839679941089
366.964962488597
352.348142195049
353.576064613312
352.011143593159
353.705144553287
352.011143593159
367.102207461543
352.011143593159
352.011143593159
353.041072105809
352.064247386929
352.396846662587
352.951022619554
367.919835018332
382.495052618416
352.011143593159
352.162080653140
352.011143593159
352.011143593159
352.332454489246
352.011143593159
367.024063423871
352.011143593159
368.376280111740
352.432514487559
353.659962220878
352.116609734123
352.222615510155
368.559393341417
367.202326144732
352.520679640719
352.011143593159
352.201802902475
352.011143593159
352.064247386929
367.202326144732
352.011143593159
352.011143593159
352.011143593159
367.103864815606
352.011143593159
367.394990993652
353.208227516774
352.011143593159
352.011143593159
352.180942461543
352.011143593159
382.340046132524
352.782017108794
352.531022926287
367.968032075449
367.678904037697
352.011143593159
352.011143593159
352.011143593159
367.596671169999
352.011143593159
367.596561393707
352.159377556116
352.512265116450
352.011143593159
352.159377556116
352.011143593159
367.466965510155
367.071262092964
352.011143593159
367.115428169908
353.289698151914
352.145724378258
353.225753154231
382.606535782666
352.011143593159
352.011143593159
352.512265116450
352.011143593159
382.672328255391
352.011143593159
352.011143593159
352.011143593159
352.317968541795
352.487245875093
352.493553223717
352.011143593159
352.011143593159
352.011143593159
352.011143593159
352.255939636206
353.254877073138
352.011143593159
352.011143593159