最优解为:619.23
最优解路径:

Best_route =

     3     7     1     5     2    14     6     8    13    11    12     0     0     0     0     0
     0     0     0     0     0     0     0     0     0     0     0     0     0     0     0     0
    15     9    10     4     0     0     0     0     0     0     0     0     0     0     0     0

本次运算用时:8.625秒
算法在第12代时收敛

best
624.731995928085
623.378640193792
623.378640193792
623.378640193792
623.378640193792
623.185933505850
623.185933505850
623.185933505850
623.185933505850
622.537551629051
622.537551629051
619.230022070617
619.230022070617
619.230022070617
619.230022070617
619.230022070617
619.230022070617
619.230022070617
619.230022070617
619.230022070617
619.230022070617
619.230022070617
619.230022070617
619.230022070617
619.230022070617
619.230022070617
619.230022070617
619.230022070617
619.230022070617
619.230022070617
619.230022070617
619.230022070617
619.230022070617
619.230022070617
619.230022070617
619.230022070617
619.230022070617
619.230022070617
619.230022070617
619.230022070617
619.230022070617
619.230022070617
619.230022070617
619.230022070617
619.230022070617
619.230022070617
619.230022070617
619.230022070617
619.230022070617
619.230022070617
619.230022070617
619.230022070617
619.230022070617
619.230022070617
619.230022070617
619.230022070617
619.230022070617
619.230022070617
619.230022070617
619.230022070617
619.230022070617
619.230022070617
619.230022070617
619.230022070617
619.230022070617
619.230022070617
619.230022070617
619.230022070617
619.230022070617
619.230022070617
619.230022070617
619.230022070617
619.230022070617
619.230022070617
619.230022070617
619.230022070617
619.230022070617
619.230022070617
619.230022070617
619.230022070617
619.230022070617
619.230022070617
619.230022070617
619.230022070617
619.230022070617
619.230022070617
619.230022070617
619.230022070617
619.230022070617
619.230022070617
619.230022070617
619.230022070617
619.230022070617
619.230022070617
619.230022070617
619.230022070617
619.230022070617
619.230022070617
619.230022070617
619.230022070617
619.230022070617
619.230022070617
619.230022070617
619.230022070617
619.230022070617
619.230022070617
619.230022070617
619.230022070617
619.230022070617
619.230022070617
619.230022070617
619.230022070617
619.230022070617
619.230022070617
619.230022070617
619.230022070617
619.230022070617
619.230022070617
619.230022070617
619.230022070617
619.230022070617
619.230022070617
619.230022070617
619.230022070617
619.230022070617
619.230022070617
619.230022070617
619.230022070617
619.230022070617
619.230022070617
619.230022070617
619.230022070617
619.230022070617
619.230022070617
619.230022070617
619.230022070617
619.230022070617
619.230022070617
619.230022070617
619.230022070617
619.230022070617
619.230022070617
619.230022070617
619.230022070617
619.230022070617
619.230022070617
619.230022070617
619.230022070617
619.230022070617
619.230022070617
619.230022070617
619.230022070617
619.230022070617
619.230022070617
619.230022070617
619.230022070617
619.230022070617
619.230022070617
619.230022070617
619.230022070617
619.230022070617
619.230022070617
619.230022070617
619.230022070617
619.230022070617
619.230022070617
619.230022070617
619.230022070617
619.230022070617
619.230022070617
619.230022070617
619.230022070617
619.230022070617
619.230022070617
619.230022070617
619.230022070617
619.230022070617
619.230022070617
619.230022070617
619.230022070617
619.230022070617
619.230022070617
619.230022070617
619.230022070617
619.230022070617
619.230022070617
619.230022070617
619.230022070617
619.230022070617
619.230022070617
619.230022070617
619.230022070617
619.230022070617
619.230022070617
619.230022070617
619.230022070617
619.230022070617
619.230022070617
619.230022070617
619.230022070617

ave
661.680344636053
647.323818766409
632.143752474240
646.526767040951
633.082770586646
632.582358338963
631.673384881641
647.606386926256
644.414322995070
629.028534603429
631.434568065088
642.987845375948
630.803837134358
630.242828867555
630.147939565517
627.658713593319
629.346799769817
658.254352824693
627.432220640480
627.392125226837
645.021027015527
626.679416221536
626.257039972597
626.558361291938
625.909099755688
641.909830205942
639.555854662325
624.912059533140
624.836755404677
638.386494234182
639.002673431214
639.374738313990
654.442895895792
637.638976809403
637.505993126699
653.665054977958
653.571619308264
624.839796294130
638.006889992261
638.388164819674
624.591118177708
637.431497065966
637.741529723342
666.736172360927
636.260409114456
636.520868904071
622.263742323071
621.179379898034
621.477873880577
635.875287594491
681.194916909968
651.085063960304
636.011401596636
650.653854221565
620.329260828853
650.373177437651
619.927451949357
651.392573544150
635.585578639502
652.344484367038
650.122442537940
619.805163756763
621.222825931467
635.646412471008
649.771084759021
635.971321629012
650.999527944313
636.747566245638
665.037209924820
635.497963764139
635.219930480776
619.276517395866
619.833400808548
620.996224229082
619.420351010974
620.247355303909
635.079778630542
620.142745674901
636.387486032813
620.445575419604
636.919127175741
621.364749592119
620.734600155902
620.013035940136
620.332953476608
620.301066938647
620.040822926478
620.864239213826
620.388971102468
620.449481405824
621.146809904953
619.735744637692
620.469442555650
620.138521591002
620.388770582331
621.346890203672
620.026285032484
634.821860158049
619.717684320129
635.140768770583
619.230022070617
620.272256988499
620.060321020676
619.325387630079
620.243228083763
620.617994188647
620.126862838435
620.525672464609
635.004744484431
634.821860158049
620.010689390525
620.391558319968
635.360084651565
634.740410158049
635.016019137212
620.477542694584
621.453266656536
619.789280392262
620.623583023160
621.898244702671
620.246132725124
620.288816929070
619.948908553665
620.309266830618
635.593294519337
620.228072407561
619.642134997257
620.047482842594
620.570709108108
621.772143551369
620.302875809043
635.393904869579
619.740410158049
620.005275751995
635.598265216042
620.863039257166
634.273831140142
634.277307151157
620.760670572651
621.349765087479
620.113831265386
620.134717408622
635.594114490947
620.855884193673
636.155612257192
635.130705011470
635.251847455727
620.540438911248
620.797524440165
619.997889798271
620.772373463990
634.317569510779
635.003674471064
620.923553601140
620.443536499730
620.088497454784
620.280684305421
635.430713618880
620.871034579718
619.333192304830
619.848072430448
620.080892610115
620.299210752226
650.304593731432
620.486187425863
620.131917092809
619.278892304830
619.851087743831
635.367935685427
635.514651683118
621.485985610084
619.700420902491
620.605171307797
620.363236114464
620.069573561166
621.450615215568
619.230022070617
620.823481792652
620.413131178226
620.490821580269
636.479079829279
619.230022070617
620.179202173348
619.810383361138
635.010689390525
620.131917092809
620.653291659681
620.168142598320
619.621529005377
620.972031278141
620.839552967228
621.117782362071
620.057974471064
619.230022070617
619.230022070617
620.010689390525
634.657046619196
619.835947384028
619.893241525754
619.452731904974