最优解为:715.8717
最优解路径:

Best_route =

  1 至 24 列

     0     0     0     0     0     0     0     0     0     0     0     0     0     0     0     0     0     0     0     0     0     0     0     0
     0     0     0     0     0     0     0     0     0     0     0     0     0     0     0     0     0     0     0     0     0     0     0     0
     0     0     0     0     0     0     0     0     0     0     0     0     0     0     0     0     0     0     0     0     0     0     0     0
     0     0     0     0     0     0     0     0     0     0     0     0     0     0     0     0     0     0     0     0     0     0     0     0
     0     0     0     0     0     0     0     0     0     0     0     0     0     0     0     0     0     0     0     0     0     0     0     0
     0     0     0     0     0     0     0     0     0     0     0     0     0     0     0     0     0     0     0     0     0     0     0     0
    49    37    33     7     9    30    12    21    39    50    11    20    26    32     2     8    10    46    48    25    45    35    16    24
     0     0     0     0     0     0     0     0     0     0     0     0     0     0     0     0     0     0     0     0     0     0     0     0
     0     0     0     0     0     0     0     0     0     0     0     0     0     0     0     0     0     0     0     0     0     0     0     0
     0     0     0     0     0     0     0     0     0     0     0     0     0     0     0     0     0     0     0     0     0     0     0     0
    15     6     5    14    44    34     1     4    28    22    17    19    41    23    38    40    29    27    42     3    31    47     0     0
     0     0     0     0     0     0     0     0     0     0     0     0     0     0     0     0     0     0     0     0     0     0     0     0
     0     0     0     0     0     0     0     0     0     0     0     0     0     0     0     0     0     0     0     0     0     0     0     0

  25 至 48 列

     0     0     0     0     0     0     0     0     0     0     0     0     0     0     0     0     0     0     0     0     0     0     0     0
     0     0     0     0     0     0     0     0     0     0     0     0     0     0     0     0     0     0     0     0     0     0     0     0
     0     0     0     0     0     0     0     0     0     0     0     0     0     0     0     0     0     0     0     0     0     0     0     0
     0     0     0     0     0     0     0     0     0     0     0     0     0     0     0     0     0     0     0     0     0     0     0     0
     0     0     0     0     0     0     0     0     0     0     0     0     0     0     0     0     0     0     0     0     0     0     0     0
     0     0     0     0     0     0     0     0     0     0     0     0     0     0     0     0     0     0     0     0     0     0     0     0
    36    43    13    18     0     0     0     0     0     0     0     0     0     0     0     0     0     0     0     0     0     0     0     0
     0     0     0     0     0     0     0     0     0     0     0     0     0     0     0     0     0     0     0     0     0     0     0     0
     0     0     0     0     0     0     0     0     0     0     0     0     0     0     0     0     0     0     0     0     0     0     0     0
     0     0     0     0     0     0     0     0     0     0     0     0     0     0     0     0     0     0     0     0     0     0     0     0
     0     0     0     0     0     0     0     0     0     0     0     0     0     0     0     0     0     0     0     0     0     0     0     0
     0     0     0     0     0     0     0     0     0     0     0     0     0     0     0     0     0     0     0     0     0     0     0     0
     0     0     0     0     0     0     0     0     0     0     0     0     0     0     0     0     0     0     0     0     0     0     0     0

  49 至 51 列

     0     0     0
     0     0     0
     0     0     0
     0     0     0
     0     0     0
     0     0     0
     0     0     0
     0     0     0
     0     0     0
     0     0     0
     0     0     0
     0     0     0
     0     0     0

本次运算用时:428.626秒
算法在第451代时收敛

best
1101.93405228987
1057.28839978669
1057.28839978669
1057.28839978669
1057.28839978669
1057.28839978669
1057.28839978669
1052.54733058404
1047.29120438479
1047.29120438479
1047.29120438479
1047.29120438479
1047.29120438479
1047.29120438479
1047.29120438479
1047.29120438479
1047.29120438479
1047.29120438479
1047.29120438479
1047.29120438479
1047.29120438479
1047.29120438479
1042.72940676712
1037.68279999743
1037.68279999743
1037.68279999743
1037.68279999743
1035.25027983409
1035.25027983409
1031.12583632165
1031.12583632165
1031.12583632165
1031.12583632165
1028.82127532377
1028.82127532377
1028.82127532377
1028.82127532377
1028.82127532377
1028.82127532377
734.096097192936
734.096097192936
734.096097192936
734.096097192936
734.096097192936
734.096097192936
734.096097192936
734.096097192936
734.096097192936
734.096097192936
734.096097192936
734.096097192936
734.096097192936
734.096097192936
729.938708984648
729.938708984648
729.938708984648
729.938708984648
729.938708984648
729.938708984648
728.061800761929
728.061800761929
728.061800761929
728.061800761929
728.061800761929
728.061800761929
728.061800761929
728.061800761929
728.061800761929
728.061800761929
728.061800761929
728.061800761929
728.061800761929
728.061800761929
728.061800761929
728.061800761929
728.061800761929
728.061800761929
728.061800761929
728.061800761929
728.061800761929
728.061800761929
728.061800761929
728.061800761929
728.061800761929
728.061800761929
728.061800761929
728.061800761929
728.061800761929
728.061800761929
728.061800761929
726.455831211497
726.455831211497
726.455831211497
726.455831211497
726.455831211497
726.455831211497
726.455831211497
726.455831211497
726.455831211497
726.455831211497
726.455831211497
726.455831211497
726.455831211497
726.455831211497
726.455831211497
726.455831211497
726.455831211497
726.455831211497
726.455831211497
726.455831211497
726.455831211497
726.455831211497
726.455831211497
726.455831211497
726.455831211497
726.455831211497
726.455831211497
726.455831211497
726.455831211497
726.455831211497
726.455831211497
726.455831211497
726.455831211497
726.455831211497
725.190892667953
725.190892667953
725.190892667953
725.190892667953
725.190892667953
725.190892667953
725.190892667953
725.190892667953
725.190892667953
725.190892667953
725.190892667953
725.190892667953
725.190892667953
724.204411272695
724.204411272695
724.204411272695
724.204411272695
724.204411272695
724.204411272695
724.204411272695
724.204411272695
724.204411272695
722.682106610148
722.682106610148
721.938369868135
721.938369868135
721.938369868135
721.938369868135
721.938369868135
721.938369868135
721.938369868135
721.938369868135
721.938369868135
721.938369868135
721.938369868135
721.938369868135
721.938369868135
721.938369868135
721.938369868135
721.938369868135
721.938369868135
721.938369868135
721.938369868135
721.938369868135
720.707098218819
720.707098218819
720.707098218819
720.707098218819
720.707098218819
720.707098218819
720.707098218819
720.707098218819
720.707098218819
720.707098218819
720.707098218819
720.707098218819
720.707098218819
720.707098218819
720.707098218819
720.707098218819
720.707098218819
720.707098218819
720.707098218819
720.707098218819
720.707098218819
720.707098218819
720.707098218819
720.707098218819
720.707098218819
720.707098218819
720.707098218819
720.707098218819
720.707098218819
720.707098218819
720.707098218819
720.707098218819
720.707098218819
720.707098218819
720.707098218819
720.391602970896
720.391602970896
720.391602970896
720.391602970896
720.391602970896
720.391602970896
720.391602970896
720.391602970896
720.391602970896
720.391602970896
720.391602970896
720.391602970896
720.391602970896
720.391602970896
720.391602970896
720.391602970896
720.391602970896
720.391602970896
720.391602970896
720.391602970896
720.391602970896
720.391602970896
720.391602970896
720.391602970896
