最优解为:1547.9859
最优解路径:

Best_route =

  1 至 24 列

     0     0     0     0     0     0     0     0     0     0     0     0     0     0     0     0     0     0     0     0     0     0     0     0
     0     0     0     0     0     0     0     0     0     0     0     0     0     0     0     0     0     0     0     0     0     0     0     0
     0     0     0     0     0     0     0     0     0     0     0     0     0     0     0     0     0     0     0     0     0     0     0     0
    45    24     5    22     1     4    16    18     0     0     0     0     0     0     0     0     0     0     0     0     0     0     0     0
     0     0     0     0     0     0     0     0     0     0     0     0     0     0     0     0     0     0     0     0     0     0     0     0
     0     0     0     0     0     0     0     0     0     0     0     0     0     0     0     0     0     0     0     0     0     0     0     0
     0     0     0     0     0     0     0     0     0     0     0     0     0     0     0     0     0     0     0     0     0     0     0     0
    13    43    48    25    29    27    17    32    12    30     0     0     0     0     0     0     0     0     0     0     0     0     0     0
    19     9     7    44    34    36    46    11    50    41     0     0     0     0     0     0     0     0     0     0     0     0     0     0
     0     0     0     0     0     0     0     0     0     0     0     0     0     0     0     0     0     0     0     0     0     0     0     0
    14    10    47    26    20    31    23    39    21    33    37     0     0     0     0     0     0     0     0     0     0     0     0     0
     0     0     0     0     0     0     0     0     0     0     0     0     0     0     0     0     0     0     0     0     0     0     0     0
    38    40    28    35    42     3     2     8    15     6    49     0     0     0     0     0     0     0     0     0     0     0     0     0

  25 至 48 列

     0     0     0     0     0     0     0     0     0     0     0     0     0     0     0     0     0     0     0     0     0     0     0     0
     0     0     0     0     0     0     0     0     0     0     0     0     0     0     0     0     0     0     0     0     0     0     0     0
     0     0     0     0     0     0     0     0     0     0     0     0     0     0     0     0     0     0     0     0     0     0     0     0
     0     0     0     0     0     0     0     0     0     0     0     0     0     0     0     0     0     0     0     0     0     0     0     0
     0     0     0     0     0     0     0     0     0     0     0     0     0     0     0     0     0     0     0     0     0     0     0     0
     0     0     0     0     0     0     0     0     0     0     0     0     0     0     0     0     0     0     0     0     0     0     0     0
     0     0     0     0     0     0     0     0     0     0     0     0     0     0     0     0     0     0     0     0     0     0     0     0
     0     0     0     0     0     0     0     0     0     0     0     0     0     0     0     0     0     0     0     0     0     0     0     0
     0     0     0     0     0     0     0     0     0     0     0     0     0     0     0     0     0     0     0     0     0     0     0     0
     0     0     0     0     0     0     0     0     0     0     0     0     0     0     0     0     0     0     0     0     0     0     0     0
     0     0     0     0     0     0     0     0     0     0     0     0     0     0     0     0     0     0     0     0     0     0     0     0
     0     0     0     0     0     0     0     0     0     0     0     0     0     0     0     0     0     0     0     0     0     0     0     0
     0     0     0     0     0     0     0     0     0     0     0     0     0     0     0     0     0     0     0     0     0     0     0     0

  49 至 51 列

     0     0     0
     0     0     0
     0     0     0
     0     0     0
     0     0     0
     0     0     0
     0     0     0
     0     0     0
     0     0     0
     0     0     0
     0     0     0
     0     0     0
     0     0     0

本次运算用时:409.915秒
算法在第375代时收敛

best
1597.43480017725
1573.02789777615
1573.02789777615
1573.02789777615
1572.97579149586
1572.97579149586
1572.97579149586
1572.97579149586
1572.97579149586
1572.97579149586
1572.97579149586
1572.97579149586
1567.55891889399
1567.55891889399
1567.55891889399
1567.55891889399
1567.55891889399
1566.72345001319
1566.72345001319
1566.72345001319
1566.72345001319
1561.79750953260
1561.26851920614
1561.26851920614
1560.05853908357
1560.05853908357
1560.05853908357
1559.64768114012
1559.64768114012
1559.64768114012
1555.15146828192
1555.15146828192
1555.15146828192
1555.15146828192
1555.15146828192
1555.15146828192
1555.15146828192
1555.15146828192
1555.15146828192
1555.15146828192
1555.15146828192
1555.15146828192
1553.61701877481
1553.61701877481
1553.61701877481
1553.61701877481
1553.61701877481
1553.45689804058
1552.36604105615
1552.36604105615
1552.36604105615
1552.36604105615
1552.36604105615
1552.36604105615
1552.36604105615
1552.36604105615
1552.36604105615
1552.36604105615
1552.36604105615
1552.36604105615
1552.36604105615
1552.36604105615
1552.36604105615
1552.36604105615
1552.36604105615
1552.36604105615
1552.36604105615
1552.36604105615
1552.36604105615
1552.36604105615
1552.36604105615
1552.36604105615
1552.36604105615
1552.36604105615
1552.36604105615
1552.36604105615
1552.36604105615
1552.36604105615
1552.36604105615
1552.36604105615
1552.36604105615
1552.36604105615
1552.36604105615
1552.36604105615
1552.36604105615
1552.36604105615
1552.36604105615
1552.36604105615
1552.36604105615
1552.36604105615
1552.36604105615
1552.36604105615
1552.36604105615
1552.36604105615
1552.36604105615
1552.36604105615
1552.36604105615
1552.36604105615
1552.36604105615
1552.36604105615
1552.36604105615
1552.36604105615
1552.36604105615
1552.36604105615
1552.36604105615
1552.36604105615
1551.80990620911
1551.80990620911
1551.80990620911
1551.80990620911
1551.80990620911
1551.80990620911
1551.80990620911
1551.80990620911
1551.80990620911
1551.80990620911
1551.80990620911
1551.80990620911
1551.80990620911
1551.80990620911
1551.80990620911
1551.80990620911
1551.80990620911
1551.80990620911
1551.80990620911
1551.80990620911
1551.80990620911
1551.80990620911
1551.80990620911
1551.80990620911
1551.80990620911
1551.80990620911
1551.80990620911
1551.80990620911
1551.80990620911
1551.80990620911
1551.80990620911
1551.80990620911
1551.80990620911
1551.80990620911
1551.80990620911
1551.80990620911
1551.80990620911
1551.80990620911
1551.80990620911
1551.80990620911
1551.80990620911
1551.80990620911
1551.80990620911
1551.80990620911
1551.80990620911
1551.80990620911
1551.80990620911
1551.80990620911
1551.80990620911
1551.80990620911
1551.80990620911
1551.80990620911
1551.80990620911
1551.80990620911
1551.80990620911
1551.80990620911
1551.80990620911
1551.80990620911
1551.80990620911
1551.80990620911
1551.80990620911
1551.80990620911
1551.80990620911
1551.80990620911
1551.80990620911
1551.80990620911
1551.80990620911
1551.80990620911
1551.80990620911
1551.80990620911
1551.80990620911
1551.80990620911
1551.80990620911
1551.80990620911
1551.80990620911
1551.80990620911
1551.80990620911
1551.80990620911
1551.80990620911
1551.80990620911
1551.80990620911
1551.80990620911
1551.80990620911
1551.80990620911
1551.80990620911
1551.80990620911
1551.80990620911
1551.80990620911
1551.80990620911
1551.80990620911
1551.80990620911
1551.80990620911
1551.80990620911
1551.80990620911
1551.80990620911
1551.80990620911
1551.80990620911
1551.80990620911
1551.80990620911
1551.80990620911
1551.80990620911
1551.80990620911
1551.80990620911
1551.80990620911
1551.80990620911
1551.80990620911
1551.80990620911
1551.80990620911
1551.80990620911
1551.80990620911
1551.80990620911
1551.80990620911
1551.80990620911
1551.80990620911
1551.80990620911
1551.80990620911
1551.80990620911
1551.80990620911
1551.80990620911
1551.80990620911
1551.80990620911
