最优解为:760.4679
最优解路径:

Best_route =

    11     1     3     5     9    10     7     4     8     0     0     0     0
    12     2     6     0     0     0     0     0     0     0     0     0     0

本次运算用时:6.405秒
算法在第32代时收敛

best
803.005689355584
801.483109126660
801.483109126660
801.276451311823
801.276451311823
801.276451311823
801.276451311823
797.936593395297
797.936593395297
797.936593395297
797.936593395297
797.936593395297
797.936593395297
797.936593395297
797.936593395297
797.936593395297
797.936593395297
797.936593395297
797.936593395297
797.936593395297
797.936593395297
797.936593395297
797.936593395297
795.969853970261
795.969853970261
795.969853970261
795.969853970261
795.969853970261
795.969853970261
795.969853970261
795.969853970261
760.467921272852
760.467921272852
760.467921272852
760.467921272852
760.467921272852
760.467921272852
760.467921272852
760.467921272852
760.467921272852
760.467921272852
760.467921272852
760.467921272852
760.467921272852
760.467921272852
760.467921272852
760.467921272852
760.467921272852
760.467921272852
760.467921272852
760.467921272852
760.467921272852
760.467921272852
760.467921272852
760.467921272852
760.467921272852
760.467921272852
760.467921272852
760.467921272852
760.467921272852
760.467921272852
760.467921272852
760.467921272852
760.467921272852
760.467921272852
760.467921272852
760.467921272852
760.467921272852
760.467921272852
760.467921272852
760.467921272852
760.467921272852
760.467921272852
760.467921272852
760.467921272852
760.467921272852
760.467921272852
760.467921272852
760.467921272852
760.467921272852
760.467921272852
760.467921272852
760.467921272852
760.467921272852
760.467921272852
760.467921272852
760.467921272852
760.467921272852
760.467921272852
760.467921272852
760.467921272852
760.467921272852
760.467921272852
760.467921272852
760.467921272852
760.467921272852
760.467921272852
760.467921272852
760.467921272852
760.467921272852
760.467921272852
760.467921272852
760.467921272852
760.467921272852
760.467921272852
760.467921272852
760.467921272852
760.467921272852
760.467921272852
760.467921272852
760.467921272852
760.467921272852
760.467921272852
760.467921272852
760.467921272852
760.467921272852
760.467921272852
760.467921272852
760.467921272852
760.467921272852
760.467921272852
760.467921272852
760.467921272852
760.467921272852
760.467921272852
760.467921272852
760.467921272852
760.467921272852
760.467921272852
760.467921272852
760.467921272852
760.467921272852
760.467921272852
760.467921272852
760.467921272852
760.467921272852
760.467921272852
760.467921272852
760.467921272852
760.467921272852
760.467921272852
760.467921272852
760.467921272852
760.467921272852
760.467921272852
760.467921272852
760.467921272852
760.467921272852
760.467921272852
760.467921272852
760.467921272852
760.467921272852
760.467921272852
760.467921272852
760.467921272852
760.467921272852
760.467921272852
760.467921272852
760.467921272852
760.467921272852
760.467921272852
760.467921272852
760.467921272852
760.467921272852
760.467921272852
760.467921272852
760.467921272852
760.467921272852
760.467921272852
760.467921272852
760.467921272852
760.467921272852
760.467921272852
760.467921272852
760.467921272852
760.467921272852
760.467921272852
760.467921272852
760.467921272852
760.467921272852
760.467921272852
760.467921272852
760.467921272852
760.467921272852
760.467921272852
760.467921272852
760.467921272852
760.467921272852
760.467921272852
760.467921272852
760.467921272852
760.467921272852
760.467921272852
760.467921272852
760.467921272852
760.467921272852
760.467921272852
760.467921272852
760.467921272852
760.467921272852

ave
939.098121562581
924.657156357357
886.283545063612
864.212096983148
972.517592661442
880.593655619964
932.266116760543
911.190905939787
917.748394799551
907.518821624216
941.604916135809
907.507151773870
885.349798399937
914.782898943173
842.302676994857
868.813916189989
861.809533750864
847.309053594565
858.102788670812
866.681125825292
820.360443956106
839.322698228325
853.307634256474
838.423205819951
876.061404303650
830.297999860798
847.936808983434
844.241514117116
811.001592811752
809.212357049198
811.568901659088
811.670147976499
839.597017171347
830.533385226201
824.422695319706
822.127088767724
823.348405296826
823.839562489756
819.594683195346
814.409611334915
837.509344522957
805.471713388311
807.056475278163
801.613161423674
803.379907249786
806.259392912555
801.613161423674
803.731296454649
803.838354276327
797.936593395298
801.613161423674
803.503351985261
798.901528844116
797.936593395298
798.319228842097
798.901528844116
798.901528844116
797.936593395298
797.936593395298
808.966297480426
797.936593395298
797.936593395298
797.936593395298
797.936593395298
798.319228842097
797.936593395298
801.816422424899
797.936593395298
797.936593395298
797.936593395298
798.319228842097
797.936593395298
799.760145397153
797.936593395298
797.936593395298
797.966575476167
800.760015908555
801.221546669543
798.525714289580
797.936593395298
797.936593395298
799.902726570882
797.936593395298
801.613161423674
797.936593395298
799.992870423044
797.936593395298
799.760145397153
797.936593395298
797.936593395298
797.936593395298
801.613161423674
797.936593395298
800.270370977246
797.936593395298
799.887735530447
797.936593395298
797.936593395298
798.319228842097
799.887735530447
797.936593395298
797.936593395298
797.936593395298
798.901528844116
800.525416290752
797.936593395298
798.525714289580
797.936593395298
797.936593395298
797.936593395298
800.574111609295
797.936593395298
800.349266291435
799.887735530447
797.936593395298
797.936593395298
800.407362542625
800.279043490503
798.062690465086
798.319228842097
797.936593395298
797.936593395298
797.936593395298
797.936593395298
797.936593395298
799.196678772954
797.936593395298
799.887735530447
801.849939475165
797.936593395298
797.936593395298
799.887735530447
799.887735530447
797.936593395298
800.249790328461
797.936593395298
797.936593395298
799.196678772954
808.713870299945
797.936593395298
801.147820908103
799.196678772954
802.533133452475
800.249790328461
797.936593395298
803.300278937986
797.936593395298
799.992870423044
799.196678772954
803.564303558823
797.936593395298
799.887735530447
799.992870423044
797.936593395298
797.936593395298
800.476856424729
799.887735530447
800.026317611317
800.249790328461
797.936593395298
797.936593395298
797.936593395298
797.936593395298
797.936593395298
799.760145397153
797.936593395298
800.006598559195
797.936593395298
802.427998559878
797.936593395298
797.936593395298
797.936593395298
797.936593395298
797.936593395298
799.887735530447
799.887735530447
797.936593395298
797.936593395298
797.936593395298
798.319228842097
799.887735530447
799.992870423044
797.936593395298
797.936593395298
799.992870423044
798.901528844116
797.936593395298
797.936593395298
797.936593395298
799.887735530447
800.476856424729
797.936593395298
800.156181368896
817.572448037975
801.957740694344
797.936593395298
805.693104182950
799.196678772954
802.746868345072
797.936593395298