最优解为:587.8762
最优解路径:

Best_route =

     1     2     7     8     3     4     9    10     5     6     0
     0     0     0     0     0     0     0     0     0     0     0

本次运算用时:174.361秒
算法在第1代时收敛

best
587.876178454651
587.876178454651
587.876178454651
587.876178454651
587.876178454651
587.876178454651
587.876178454651
587.876178454651
587.876178454651
587.876178454651
587.876178454651
587.876178454651
587.876178454651
587.876178454651
587.876178454651
587.876178454651
587.876178454651
587.876178454651
587.876178454651
587.876178454651
587.876178454651
587.876178454651
587.876178454651
587.876178454651
587.876178454651
587.876178454651
587.876178454651
587.876178454651
587.876178454651
587.876178454651
587.876178454651
587.876178454651
587.876178454651
587.876178454651
587.876178454651
587.876178454651
587.876178454651
587.876178454651
587.876178454651
587.876178454651
587.876178454651
587.876178454651
587.876178454651
587.876178454651
587.876178454651
587.876178454651
587.876178454651
587.876178454651
587.876178454651
587.876178454651
587.876178454651
587.876178454651
587.876178454651
587.876178454651
587.876178454651
587.876178454651
587.876178454651
587.876178454651
587.876178454651
587.876178454651
587.876178454651
587.876178454651
587.876178454651
587.876178454651
587.876178454651
587.876178454651
587.876178454651
587.876178454651
587.876178454651
587.876178454651
587.876178454651
587.876178454651
587.876178454651
587.876178454651
587.876178454651
587.876178454651
587.876178454651
587.876178454651
587.876178454651
587.876178454651
587.876178454651
587.876178454651
587.876178454651
587.876178454651
587.876178454651
587.876178454651
587.876178454651
587.876178454651
587.876178454651
587.876178454651
587.876178454651
587.876178454651
587.876178454651
587.876178454651
587.876178454651
587.876178454651
587.876178454651
587.876178454651
587.876178454651
587.876178454651

ave
738.112163272235
726.456878987288
739.845048758529
714.772612123056
713.582147860159
652.117624451984
713.169060451267
699.603615647437
699.374363621344
688.277063467902
723.287546177508
639.115627091225
650.268390099301
604.371508509386
640.171472290744
638.363726765792
652.141607487315
638.481257500456
601.372513067017
638.553031771694
612.618961788813
637.528964281557
675.202224609192
602.203319570452
600.775572903299
600.948039367879
613.272469361630
588.850391562843
588.450014875349
588.735203333031
600.293402693487
601.877383325470
614.115974249759
600.519340685935
589.544111126902
626.157367773809
612.671914143489
624.585525162438
600.887992409707
588.748650006603
589.507475630509
600.470768170871
612.802291700741
624.463302024071
625.070675464268
613.202668388234
588.789813536516
600.759200514765
589.701950294423
588.972830320332
589.333800278182
588.310728566517
601.295087489347
612.887345552341
637.153868734178
612.247224825229
599.876178454651
601.223405591527
588.518388268816
588.307802851556
588.310728566517
589.113714783033
587.876178454651
614.107340066718
614.173092741763
588.084790574069
612.494549733482
624.307802851556
587.876178454651
601.047314687408
600.832634451569
613.106248636233
588.410348602019
600.658411375645
589.315984217491
589.984372561994
600.935452982802
613.422900422449
588.207229331558
600.852149241562
625.779390521851
601.198074371971
589.681424137893
601.520056972447
588.953890797802
589.671391924473
613.976906415195
589.471700076504
588.427674475048
601.178301105666
600.883453045245
600.877110360285
587.993124363182
589.085722479703
624.847250228759
589.736339337918
588.084790574069
601.775600917725
589.696628490185
588.852364860685