最优解为:3357.7179
最优解路径:

Best_route =

  1 至 24 列

    27    28    37    43    44    51    52    55    56     0     0     0     0     0     0     0     0     0     0     0     0     0     0     0
    33    45    39    40    15    35     3     4    59    60    16     0     0     0     0     0     0     0     0     0     0     0     0     0
    53    19    23     2    14    11    12     0     0     0     0     0     0     0     0     0     0     0     0     0     0     0     0     0
    47    17    13    54    48    38     0     0     0     0     0     0     0     0     0     0     0     0     0     0     0     0     0     0
    34    25    26    20    57    58    36     5     6     0     0     0     0     0     0     0     0     0     0     0     0     0     0     0
     0     0     0     0     0     0     0     0     0     0     0     0     0     0     0     0     0     0     0     0     0     0     0     0
    21    22    31    32    49    50     7     8    41    42     0     0     0     0     0     0     0     0     0     0     0     0     0     0
     1    46     9    10    18    29    30    24     0     0     0     0     0     0     0     0     0     0     0     0     0     0     0     0
     0     0     0     0     0     0     0     0     0     0     0     0     0     0     0     0     0     0     0     0     0     0     0     0

  25 至 48 列

     0     0     0     0     0     0     0     0     0     0     0     0     0     0     0     0     0     0     0     0     0     0     0     0
     0     0     0     0     0     0     0     0     0     0     0     0     0     0     0     0     0     0     0     0     0     0     0     0
     0     0     0     0     0     0     0     0     0     0     0     0     0     0     0     0     0     0     0     0     0     0     0     0
     0     0     0     0     0     0     0     0     0     0     0     0     0     0     0     0     0     0     0     0     0     0     0     0
     0     0     0     0     0     0     0     0     0     0     0     0     0     0     0     0     0     0     0     0     0     0     0     0
     0     0     0     0     0     0     0     0     0     0     0     0     0     0     0     0     0     0     0     0     0     0     0     0
     0     0     0     0     0     0     0     0     0     0     0     0     0     0     0     0     0     0     0     0     0     0     0     0
     0     0     0     0     0     0     0     0     0     0     0     0     0     0     0     0     0     0     0     0     0     0     0     0
     0     0     0     0     0     0     0     0     0     0     0     0     0     0     0     0     0     0     0     0     0     0     0     0

  49 至 61 列

     0     0     0     0     0     0     0     0     0     0     0     0     0
     0     0     0     0     0     0     0     0     0     0     0     0     0
     0     0     0     0     0     0     0     0     0     0     0     0     0
     0     0     0     0     0     0     0     0     0     0     0     0     0
     0     0     0     0     0     0     0     0     0     0     0     0     0
     0     0     0     0     0     0     0     0     0     0     0     0     0
     0     0     0     0     0     0     0     0     0     0     0     0     0
     0     0     0     0     0     0     0     0     0     0     0     0     0
     0     0     0     0     0     0     0     0     0     0     0     0     0

本次运算用时:421.637秒
算法在第474代时收敛

best
3892.28307327142
3892.28307327142
3892.28307327142
3892.28307327142
3892.28307327142
3892.28307327142
3892.28307327142
3870.35469797564
3870.35469797564
3542.79789330383
3542.79789330383
3542.79789330383
3542.79789330383
3542.79789330383
3542.79789330383
3542.79789330383
3542.79789330383
3542.79789330383
3542.79789330383
3542.79789330383
3542.79789330383
3485.21087066302
3485.21087066302
3485.21087066302
3485.21087066302
3485.21087066302
3485.21087066302
3485.21087066302
3485.21087066302
3485.21087066302
3485.21087066302
3485.21087066302
3485.21087066302
3485.21087066302
3485.21087066302
3485.21087066302
3485.21087066302
3485.21087066302
3485.21087066302
3485.21087066302
3485.21087066302
3485.21087066302
3485.21087066302
3485.21087066302
3485.21087066302
3472.04158596218
3472.04158596218
3472.04158596218
3472.04158596218
3472.04158596218
3472.04158596218
3472.04158596218
3472.04158596218
3472.04158596218
3472.04158596218
3472.04158596218
3472.04158596218
3472.04158596218
3472.04158596218
3472.04158596218
3472.04158596218
3472.04158596218
3472.04158596218
3472.04158596218
3472.04158596218
3472.04158596218
3472.04158596218
3472.04158596218
3472.04158596218
3472.04158596218
3472.04158596218
3472.04158596218
3472.04158596218
3472.04158596218
3472.04158596218
3472.04158596218
3472.04158596218
3472.04158596218
3472.04158596218
3472.04158596218
3472.04158596218
3472.04158596218
3472.04158596218
3472.04158596218
3472.04158596218
3472.04158596218
3472.04158596218
3472.04158596218
3472.04158596218
3472.04158596218
3472.04158596218
3472.04158596218
3472.04158596218
3472.04158596218
3472.04158596218
3472.04158596218
3472.04158596218
3472.04158596218
3472.04158596218
3472.04158596218
3472.04158596218
3472.04158596218
3472.04158596218
3472.04158596218
3472.04158596218
3472.04158596218
3472.04158596218
3472.04158596218
3472.04158596218
3472.04158596218
3472.04158596218
3472.04158596218
3472.04158596218
3472.04158596218
3472.04158596218
3472.04158596218
3472.04158596218
3472.04158596218
3472.04158596218
3472.04158596218
3472.04158596218
3472.04158596218
3472.04158596218
3472.04158596218
3472.04158596218
3472.04158596218
3472.04158596218
3472.04158596218
3472.04158596218
3472.04158596218
3472.04158596218
3472.04158596218
3472.04158596218
3472.04158596218
3470.02072172111
3470.02072172111
3470.02072172111
3470.02072172111
3470.02072172111
3470.02072172111
3470.02072172111
3470.02072172111
3470.02072172111
3470.02072172111
3459.02257084449
3459.02257084449
3459.02257084449
3459.02257084449
3459.02257084449
3459.02257084449
3459.02257084449
3459.02257084449
3459.02257084449
3459.02257084449
3459.02257084449
3459.02257084449
3459.02257084449
3455.71119065057
3455.71119065057
3449.00077411601
3449.00077411601
3449.00077411601
3449.00077411601
3449.00077411601
3449.00077411601
3449.00077411601
3449.00077411601
3449.00077411601
3449.00077411601
3449.00077411601
3449.00077411601
3449.00077411601
3449.00077411601
3449.00077411601
3449.00077411601
3449.00077411601
3449.00077411601
3449.00077411601
3449.00077411601
3449.00077411601
3449.00077411601
3417.40735194978
3417.40735194978
3417.40735194978
3417.40735194978
3400.03775470045
3400.03775470045
3400.03775470045
3400.03775470045
3400.03775470045
3393.58329910201
3393.58329910201
3393.58329910201
3393.58329910201
3393.58329910201
3393.58329910201
3393.58329910201
3393.58329910201
3393.58329910201
3393.58329910201
3386.62064711754
3386.62064711754
3386.62064711754
3386.62064711754
3386.62064711754
3386.62064711754
3386.62064711754
3386.62064711754
3386.62064711754
3386.62064711754
3386.62064711754
3386.62064711754
3386.62064711754
3386.62064711754
3386.62064711754
3386.62064711754
3386.62064711754
3386.62064711754
3386.62064711754
3386.62064711754
3386.62064711754
3386.62064711754
3386.62064711754
3386.62064711754
3386.62064711754
3386.62064711754
3386.62064711754
3386.62064711754
3386.62064711754
3386.62064711754
3386.62064711754
3386.62064711754
3386.62064711754
3386.62064711754
3386.62064711754
3386.62064711754
3386.62064711754
3386.62064711754
3386.62064711754
3386.62064711754
3386.62064711754
3386.62064711754
3386.62064711754
3386.62064711754
3386.62064711754
3386.62064711754
3386.62064711754
3386.62064711754
3386.62064711754
3386.62064711754
3386.62064711754
3386.62064711754
3386.62064711754
3386.62064711754
3386.62064711754
3386.62064711754
3386.62064711754
3386.62064711754
3386.62064711754
3386.62064711754
3386.62064711754
3386.62064711754
3386.62064711754
3386.62064711754
3386.62064711754
3386.62064711754
3386.62064711754
3386.62064711754
