最优解为:327.2939
最优解路径:

Best_route =

     3     4     1     2     0
     0     0     0     0     0

本次运算用时:1.083秒
算法在第1代时收敛

best
327.293858865476
327.293858865476
327.293858865476
327.293858865476
327.293858865476
327.293858865476
327.293858865476
327.293858865476
327.293858865476
327.293858865476
327.293858865476
327.293858865476
327.293858865476
327.293858865476
327.293858865476
327.293858865476
327.293858865476
327.293858865476
327.293858865476
327.293858865476
327.293858865476
327.293858865476
327.293858865476
327.293858865476
327.293858865476
327.293858865476
327.293858865476
327.293858865476
327.293858865476
327.293858865476
327.293858865476
327.293858865476
327.293858865476
327.293858865476
327.293858865476
327.293858865476
327.293858865476
327.293858865476
327.293858865476
327.293858865476
327.293858865476
327.293858865476
327.293858865476
327.293858865476
327.293858865476
327.293858865476
327.293858865476
327.293858865476
327.293858865476
327.293858865476
327.293858865476
327.293858865476
327.293858865476
327.293858865476
327.293858865476
327.293858865476
327.293858865476
327.293858865476
327.293858865476
327.293858865476
327.293858865476
327.293858865476
327.293858865476
327.293858865476
327.293858865476
327.293858865476
327.293858865476
327.293858865476
327.293858865476
327.293858865476
327.293858865476
327.293858865476
327.293858865476
327.293858865476
327.293858865476
327.293858865476
327.293858865476
327.293858865476
327.293858865476
327.293858865476
327.293858865476
327.293858865476
327.293858865476
327.293858865476
327.293858865476
327.293858865476
327.293858865476
327.293858865476
327.293858865476
327.293858865476
327.293858865476
327.293858865476
327.293858865476
327.293858865476
327.293858865476
327.293858865476
327.293858865476
327.293858865476
327.293858865476
327.293858865476

ave
344.888160420857
346.037242915327
345.574601744613
356.029352677715
365.662829443417
354.056516803155
342.528226914417
342.886904061066
354.588675762555
364.804770304745
341.930101257744
341.400134761665
329.230877443825
340.869168348785
341.453931199230
339.776740758632
328.081470737726
340.425310416898
328.587076854299
339.313286803511
340.850552890313
327.587638306021
340.169258874553
340.151395463163
351.707465140029
340.445424015246
338.944650196059
327.293858865475
327.293858865475
327.406443930583
339.650309303793
327.293858865475
327.293858865475
327.293858865475
328.044245775069
327.293858865475
327.293858865475
327.293858865475
327.293858865475
327.293858865475
327.293858865475
327.293858865475
339.537724238685
339.537724238685
327.750466334524
339.537724238685
327.293858865475
339.438985563308
327.293858865475
339.537724238685
327.293858865475
327.293858865475
327.293858865475
327.293858865475
327.293858865475
327.293858865475
327.293858865475
327.293858865475
327.293858865475
327.293858865475
327.293858865475
327.293858865475
339.288672600000
327.293858865475
327.293858865475
327.293858865475
327.293858865475
327.293858865475
327.293858865475
327.293858865475
327.293858865475
327.293858865475
327.293858865475
327.293858865475
327.293858865475
327.293858865475
327.293858865475
327.293858865475
327.293858865475
327.293858865475
327.293858865475
327.293858865475
327.293858865475
327.293858865475
327.293858865475
327.587638306021
338.944650196059
327.293858865475
327.293858865475
327.293858865475
327.293858865475
327.293858865475
327.293858865475
327.293858865475
327.293858865475
327.293858865475
327.293858865475
327.293858865475
327.293858865475
327.293858865475