最优解为:815.0656
最优解路径:

Best_route =

     7     1     8    10     2     4     0     0     0     0     0     0     0
     5     6     9     3    11    12     0     0     0     0     0     0     0

本次运算用时:8.391秒
算法在第2代时收敛

best
872.311682208937
815.065622121999
815.065622121999
815.065622121999
815.065622121999
815.065622121999
815.065622121999
815.065622121999
815.065622121999
815.065622121999
815.065622121999
815.065622121999
815.065622121999
815.065622121999
815.065622121999
815.065622121999
815.065622121999
815.065622121999
815.065622121999
815.065622121999
815.065622121999
815.065622121999
815.065622121999
815.065622121999
815.065622121999
815.065622121999
815.065622121999
815.065622121999
815.065622121999
815.065622121999
815.065622121999
815.065622121999
815.065622121999
815.065622121999
815.065622121999
815.065622121999
815.065622121999
815.065622121999
815.065622121999
815.065622121999
815.065622121999
815.065622121999
815.065622121999
815.065622121999
815.065622121999
815.065622121999
815.065622121999
815.065622121999
815.065622121999
815.065622121999
815.065622121999
815.065622121999
815.065622121999
815.065622121999
815.065622121999
815.065622121999
815.065622121999
815.065622121999
815.065622121999
815.065622121999
815.065622121999
815.065622121999
815.065622121999
815.065622121999
815.065622121999
815.065622121999
815.065622121999
815.065622121999
815.065622121999
815.065622121999
815.065622121999
815.065622121999
815.065622121999
815.065622121999
815.065622121999
815.065622121999
815.065622121999
815.065622121999
815.065622121999
815.065622121999
815.065622121999
815.065622121999
815.065622121999
815.065622121999
815.065622121999
815.065622121999
815.065622121999
815.065622121999
815.065622121999
815.065622121999
815.065622121999
815.065622121999
815.065622121999
815.065622121999
815.065622121999
815.065622121999
815.065622121999
815.065622121999
815.065622121999
815.065622121999
815.065622121999
815.065622121999
815.065622121999
815.065622121999

ave
1308.26575662980
1316.84549369576
1265.29056861071
1209.80040304838
1238.44755395432
1363.46348595289
1076.43788497985
1224.16766481803
1232.80195342208
1282.46283379487
1080.21611812015
977.000477810926
1093.61962558985
1038.71222302531
1141.19741306326
1090.94478412079
1140.37920549109
1037.97829128014
1118.60765586932
1012.98158951349
1072.56795404592
1122.05622275957
1004.13509735161
980.819280964410
968.853102747756
1000.81795784269
1054.84675774675
965.644555830901
920.363132618893
1022.78711427184
1008.45171471315
1069.52149133610
989.826482075775
1029.52748700791
1044.04616717732
932.296977201065
985.637980780484
950.561846878456
975.776557771340
947.310528318902
902.953693022631
1009.15662769398
1018.48317236244
953.932903096303
1012.35431799840
890.559201831900
895.775514763998
960.839210105537
952.927490238159
921.506989480484
883.199196452767
892.868523707037
914.770745062150
874.918123021601
894.878519463479
917.658114037072
947.968378749221
917.743028168732
898.396250271791
926.738066670811
970.124782928275
922.582416757399
942.476040774067
942.268655788017
935.402614947327
895.477284783353
908.547352522364
902.574398663516
910.968062907367
981.210152628909
942.561374144955
899.589131761866
946.787944478918
902.775674625917
890.967235150238
914.589686078676
969.478935182493
917.351438231867
918.555847781083
941.858255735435
920.073453331172
934.765194622563
939.467859785019
987.085223467974
903.213656468573
997.863048081474
921.145385356788
952.206533257714
976.785933130430
985.955516365625
906.685186869290
923.035612277509
970.836528192765
968.575185003705
938.088566033543
974.912578158510
935.421369932726
887.742743313708
898.525021553039
966.659900789511
951.428842693643
911.190710726898
920.037386160751
917.372154714699