最优解为:867.4349
最优解路径:

Best_route =

     5     6     9    10     7     2     8     3     4     0     0     0     0
    11    12     1     0     0     0     0     0     0     0     0     0     0

本次运算用时:6.063秒
算法在第144代时收敛

best
890.081219402748
890.081219402748
872.829594279714
872.829594279714
872.829594279714
872.829594279714
872.829594279714
872.829594279714
872.829594279714
872.829594279714
872.829594279714
872.829594279714
872.829594279714
872.829594279714
872.829594279714
872.829594279714
872.829594279714
872.829594279714
872.829594279714
872.829594279714
872.829594279714
872.829594279714
872.829594279714
872.829594279714
872.829594279714
872.829594279714
872.829594279714
872.829594279714
872.829594279714
872.829594279714
872.829594279714
872.829594279714
872.829594279714
872.829594279714
872.829594279714
872.829594279714
872.829594279714
872.829594279714
872.829594279714
872.829594279714
872.829594279714
872.829594279714
872.829594279714
872.829594279714
872.829594279714
872.829594279714
872.829594279714
872.829594279714
872.829594279714
872.829594279714
872.829594279714
872.829594279714
872.829594279714
872.829594279714
872.829594279714
872.829594279714
872.829594279714
872.829594279714
872.829594279714
872.829594279714
872.829594279714
872.829594279714
872.829594279714
872.829594279714
872.829594279714
872.829594279714
872.829594279714
872.829594279714
872.829594279714
872.829594279714
872.829594279714
872.829594279714
872.829594279714
872.829594279714
872.829594279714
872.829594279714
872.829594279714
872.829594279714
872.829594279714
872.829594279714
872.829594279714
872.829594279714
872.829594279714
872.829594279714
872.829594279714
872.829594279714
872.829594279714
872.829594279714
872.829594279714
872.829594279714
872.829594279714
872.829594279714
872.829594279714
872.829594279714
872.829594279714
872.829594279714
872.829594279714
872.829594279714
872.829594279714
872.829594279714
872.829594279714
872.829594279714
872.829594279714
872.829594279714

ave
1308.06153137640
1220.66730439145
1306.07140348285
1355.78664358166
1264.44475928127
1236.88204832387
1200.12562565564
1226.86755643380
1415.45511869179
1270.39529914124
1240.85782952687
1324.17607126913
1242.42505279149
1292.44104491654
1341.43709953629
1225.03628914314
1310.97638993741
1263.49618938727
1211.90928618026
1310.61507239022
1308.23200338744
1238.58944520865
1372.29997549619
1369.66289147730
1318.25483909977
1323.82367968670
1460.23087546791
1353.10306852190
1306.26276012539
1319.28517036440
1285.22809778957
1080.67318248813
1025.44742450693
1055.87175687446
1175.12087381653
1205.54511927660
1167.29922035940
967.611155895931
1013.47945850186
1070.52575495836
1129.72240744710
1062.39271751215
1202.18020728757
994.028864995378
958.383137330254
971.944669214620
1063.31638267114
992.213638227768
976.821601186824
950.386524727610
918.492225122630
931.473929300846
972.788614109303
949.051531103690
954.634853408771
918.228648681351
1001.25183738953
1013.90841028048
1013.17629396055
931.473929300846
922.327396683009
952.714180186921
904.516036519554
903.216377783627
960.446596160987
1022.49208827561
936.371917876672
978.257956324442
931.497725878113
931.733930689081
929.198773902410
944.521377638936
922.731811580816
894.654388558796
873.208465909708
927.871178936263
976.166872978250
872.829594279715
929.720293227540
920.727959092690
872.829594279715
923.290811706008
922.952454515410
958.515995992450
959.146937425059
944.152190962090
901.722321043613
928.760153921147
901.087145796934
957.393301351753
1008.87666126575
934.029777769375
920.334066265712
983.905202425863
952.172068564238
922.911940076015
944.572596373266
950.845999846795
997.741635783157
1012.36372168679
905.716221984435
984.690713562580
944.736734355096
940.522691164723