最优解为:907.4802
最优解路径:

Best_route =

    11    12     3     4     5     6     7     8     2     9    10     0     0
     1     0     0     0     0     0     0     0     0     0     0     0     0

本次运算用时:5.679秒
算法在第16代时收敛

best
958.195378942607
958.195378942607
958.195378942607
909.738785145967
909.738785145967
909.738785145967
909.738785145967
909.738785145967
909.738785145967
909.738785145967
909.738785145967
909.738785145967
909.738785145967
909.738785145967
909.738785145967
907.480175556830
907.480175556830
907.480175556830
907.480175556830
907.480175556830
907.480175556830
907.480175556830
907.480175556830
907.480175556830
907.480175556830
907.480175556830
907.480175556830
907.480175556830
907.480175556830
907.480175556830
907.480175556830
907.480175556830
907.480175556830
907.480175556830
907.480175556830
907.480175556830
907.480175556830
907.480175556830
907.480175556830
907.480175556830
907.480175556830
907.480175556830
907.480175556830
907.480175556830
907.480175556830
907.480175556830
907.480175556830
907.480175556830
907.480175556830
907.480175556830
907.480175556830
907.480175556830
907.480175556830
907.480175556830
907.480175556830
907.480175556830
907.480175556830
907.480175556830
907.480175556830
907.480175556830
907.480175556830
907.480175556830
907.480175556830
907.480175556830
907.480175556830
907.480175556830
907.480175556830
907.480175556830
907.480175556830
907.480175556830
907.480175556830
907.480175556830
907.480175556830
907.480175556830
907.480175556830
907.480175556830
907.480175556830
907.480175556830
907.480175556830
907.480175556830
907.480175556830
907.480175556830
907.480175556830
907.480175556830
907.480175556830
907.480175556830
907.480175556830
907.480175556830
907.480175556830
907.480175556830
907.480175556830
907.480175556830
907.480175556830
907.480175556830
907.480175556830
907.480175556830
907.480175556830
907.480175556830
907.480175556830
907.480175556830
907.480175556830
907.480175556830
907.480175556830
907.480175556830
907.480175556830
907.480175556830
907.480175556830
907.480175556830
907.480175556830
907.480175556830
907.480175556830
907.480175556830
907.480175556830
907.480175556830
907.480175556830
907.480175556830
907.480175556830
907.480175556830
907.480175556830
907.480175556830
907.480175556830
907.480175556830
907.480175556830
907.480175556830
907.480175556830
907.480175556830
907.480175556830
907.480175556830
907.480175556830
907.480175556830
907.480175556830
907.480175556830
907.480175556830
907.480175556830
907.480175556830
907.480175556830
907.480175556830
907.480175556830
907.480175556830
907.480175556830
907.480175556830
907.480175556830
907.480175556830
907.480175556830
907.480175556830
907.480175556830
907.480175556830
907.480175556830
907.480175556830
907.480175556830
907.480175556830
907.480175556830
907.480175556830
907.480175556830
907.480175556830
907.480175556830
907.480175556830
907.480175556830
907.480175556830
907.480175556830
907.480175556830
907.480175556830
907.480175556830
907.480175556830
907.480175556830
907.480175556830
907.480175556830
907.480175556830
907.480175556830
907.480175556830
907.480175556830
907.480175556830
907.480175556830
907.480175556830
907.480175556830
907.480175556830
907.480175556830
907.480175556830
907.480175556830
907.480175556830
907.480175556830
907.480175556830
907.480175556830
907.480175556830
907.480175556830
907.480175556830
907.480175556830
907.480175556830
907.480175556830
907.480175556830
907.480175556830
907.480175556830
907.480175556830
907.480175556830
907.480175556830
907.480175556830
907.480175556830
907.480175556830
907.480175556830
907.480175556830

ave
961.363209869933
1061.51004505134
1007.17464369358
1004.24998298200
993.922619058822
1101.17778734531
961.395070609392
960.931255836176
1004.97202043974
992.923898843337
1161.85195541452
1003.16680062605
1004.95082486314
1049.55647586192
1004.88419017921
1316.77995498124
1303.29218938437
1273.31006560052
1453.04227927963
1362.86860525337
1229.04682644737
1497.70219539768
1542.44661103139
1542.62911517423
1273.51797560299
1451.73681762184
1181.63744993006
1407.39289088501
1362.27828286249
1407.58057913099
1318.06904095188
1497.78167294496
1319.56377555278
1407.39289088501
1452.17059198534
1408.07816179173
1408.17200591471
1542.44661103139
1497.45789348357
1587.10231631159
1496.98458128243
1632.44532945084
1182.71952557570
1092.86444690770
1182.64382555109
1093.16489816757
1003.47936364717
1003.63076369637
1227.81598949984
1126.92260993574
1183.32620795997
1272.42320419449
1182.83151379707
1092.86444690770
1183.13290731503
1138.22744843053
958.783917228494
1048.33125807014
1093.65341548764
1093.07122151014
1183.37758704335
1048.68141045448
1048.05045761060
1092.86444690770
1272.51704831748
1137.86706670885
1182.64382555109
1171.27913552479
1093.05307741176
1003.31092922322
1003.98967894708
1048.27520884588
1093.29664741644
1092.86444690770
1048.23908811466
1227.62735899578
1093.45298519359
1048.65713999488
1047.97475758600
1182.75675603055
1272.42320419449
1138.73444693677
1182.73766967408
1003.08506826430
1137.92368037699
1048.79663224440
1138.35614847279
1138.05458748927
1183.28668189982
1182.71952557570
958.859617253097
1048.16244583198
1092.86444690770
1048.05045761060
1048.23741394715
1272.94924882622
1093.78904597405
1048.08768806546
1228.12205315868
1272.61089244046
1003.38551952418
1137.82983625400
1227.53351487279
1182.75675603055
1272.59274834208
1137.75413622940
1093.16489816757
1093.54682931657
1228.17767408711
1137.86706670885
1003.08506826430
1092.86444690770
1137.75413622940
1093.52868521819
1271.00327936856
1227.72120311877
1183.00032603523
1138.12972307001
1048.95506829338
1227.53351487279
1048.73111537035
1172.34328161711
1183.64228035686
1048.27520884588
1093.24003374831
1047.97475758600
1048.44806978714
1048.16244583198
1049.15183415778
1048.36905296886
1003.27275651028
1093.33775910884
1048.51988857420
1093.35296422777
1083.52172438227
1183.11713775223
1138.26203676274
1003.19799874376
1048.85095460207
1182.75675603055
1093.29832158395
1183.38376388619
1218.49196734151
1093.33387787130
1093.33775910884
1093.05307741176
1003.27275651028
1227.83396613267
1092.86444690770
1048.05045761060
1137.94182447537
1171.16620504534
1093.35352867163
1093.07122151014
1093.11692011830
1093.16489816757
1182.94427681097
1093.38975963000
1139.18531559102
1228.00682707393
1048.08768806546
1137.75413622940
1003.17891238729
1227.79617123395
1094.06597105584
1183.30806386159
1003.19799874376
1227.53351487279
1227.60921489740
1047.97475758600
1004.04975783467
1092.86444690770
1138.24265354946
958.271078967210
1137.84798035238
1092.86444690770
1093.20323834607
1182.64382555109
1182.64382555109
1048.53786520703
1182.86968651001
1046.12137982559
1182.64382555109
1093.05213515367
1174.55612634425
1227.74547357837
1048.16244583198
1093.75454617710
1047.97475758600
1181.81243901106
1128.48711372857
1183.13752697429
1081.95398272607
1138.56853547420
1092.97737738716
1135.21837606011
1048.05045761060
1126.35221574824
1004.05086755831
1137.75413622940