最优解为:345.6434
最优解路径:

Best_route =

     0     0     0     0     0     0     0     0     0
     4     5     1     7     2     8     6     3     0

本次运算用时:3.452秒
算法在第19代时收敛

best
349.007949930821
347.615317567126
347.615317567126
347.615317567126
345.701259032384
345.701259032384
345.701259032384
345.701259032384
345.701259032384
345.701259032384
345.701259032384
345.701259032384
345.701259032384
345.701259032384
345.701259032384
345.701259032384
345.701259032384
345.701259032384
345.643374299619
345.643374299619
345.643374299619
345.643374299619
345.643374299619
345.643374299619
345.643374299619
345.643374299619
345.643374299619
345.643374299619
345.643374299619
345.643374299619
345.643374299619
345.643374299619
345.643374299619
345.643374299619
345.643374299619
345.643374299619
345.643374299619
345.643374299619
345.643374299619
345.643374299619
345.643374299619
345.643374299619
345.643374299619
345.643374299619
345.643374299619
345.643374299619
345.643374299619
345.643374299619
345.643374299619
345.643374299619
345.643374299619
345.643374299619
345.643374299619
345.643374299619
345.643374299619
345.643374299619
345.643374299619
345.643374299619
345.643374299619
345.643374299619
345.643374299619
345.643374299619
345.643374299619
345.643374299619
345.643374299619
345.643374299619
345.643374299619
345.643374299619
345.643374299619
345.643374299619
345.643374299619
345.643374299619
345.643374299619
345.643374299619
345.643374299619
345.643374299619
345.643374299619
345.643374299619
345.643374299619
345.643374299619
345.643374299619
345.643374299619
345.643374299619
345.643374299619
345.643374299619
345.643374299619
345.643374299619
345.643374299619
345.643374299619
345.643374299619
345.643374299619
345.643374299619
345.643374299619
345.643374299619
345.643374299619
345.643374299619
345.643374299619
345.643374299619
345.643374299619
345.643374299619
345.643374299619
345.643374299619
345.643374299619
345.643374299619
345.643374299619
345.643374299619
345.643374299619
345.643374299619
345.643374299619
345.643374299619
345.643374299619
345.643374299619
345.643374299619
345.643374299619
345.643374299619
345.643374299619
345.643374299619
345.643374299619
345.643374299619
345.643374299619
345.643374299619
345.643374299619
345.643374299619
345.643374299619
345.643374299619
345.643374299619
345.643374299619
345.643374299619
345.643374299619
345.643374299619
345.643374299619
345.643374299619
345.643374299619
345.643374299619
345.643374299619
345.643374299619
345.643374299619
345.643374299619
345.643374299619
345.643374299619
345.643374299619
345.643374299619
345.643374299619
345.643374299619
345.643374299619
345.643374299619
345.643374299619
345.643374299619
345.643374299619
345.643374299619
345.643374299619
345.643374299619
345.643374299619
345.643374299619
345.643374299619
345.643374299619
345.643374299619
345.643374299619
345.643374299619
345.643374299619
345.643374299619
345.643374299619
345.643374299619
345.643374299619
345.643374299619
345.643374299619
345.643374299619
345.643374299619
345.643374299619
345.643374299619
345.643374299619
345.643374299619
345.643374299619
345.643374299619
345.643374299619
345.643374299619
345.643374299619
345.643374299619
345.643374299619
345.643374299619
345.643374299619
345.643374299619
345.643374299619
345.643374299619
345.643374299619
345.643374299619
345.643374299619
345.643374299619
345.643374299619
345.643374299619
345.643374299619
345.643374299619
345.643374299619
345.643374299619
345.643374299619
345.643374299619
345.643374299619
345.643374299619
345.643374299619
345.643374299619

ave
400.219356236610
355.359380860937
370.392201778762
384.630877008870
383.511109114894
397.036258582358
382.336297789500
352.746305893319
355.552649791149
396.955467782993
352.451051443188
383.970559851313
350.888983094639
381.788019282133
380.210796064278
366.601062332313
350.181837748626
366.376283198933
380.513241095205
380.999165541618
363.959800870526
366.445846700107
349.619987517439
349.926722243776
347.582125192301
377.854798685606
362.213329843595
407.177474328170
362.585998691456
362.341205194847
346.136360116496
347.537836438859
346.653697974943
375.638828800160
407.807541771529
406.573294114999
376.985027886872
346.218208554703
345.643374299620
346.073838239507
346.713816172602
345.951416884490
346.073838239507
346.100921516347
346.270250925113
360.914842084410
345.741971462995
361.321155179369
345.872147907983
345.643374299620
360.598284486928
345.643374299620
345.643374299620
345.643374299620
345.943661794518
345.643374299620
345.872147907983
346.426175493284
345.643374299620
345.643374299620
360.965749552892
345.643374299620
346.394616713543
345.643374299620
346.300019800076
360.753792886695
345.879626380359
345.855113911377
345.643374299620
345.643374299620
345.643374299620
345.643374299620
361.739065252689
360.597037160538
345.643374299620
346.213061185150
345.872147907983
345.643374299620
345.643374299620
345.643374299620
346.394616713543
345.643374299620
360.597037160538
345.643374299620
345.643374299620
345.643374299620
346.041477316749
345.643374299620
345.643374299620
345.643374299620
345.643374299620
345.845464976493
345.643374299620
345.643374299620
346.213061185150
345.643374299620
345.643374299620
345.643374299620
360.597037160538
345.872147907983
345.676352299125
345.643374299620
345.643374299620
345.676352299125
346.285394791338
346.710921935964
345.643374299620
345.643374299620
345.643374299620
360.597037160538
345.643374299620
345.643374299620
345.643374299620
345.643374299620
345.643374299620
345.643374299620
345.643374299620
345.643374299620
345.643374299620
345.643374299620
345.643374299620
361.388095603638
345.643374299620
345.643374299620
345.643374299620
360.598284486928
345.643374299620
345.643374299620
345.643374299620
347.251980192838
345.643374299620
345.643374299620
345.643374299620
345.643374299620
345.643374299620
345.872923889500
360.597037160538
345.643374299620
345.643374299620
345.643374299620
345.643374299620
360.589719821635
345.643374299620
345.646268536258
345.643374299620
360.753792886695
345.872147907983
345.643374299620
345.643374299620
345.643374299620
345.643374299620
345.643374299620
345.643374299620
345.719749039487
345.643374299620
345.643374299620
360.747249508005
345.643374299620
345.643374299620
345.643374299620
345.643374299620
346.213061185150
345.879626380359
345.643374299620
345.643374299620
345.719612745925
346.407942519214
345.643374299620
360.597037160538
345.643374299620
345.643374299620
345.643374299620
360.747249508005
345.643374299620
345.643374299620
345.643374299620
345.643374299620
345.643374299620
345.643374299620
361.044428931952
346.162862954311
345.643374299620
345.872147907983
345.643374299620
345.643374299620
345.643374299620
345.643374299620
345.643374299620
345.643374299620
345.643374299620
345.643374299620
345.643374299620
346.119611391328
345.643374299620
361.069808536258
360.965532498453
345.643374299620
360.589719821636
345.643374299620
345.643374299620