最优解为:879.0358
最优解路径:

Best_route =

    15    16     4    13    14     8     0     0     0     0     0     0     0     0     0     0     0
     3     1    11     7    12     5     6     2     9    10     0     0     0     0     0     0     0

本次运算用时:7.349秒
算法在第135代时收敛

best
907.454341421051
893.632149289953
893.632149289953
893.632149289953
893.632149289953
893.632149289953
893.632149289953
893.632149289953
893.632149289953
893.632149289953
893.632149289953
893.632149289953
893.632149289953
893.632149289953
893.632149289953
893.632149289953
893.632149289953
893.632149289953
893.632149289953
893.632149289953
893.632149289953
893.632149289953
893.632149289953
893.632149289953
893.632149289953
893.632149289953
893.632149289953
893.632149289953
893.632149289953
893.632149289953
893.632149289953
893.632149289953
893.632149289953
893.632149289953
893.632149289953
893.632149289953
893.632149289953
893.632149289953
893.632149289953
893.632149289953
893.632149289953
893.632149289953
893.632149289953
893.632149289953
893.632149289953
893.632149289953
893.632149289953
893.632149289953
893.632149289953
893.632149289953
893.632149289953
893.632149289953
893.632149289953
893.632149289953
893.632149289953
893.632149289953
893.632149289953
893.632149289953
893.632149289953
893.632149289953
893.632149289953
893.632149289953
893.632149289953
893.632149289953
893.632149289953
893.632149289953
893.632149289953
893.632149289953
893.632149289953
893.632149289953
893.632149289953
893.632149289953
893.632149289953
893.632149289953
893.632149289953
893.632149289953
893.632149289953
893.632149289953
893.632149289953
893.632149289953
893.632149289953
893.632149289953
893.632149289953
893.632149289953
893.632149289953
893.632149289953
893.632149289953
893.632149289953
893.632149289953
893.632149289953
893.632149289953
893.632149289953
893.632149289953
893.632149289953
893.632149289953
893.632149289953
893.632149289953
893.632149289953
893.632149289953
893.632149289953
893.632149289953
893.632149289953
893.632149289953
893.632149289953
893.632149289953
893.632149289953
893.632149289953
893.632149289953
893.632149289953
893.632149289953
893.632149289953
893.632149289953
893.632149289953
893.632149289953
893.632149289953
893.632149289953
893.632149289953
893.632149289953
893.632149289953
893.632149289953
893.632149289953
893.632149289953
893.632149289953
893.632149289953
893.632149289953
893.632149289953
893.632149289953
893.632149289953
893.632149289953
893.632149289953
893.632149289953
893.632149289953
893.632149289953
893.632149289953
879.035771373929
879.035771373929
879.035771373929
879.035771373929
879.035771373929
879.035771373929
879.035771373929
879.035771373929
879.035771373929
879.035771373929
879.035771373929
879.035771373929
879.035771373929
879.035771373929
879.035771373929
879.035771373929
879.035771373929
879.035771373929
879.035771373929
879.035771373929
879.035771373929
879.035771373929
879.035771373929
879.035771373929
879.035771373929
879.035771373929
879.035771373929
879.035771373929
879.035771373929
879.035771373929
879.035771373929
879.035771373929
879.035771373929
879.035771373929
879.035771373929
879.035771373929
879.035771373929
879.035771373929
879.035771373929
879.035771373929
879.035771373929
879.035771373929
879.035771373929
879.035771373929
879.035771373929
879.035771373929
879.035771373929
879.035771373929
879.035771373929
879.035771373929
879.035771373929
879.035771373929
879.035771373929
879.035771373929
879.035771373929
879.035771373929
879.035771373929
879.035771373929
879.035771373929
879.035771373929
879.035771373929
879.035771373929
879.035771373929
879.035771373929
879.035771373929
879.035771373929

ave
1145.54774462882
1033.78753330523
1045.40629750938
1111.28404726631
1074.24252787527
1112.23596319160
1147.61242465997
1274.00763744212
1124.35103971436
1123.43604929805
1020.60106408032
1052.97392075487
1022.61937257923
978.786602065777
1064.62219660508
1014.68340303036
1022.08472812240
989.549347263596
1031.75780093225
1003.59146503342
1012.38746604417
1052.13828451453
964.282976435580
1055.73161500659
1007.73856897275
999.363202380116
973.119693117876
946.336841930523
992.835320532759
959.891235888318
978.626932768424
992.750364800761
991.665659913863
952.810004717332
970.304159151436
1014.46985126797
951.922254893611
966.949964994637
947.482951943863
944.069187078781
961.449274691062
943.582032580519
956.989047432090
939.120463970826
944.744731710794
942.539182792273
941.469825861541
960.327217085344
937.179998518481
942.458141897733
941.474487139079
952.092600048237
956.629844660521
937.966237022237
947.940674946966
958.134694862184
955.396085775277
944.675217989552
959.300019805824
946.294238165990
980.430324977832
949.924901653711
972.241375993108
970.595539633349
946.538024094923
964.918604798350
946.579552908031
949.787349051844
971.957823679620
962.316130013072
940.668507183727
939.147308035790
951.412319716619
976.985050418109
954.088856675677
938.942229720570
953.924785437251
960.810810545699
950.224983907079
947.955982593390
940.166916533376
943.466554589433
940.342231890239
942.462004720102
961.080746046179
961.684892117562
960.507789522270
956.664922415287
967.070676416956
952.772128756819
967.687309912392
973.269458735558
971.770241182384
987.307550719216
940.088540137593
952.832177692197
975.925530027663
957.407230002871
943.026952621303
984.541510377177
937.551644039708
944.575080817024
942.776980507112
943.315791050736
976.023139937004
965.939224284951
955.313730157978
955.248980022245
964.071915450080
940.731864434576
950.332618934305
941.715519193230
959.014137097747
955.458349059815
942.309541407548
948.615877922640
972.523378241577
955.179377979008
939.117545077434
954.378865031964
941.273042653495
955.104122042597
938.553116824367
978.087642019620
938.815682591034
938.352990195284
959.497099202409
939.729232059970
952.643499332176
960.437883651139
958.891813377140
938.500306091322
947.590801422068
944.636720510837
938.255472045016
955.556845743942
948.413467824627
948.379597923253
953.790713422747
957.420215793677
948.783466624597
936.196343759827
973.631871199499
952.993225485540
945.874899516888
961.366548330826
977.667415714699
956.951170980885
970.134253819519
945.816207741733
956.636496953621
963.230144809220
960.118430670840
946.705532375106
989.503692907199
963.598847592986
952.403561687747
987.816362539602
954.456580843827
972.168145878420
962.433797854427
944.654404154527
964.597091858763
950.047597707837
940.315244338454
958.324832246399
956.586634394668
944.225155788853
952.381351194728
956.380875710112
955.116266882837
941.737695876793
942.155841542724
939.507177621770
945.470930165020
957.653203602675
954.697005200380
955.265771404687
940.820559756320
961.780858737716
954.716283550195
949.637172900939
937.958574961916
981.470290346599
943.059043537865
954.205303131275
940.445577307794
950.526585150395
1004.39199833721
937.325925645605
947.994644366743
940.662374198738
960.954805135521
947.775150769463
939.733584667184
938.523522863117
966.181591956173
938.285468210901
972.431302640271
959.323282186945