最优解为:830.3442
最优解路径:

Best_route =

    15    16    12     0     0     0     0     0     0     0     0     0     0     0     0     0     0
    11     1     3     9    10     7     5     2     8     6    13    14     4     0     0     0     0

本次运算用时:8.123秒
算法在第2代时收敛

best
869.136924386274
830.344239608202
830.344239608202
830.344239608202
830.344239608202
830.344239608202
830.344239608202
830.344239608202
830.344239608202
830.344239608202
830.344239608202
830.344239608202
830.344239608202
830.344239608202
830.344239608202
830.344239608202
830.344239608202
830.344239608202
830.344239608202
830.344239608202
830.344239608202
830.344239608202
830.344239608202
830.344239608202
830.344239608202
830.344239608202
830.344239608202
830.344239608202
830.344239608202
830.344239608202
830.344239608202
830.344239608202
830.344239608202
830.344239608202
830.344239608202
830.344239608202
830.344239608202
830.344239608202
830.344239608202
830.344239608202
830.344239608202
830.344239608202
830.344239608202
830.344239608202
830.344239608202
830.344239608202
830.344239608202
830.344239608202
830.344239608202
830.344239608202
830.344239608202
830.344239608202
830.344239608202
830.344239608202
830.344239608202
830.344239608202
830.344239608202
830.344239608202
830.344239608202
830.344239608202
830.344239608202
830.344239608202
830.344239608202
830.344239608202
830.344239608202
830.344239608202
830.344239608202
830.344239608202
830.344239608202
830.344239608202
830.344239608202
830.344239608202
830.344239608202
830.344239608202
830.344239608202
830.344239608202
830.344239608202
830.344239608202
830.344239608202
830.344239608202
830.344239608202
830.344239608202
830.344239608202
830.344239608202
830.344239608202
830.344239608202
830.344239608202
830.344239608202
830.344239608202
830.344239608202
830.344239608202
830.344239608202
830.344239608202
830.344239608202
830.344239608202
830.344239608202
830.344239608202
830.344239608202
830.344239608202
830.344239608202
830.344239608202
830.344239608202
830.344239608202
830.344239608202
830.344239608202
830.344239608202
830.344239608202
830.344239608202
830.344239608202
830.344239608202
830.344239608202
830.344239608202
830.344239608202
830.344239608202
830.344239608202
830.344239608202
830.344239608202
830.344239608202
830.344239608202
830.344239608202
830.344239608202
830.344239608202
830.344239608202
830.344239608202
830.344239608202
830.344239608202
830.344239608202
830.344239608202
830.344239608202
830.344239608202
830.344239608202
830.344239608202
830.344239608202
830.344239608202
830.344239608202
830.344239608202
830.344239608202
830.344239608202
830.344239608202
830.344239608202
830.344239608202
830.344239608202
830.344239608202
830.344239608202
830.344239608202
830.344239608202
830.344239608202
830.344239608202
830.344239608202
830.344239608202
830.344239608202
830.344239608202
830.344239608202
830.344239608202
830.344239608202
830.344239608202
830.344239608202
830.344239608202
830.344239608202
830.344239608202
830.344239608202
830.344239608202
830.344239608202
830.344239608202
830.344239608202
830.344239608202
830.344239608202
830.344239608202
830.344239608202
830.344239608202
830.344239608202
830.344239608202
830.344239608202
830.344239608202
830.344239608202
830.344239608202
830.344239608202
830.344239608202
830.344239608202
830.344239608202
830.344239608202
830.344239608202
830.344239608202
830.344239608202
830.344239608202
830.344239608202
830.344239608202
830.344239608202
830.344239608202
830.344239608202
830.344239608202
830.344239608202
830.344239608202
830.344239608202
830.344239608202
830.344239608202
830.344239608202
830.344239608202
830.344239608202
830.344239608202

ave
1107.82683791502
1147.79764931404
1091.50584772421
1165.81053217086
1172.17571897465
1161.25121849851
1151.06867770206
1116.52917228280
1151.38560752202
1086.86764098595
1147.05580144172
1087.70468311703
1092.82434104235
1082.76621480211
1125.74456089943
1157.50631479127
1172.01451590477
1096.98919122699
1088.53253601073
1096.25109725908
1099.42577132828
1169.14922896223
1074.07415383280
1141.05242107762
1116.83064273029
1105.73908093900
1030.70175481213
1142.67183968363
1054.56543910029
1064.74708104936
1071.47902625424
1185.44481392599
996.936219762410
1007.35423733430
1060.29895493969
1067.71202594908
1133.95771754394
1089.73602375107
1062.68699736175
1027.77168387348
1037.93914196581
1058.98894443106
1026.90774216584
1093.08868728929
982.867488880498
1035.38397289536
946.754375182312
973.478171481707
1024.36562180173
1070.96891433869
995.778188371323
959.164708086697
1039.88998141894
1010.17996246126
1039.58573899564
991.950849821599
981.382827244556
942.997850970871
962.152899286766
958.641319053190
975.353569991617
1012.63460374854
1019.39316034530
946.793303147376
1036.14751774107
952.612411229430
1048.66667971268
1083.99856544274
1206.12039754486
1112.27475219231
1023.96999187262
1064.16201822098
1066.59743708801
1077.53018461325
1091.59331871795
1088.12720883138
1144.85387481995
1024.83428150454
1031.58638349073
1116.65237757524
1084.40710273944
1063.99620897492
1016.25157485294
1053.06557663906
1022.55314901346
1032.88303262120
1093.67696729049
1009.24821793106
1060.60481920499
986.728258526675
1023.06642737163
1014.26403667955
1049.63010317997
1034.60559744877
997.446734690951
1112.44670758935
1009.50625222908
986.270447193791
1043.49618930199
1064.75475367413
1068.43754028505
992.214383130276
976.779997097203
1019.88584367983
984.622108668738
991.893639499072
1002.14984510087
1066.21743577975
985.765041494935
984.940681067192
957.809498520481
951.982531420175
1020.74032416097
994.591771117836
938.484264538099
979.489846463298
981.095887566449
958.772860890628
989.043512023471
973.564510519078
995.912641612323
980.347907596650
994.041207233411
973.225383581590
933.052787427323
915.179847818126
982.675952758246
1005.81862924809
911.685234245363
888.481874229455
949.477041618446
1011.20203063194
964.564040181991
961.204609851962
1031.97690630170
953.077822940971
1023.59893050976
924.450351582644
1025.08039123455
979.450224891440
947.262289096976
976.696721477448
932.282118083305
920.761906925938
1004.48012449358
1018.71359708514
986.129432259458
939.397140886087
954.410787845997
877.967985192106
1002.65652507781
970.540878367193
939.938771223705
1008.05922912726
1008.44830502388
881.624153151498
970.978704691749
972.338277496345
1064.24442484477
1089.70367881289
1138.49018709656
1072.09003610499
1113.13535960692
1157.79880147927
1132.64033732853
1199.16981727841
1055.60997067720
1035.96521234188
1092.90529046213
1060.59636861733
1079.52887235996
1114.00196764967
1041.83271138558
1009.21010098867
1049.79307877731
1040.28637827973
1108.78143792085
1396.37419041486
1332.38530078497
1322.69874302944
1295.32029299971
1253.90600673228
1316.53927258815
1199.45093397091
1291.52106733888
1359.14693502930
1267.56863718586
1238.76963400992
1260.51563970108
1405.40398586440
1376.30619033330
1300.10140678702
1287.00124179974
1361.28630798036
1344.11387424048
1222.40216660721
1369.86122485319
1233.38208872056
1278.86296332719
1365.03922271991