最优解为:321.3166
最优解路径:

Best_route =

     4     5     1     3     2     0
     0     0     0     0     0     0

本次运算用时:1.249秒
算法在第2代时收敛

best
321.710020237151
321.316614127179
321.316614127179
321.316614127179
321.316614127179
321.316614127179
321.316614127179
321.316614127179
321.316614127179
321.316614127179
321.316614127179
321.316614127179
321.316614127179
321.316614127179
321.316614127179
321.316614127179
321.316614127179
321.316614127179
321.316614127179
321.316614127179
321.316614127179
321.316614127179
321.316614127179
321.316614127179
321.316614127179
321.316614127179
321.316614127179
321.316614127179
321.316614127179
321.316614127179
321.316614127179
321.316614127179
321.316614127179
321.316614127179
321.316614127179
321.316614127179
321.316614127179
321.316614127179
321.316614127179
321.316614127179
321.316614127179
321.316614127179
321.316614127179
321.316614127179
321.316614127179
321.316614127179
321.316614127179
321.316614127179
321.316614127179
321.316614127179
321.316614127179
321.316614127179
321.316614127179
321.316614127179
321.316614127179
321.316614127179
321.316614127179
321.316614127179
321.316614127179
321.316614127179
321.316614127179
321.316614127179
321.316614127179
321.316614127179
321.316614127179
321.316614127179
321.316614127179
321.316614127179
321.316614127179
321.316614127179
321.316614127179
321.316614127179
321.316614127179
321.316614127179
321.316614127179
321.316614127179
321.316614127179
321.316614127179
321.316614127179
321.316614127179
321.316614127179
321.316614127179
321.316614127179
321.316614127179
321.316614127179
321.316614127179
321.316614127179
321.316614127179
321.316614127179
321.316614127179
321.316614127179
321.316614127179
321.316614127179
321.316614127179
321.316614127179
321.316614127179
321.316614127179
321.316614127179
321.316614127179
321.316614127179

ave
339.495652819532
326.367569332147
343.119972474004
338.623243013594
339.911222789111
339.641817288020
325.665103576095
325.536435521631
353.261300143236
323.463919931516
353.673642522062
323.378833286118
354.284283915612
337.874764666929
324.932251665658
340.199590797130
337.965628925172
322.065867147483
337.986605218072
321.864783752342
323.830542093251
322.755792738025
322.365044221801
322.462624087291
322.913890255013
336.729152436015
338.900013725495
338.191498847754
336.347665604275
336.831626455347
323.009947047222
351.277416538211
426.608372494520
396.767907192337
336.239993727348
351.101664542624
336.544804207881
336.497651050114
366.476805591747
351.254409376362
336.045889601160
336.583649537646
321.863418032329
321.316614127179
321.704822379556
321.316614127179
351.691510115657
321.316614127179
351.073490080311
336.045889601159
336.045889601160
321.316614127179
321.316614127179
336.344214606331
336.497651050114
321.510718253368
321.316614127179
321.316614127179
321.336284432678
336.497651050114
322.238742373550
321.316614127179
321.316614127179
321.316614127179
321.316614127179
321.316614127179
321.316614127179
336.804957163800
321.316614127179
321.316614127179
321.316614127179
321.316614127179
321.316614127179
321.316614127179
321.316614127179
321.316614127179
336.461301353502
321.316614127179
336.045889601159
321.316614127179
321.316614127179
321.316614127179
321.316614127179
321.316614127179
321.316614127179
321.316614127179
321.316614127179
321.316614127179
321.316614127179
321.316614127179
321.316614127179
321.316614127179
321.316614127179
321.316614127179
321.316614127179
321.316614127179
321.316614127179
321.316614127179
321.316614127179
321.316614127179