最优解为:404.1167
最优解路径:

Best_route =

     0     0     0     0     0     0     0
     1     5     3     4     2     6     0

本次运算用时:1.656秒
算法在第6代时收敛

best
428.782184752251
428.782184752251
428.782184752251
428.782184752251
428.782184752251
404.116695927264
404.116695927264
404.116695927264
404.116695927264
404.116695927264
404.116695927264
404.116695927264
404.116695927264
404.116695927264
404.116695927264
404.116695927264
404.116695927264
404.116695927264
404.116695927264
404.116695927264
404.116695927264
404.116695927264
404.116695927264
404.116695927264
404.116695927264
404.116695927264
404.116695927264
404.116695927264
404.116695927264
404.116695927264
404.116695927264
404.116695927264
404.116695927264
404.116695927264
404.116695927264
404.116695927264
404.116695927264
404.116695927264
404.116695927264
404.116695927264
404.116695927264
404.116695927264
404.116695927264
404.116695927264
404.116695927264
404.116695927264
404.116695927264
404.116695927264
404.116695927264
404.116695927264
404.116695927264
404.116695927264
404.116695927264
404.116695927264
404.116695927264
404.116695927264
404.116695927264
404.116695927264
404.116695927264
404.116695927264
404.116695927264
404.116695927264
404.116695927264
404.116695927264
404.116695927264
404.116695927264
404.116695927264
404.116695927264
404.116695927264
404.116695927264
404.116695927264
404.116695927264
404.116695927264
404.116695927264
404.116695927264
404.116695927264
404.116695927264
404.116695927264
404.116695927264
404.116695927264
404.116695927264
404.116695927264
404.116695927264
404.116695927264
404.116695927264
404.116695927264
404.116695927264
404.116695927264
404.116695927264
404.116695927264
404.116695927264
404.116695927264
404.116695927264
404.116695927264
404.116695927264
404.116695927264
404.116695927264
404.116695927264
404.116695927264
404.116695927264

ave
485.259099365704
458.044386060042
441.149666605910
445.054675074921
443.372960584422
443.354198538299
442.820115571540
437.735537640152
503.850683875890
462.345100833243
464.339286627976
446.875235714884
433.866762683639
470.308188553243
451.729036482894
470.495657162010
430.882311721005
463.320553360749
432.668431175137
473.980209917673
428.782184752251
431.348223236628
435.966889652393
460.354841182961
445.193521224386
430.317552781141
429.666508746130
428.782184752251
431.766635714884
428.782184752251
444.309197230507
428.782184752251
430.882311721005
428.782184752251
428.782184752251
459.836209708764
428.782184752251
428.782184752251
428.782184752251
428.782184752251
428.782184752251
430.882311721005
428.782184752251
428.782184752251
428.782184752251
428.782184752251
428.782184752251
428.782184752251
428.782184752251
430.882311721005
444.309197230507
428.782184752251
428.782184752251
429.666508746130
428.782184752251
428.782184752251
428.782184752251
428.782184752251
428.782184752251
428.782184752251
428.782184752251
428.782184752251
428.782184752251
428.782184752251
428.782184752251
428.782184752251
428.782184752251
428.782184752251
428.782184752251
428.782184752251
428.782184752251
428.782184752251
428.782184752251
428.782184752251
428.782184752251
428.782184752251
428.782184752251
428.782184752251
428.782184752251
428.782184752251
428.782184752251
428.782184752251
428.782184752251
428.782184752251
428.782184752251
428.782184752251
428.782184752251
428.782184752251
429.666508746130
428.782184752251
446.318195665636
428.782184752251
428.782184752251
428.782184752251
428.782184752251
428.782184752251
428.782184752251
428.782184752251
428.782184752251
428.782184752251