最优解为:330.0947
最优解路径:

Best_route =

     3     1     4     2     0
     0     0     0     0     0

本次运算用时:1.156秒
算法在第12代时收敛

best
379.911728825073
379.911728825073
379.911728825073
379.911728825073
379.911728825073
379.911728825073
379.911728825073
379.911728825073
379.911728825073
379.911728825073
379.911728825073
330.094723762080
330.094723762080
330.094723762080
330.094723762080
330.094723762080
330.094723762080
330.094723762080
330.094723762080
330.094723762080
330.094723762080
330.094723762080
330.094723762080
330.094723762080
330.094723762080
330.094723762080
330.094723762080
330.094723762080
330.094723762080
330.094723762080
330.094723762080
330.094723762080
330.094723762080
330.094723762080
330.094723762080
330.094723762080
330.094723762080
330.094723762080
330.094723762080
330.094723762080
330.094723762080
330.094723762080
330.094723762080
330.094723762080
330.094723762080
330.094723762080
330.094723762080
330.094723762080
330.094723762080
330.094723762080
330.094723762080
330.094723762080
330.094723762080
330.094723762080
330.094723762080
330.094723762080
330.094723762080
330.094723762080
330.094723762080
330.094723762080
330.094723762080
330.094723762080
330.094723762080
330.094723762080
330.094723762080
330.094723762080
330.094723762080
330.094723762080
330.094723762080
330.094723762080
330.094723762080
330.094723762080
330.094723762080
330.094723762080
330.094723762080
330.094723762080
330.094723762080
330.094723762080
330.094723762080
330.094723762080
330.094723762080
330.094723762080
330.094723762080
330.094723762080
330.094723762080
330.094723762080
330.094723762080
330.094723762080
330.094723762080
330.094723762080
330.094723762080
330.094723762080
330.094723762080
330.094723762080
330.094723762080
330.094723762080
330.094723762080
330.094723762080
330.094723762080
330.094723762080

ave
390.059821508359
432.392156064752
400.477158373246
437.597831484378
394.334453926954
405.274217110152
383.984428107467
398.679366734816
392.331759808457
396.994196454563
398.612055689416
383.630894063615
402.072433499989
381.560888899718
381.981733988970
384.051739152868
384.051739152868
386.121744316765
386.121744316765
381.560888899718
386.121744316765
410.352454155579
404.202565992686
408.282448991682
381.981733988970
386.121744316765
384.051739152868
404.142438663887
379.911728825073
379.911728825073
386.121744316765
379.911728825073
381.981733988970
394.539356407021
396.609361570919
379.911728825073
381.981733988970
379.911728825073
381.981733988970
379.911728825073
381.981733988970
379.911728825073
377.901850989974
379.911728825073
379.911728825073
379.911728825073
402.072433499989
379.911728825073
379.911728825073
379.911728825073
379.911728825073
379.911728825073
379.911728825073
379.911728825073
379.911728825073
379.911728825073
379.911728825073
379.911728825073
379.911728825073
379.911728825073
379.911728825073
379.911728825073
379.911728825073
379.911728825073
379.911728825073
379.911728825073
379.911728825073
379.911728825073
379.911728825073
379.911728825073
379.911728825073
379.911728825073
379.911728825073
381.981733988970
379.911728825073
377.901850989974
379.911728825073
379.911728825073
379.911728825073
379.911728825073
379.911728825073
379.911728825073
379.911728825073
379.911728825073
379.911728825073
379.911728825073
379.911728825073
379.911728825073
379.911728825073
379.911728825073
379.911728825073
379.911728825073
379.911728825073
379.911728825073
379.911728825073
379.911728825073
379.911728825073
379.911728825073
379.911728825073
379.911728825073