最优解为:452.6724
最优解路径:

Best_route =

     0     0     0     0     0     0     0
     5     3     4     1     2     6     0

本次运算用时:1.609秒
算法在第5代时收敛

best
489.185797037746
489.185797037746
454.129753192309
454.129753192309
452.672359224901
452.672359224901
452.672359224901
452.672359224901
452.672359224901
452.672359224901
452.672359224901
452.672359224901
452.672359224901
452.672359224901
452.672359224901
452.672359224901
452.672359224901
452.672359224901
452.672359224901
452.672359224901
452.672359224901
452.672359224901
452.672359224901
452.672359224901
452.672359224901
452.672359224901
452.672359224901
452.672359224901
452.672359224901
452.672359224901
452.672359224901
452.672359224901
452.672359224901
452.672359224901
452.672359224901
452.672359224901
452.672359224901
452.672359224901
452.672359224901
452.672359224901
452.672359224901
452.672359224901
452.672359224901
452.672359224901
452.672359224901
452.672359224901
452.672359224901
452.672359224901
452.672359224901
452.672359224901
452.672359224901
452.672359224901
452.672359224901
452.672359224901
452.672359224901
452.672359224901
452.672359224901
452.672359224901
452.672359224901
452.672359224901
452.672359224901
452.672359224901
452.672359224901
452.672359224901
452.672359224901
452.672359224901
452.672359224901
452.672359224901
452.672359224901
452.672359224901
452.672359224901
452.672359224901
452.672359224901
452.672359224901
452.672359224901
452.672359224901
452.672359224901
452.672359224901
452.672359224901
452.672359224901
452.672359224901
452.672359224901
452.672359224901
452.672359224901
452.672359224901
452.672359224901
452.672359224901
452.672359224901
452.672359224901
452.672359224901
452.672359224901
452.672359224901
452.672359224901
452.672359224901
452.672359224901
452.672359224901
452.672359224901
452.672359224901
452.672359224901
452.672359224901

ave
490.528640332299
490.081025900781
503.775838140027
502.996378775768
537.985093690406
502.129604414711
516.378599552431
507.051204660777
521.213818950275
461.588576392914
480.028838954488
538.719178130676
480.437012297113
458.992442263440
461.140961961396
482.376920964023
497.955348766676
476.480538675931
464.250848840256
477.270984627104
456.449194119995
481.962752468505
480.872170891690
482.624973083962
454.129753192308
456.449194119995
459.611966984883
470.998324883356
457.635357576852
455.882555384580
471.222132099115
454.696391927723
470.998324883356
454.129753192308
475.050380384580
454.129753192308
454.129753192308
454.129753192308
485.467350979492
470.998324883356
454.129753192308
454.129753192308
455.998324883356
454.129753192308
454.129753192308
454.129753192308
454.129753192308
454.129753192308
454.129753192308
454.129753192308
454.129753192308
454.129753192308
454.129753192308
454.129753192308
454.129753192308
454.129753192308
454.129753192308
454.129753192308
454.696391927723
455.882555384580
454.129753192308
454.129753192308
454.129753192308
454.129753192308
454.129753192308
454.129753192308
470.351581480716
454.129753192308
454.129753192308
454.129753192308
454.129753192308
454.129753192308
454.129753192308
454.129753192308
454.129753192308
454.129753192308
468.598779288444
454.129753192308
470.998324883356
454.129753192308
454.129753192308
454.129753192308
454.129753192308
455.882555384580
454.129753192308
454.129753192308
454.129753192308
454.129753192308
454.129753192308
454.129753192308
454.129753192308
454.129753192308
454.129753192308
454.129753192308
454.129753192308
454.129753192308
454.129753192308
454.129753192308
454.129753192308
454.129753192308