实验环境：
VeiNum = 2
Q_ant = 70
AntNum = 25 
iter_max = 100

cus：
40	50
40	50
40	50
23	55
92	30
50	40
32	30
87	30

task：
3	4	3	0	1
4	2	4	1	0
3	5	3	0	1
5	2	4	3	0
2	6	1	0	1
6	3	2	5	0
2	7	1	0	1
7	3	2	7	0
3	8	3	0	1
8	2	4	9	0

抽取的客户节点编号为

Cus_select =

    28    73    63    44    79

各任务对应的的客户节点编号为

Task_Cus =

    28    73    63    44    79


Task_size: 10

vNum:2

Tasktime:
0
0.166666666666667
1.10966779533340
0.166666666666667
2.05950549438508
1.02022005725994
0.166666666666667
1.20518314738012
0.166666666666667
0.166666666666667
1.94362594557888

Linktime:
0	0.943001128666734	0.443001128666734	1.89283882771841	1.39283882771841	0	0.353553390593274	0	0.538516480713450	1.77695927891221	1.27695927891221
0.443001128666734	1.55266892400013	0	2.50250662305181	1.83473431319088	0.609667795333400	0.772172260574025	0.609667795333400	0.664266512779321	2.38662707424561	1.71773833863019
0	0.943001128666734	0.609667795333400	1.89283882771841	1.55950549438508	0	0.520220057259941	0	0.705183147380117	1.77695927891221	1.44362594557888
1.39283882771841	2.50250662305181	1.83473431319088	3.45234432210349	0	1.55950549438508	1.07935165724615	1.55950549438508	1.50000000000000	3.33646477329729	0.125000000000000
0	0.943001128666734	0.609667795333400	1.89283882771841	1.55950549438508	0	0.520220057259941	0	0.705183147380117	1.77695927891221	1.44362594557888
0.353553390593274	1.46322118592667	0.772172260574025	2.41305888497835	1.07935165724615	0.520220057259941	0	0.520220057259941	20.5912602819740	2.29717933617215	0.958188394836840
0.853553390593274	0.772172260574025	1.46322118592667	1.07935165724615	2.41305888497835	0.853553390593274	1.37377344785321	0.853553390593274	1.55873653797339	0.958188394836840	2.29717933617215
0.538516480713450	1.64818427604685	0.664266512779321	2.59802197509853	1.50000000000000	0.705183147380117	20.5912602819740	0.705183147380117	0	2.48214242629233	1.37500000000000
1.03851648071345	0.664266512779321	1.64818427604685	1.50000000000000	2.59802197509853	1.03851648071345	1.55873653797339	1.03851648071345	1.74369962809357	1.37500000000000	2.48214242629233
1.27695927891221	2.38662707424561	1.71773833863019	3.33646477329729	0.125000000000000	1.44362594557888	0.958188394836840	1.44362594557888	1.37500000000000	3.22058522449109	0
0	0.943001128666734	0.609667795333400	1.89283882771841	1.55950549438508	0	0.520220057259941	0	0.705183147380117	1.77695927891221	1.44362594557888



linktime（task1）
0	0.443001128666734	1.39283882771841	0	0	1.27695927891221
0	0.609667795333400	1.55950549438508	0	0	1.44362594557888
0	0.609667795333400	1.55950549438508	0	0	1.44362594557888
0.353553390593274	0.772172260574025	1.07935165724615	0.520220057259941	0.520220057259941	0.958188394836840
0.538516480713450	0.664266512779321	1.50000000000000	0.705183147380117	0.705183147380117	1.37500000000000
0	0.609667795333400	1.55950549438508	0	0	1.44362594557888

linktime（task2）
0	0.943001128666734	1.89283882771841	0.353553390593274	0.538516480713450	1.77695927891221
0.443001128666734	1.55266892400013	2.50250662305181	0.772172260574025	0.664266512779321	2.38662707424561
1.39283882771841	2.50250662305181	3.45234432210349	1.07935165724615	1.50000000000000	3.33646477329729
0.853553390593274	0.772172260574025	1.07935165724615	1.37377344785321	1.55873653797339	0.958188394836840
1.03851648071345	0.664266512779321	1.50000000000000	1.55873653797339	1.74369962809357	1.37500000000000
1.27695927891221	2.38662707424561	3.33646477329729	0.958188394836840	1.37500000000000	3.22058522449109

tasktime（1）
0
1.10966779533340
2.05950549438508
1.02022005725994
1.20518314738012
1.94362594557888


tasktime（2）
0
0.166666666666667
0.166666666666667
0.166666666666667
0.166666666666667
0.166666666666667