最优解为:318.8792
最优解路径:

Best_route =

     1     3     2     4     5     0
     0     0     0     0     0     0

本次运算用时:1.359秒
算法在第5代时收敛

best
319.647653979440
319.647653979440
318.904150935149
318.904150935149
318.879150753008
318.879150753008
318.879150753008
318.879150753008
318.879150753008
318.879150753008
318.879150753008
318.879150753008
318.879150753008
318.879150753008
318.879150753008
318.879150753008
318.879150753008
318.879150753008
318.879150753008
318.879150753008
318.879150753008
318.879150753008
318.879150753008
318.879150753008
318.879150753008
318.879150753008
318.879150753008
318.879150753008
318.879150753008
318.879150753008
318.879150753008
318.879150753008
318.879150753008
318.879150753008
318.879150753008
318.879150753008
318.879150753008
318.879150753008
318.879150753008
318.879150753008
318.879150753008
318.879150753008
318.879150753008
318.879150753008
318.879150753008
318.879150753008
318.879150753008
318.879150753008
318.879150753008
318.879150753008
318.879150753008
318.879150753008
318.879150753008
318.879150753008
318.879150753008
318.879150753008
318.879150753008
318.879150753008
318.879150753008
318.879150753008
318.879150753008
318.879150753008
318.879150753008
318.879150753008
318.879150753008
318.879150753008
318.879150753008
318.879150753008
318.879150753008
318.879150753008
318.879150753008
318.879150753008
318.879150753008
318.879150753008
318.879150753008
318.879150753008
318.879150753008
318.879150753008
318.879150753008
318.879150753008
318.879150753008
318.879150753008
318.879150753008
318.879150753008
318.879150753008
318.879150753008
318.879150753008
318.879150753008
318.879150753008
318.879150753008
318.879150753008
318.879150753008
318.879150753008
318.879150753008
318.879150753008
318.879150753008
318.879150753008
318.879150753008
318.879150753008
318.879150753008

ave
347.617754520843
334.010069992933
321.207230894803
322.575097359438
345.600235447899
321.399155401458
332.299637329475
321.069251750458
331.631107133592
343.643736560607
319.585480359936
332.367867393387
319.903133740459
355.171730475765
319.947485704792
332.307109422844
319.383259933442
319.824800391973
319.125210510968
319.174005495587
330.961858056406
319.394270664777
319.139888204845
319.350830664777
318.923590760294
319.340507948233
319.078770489111
318.955708036465
331.309767819176
319.432742932851
319.090093212941
318.879150753008
318.912268036465
330.961858056406
330.879150753008
318.880150760294
330.960858049120
330.853597419464
330.879150753008
330.879150753008
330.960858049120
318.879150753008
318.879150753008
318.880150760294
318.879150753008
318.879150753008
319.183328204845
318.879150753008
318.880150760294
318.879150753008
318.879150753008
318.879150753008
318.879150753008
318.879150753008
318.879150753008
330.879150753008
318.879150753008
318.879150753008
318.880150760294
318.879150753008
318.880150760294
318.879150753008
318.879150753008
318.879150753008
318.879150753008
318.879150753008
318.879150753008
318.879150753008
318.879150753008
318.879150753008
318.879150753008
318.879150753008
319.139888204845
318.879150753008
318.879150753008
318.879150753008
318.879150753008
318.879150753008
318.879150753008
318.879150753008
318.879150753008
330.853597419464
318.880150760294
318.879150753008
318.879150753008
318.879150753008
318.879150753008
330.879150753008
318.879150753008
318.879150753008
318.879150753008
318.879150753008
318.879150753008
330.960858049120
318.879150753008
318.879150753008
330.879150753008
318.879150753008
318.879150753008
318.879150753008