最优解为:1024.0818
最优解路径:

Best_route =

     3     4    15    16     7     8     2     9    10     0     0     0     0     0     0     0     0
    13    14    11    12     5     6     1     0     0     0     0     0     0     0     0     0     0

本次运算用时:7.75秒
算法在第16代时收敛

best
1029.93089296852
1025.99767309981
1025.99767309981
1025.99767309981
1025.99767309981
1025.99767309981
1025.45346099626
1025.45346099626
1025.45346099626
1025.45346099626
1025.45346099626
1025.45346099626
1025.45346099626
1025.45346099626
1025.45346099626
1024.08180153307
1024.08180153307
1024.08180153307
1024.08180153307
1024.08180153307
1024.08180153307
1024.08180153307
1024.08180153307
1024.08180153307
1024.08180153307
1024.08180153307
1024.08180153307
1024.08180153307
1024.08180153307
1024.08180153307
1024.08180153307
1024.08180153307
1024.08180153307
1024.08180153307
1024.08180153307
1024.08180153307
1024.08180153307
1024.08180153307
1024.08180153307
1024.08180153307
1024.08180153307
1024.08180153307
1024.08180153307
1024.08180153307
1024.08180153307
1024.08180153307
1024.08180153307
1024.08180153307
1024.08180153307
1024.08180153307
1024.08180153307
1024.08180153307
1024.08180153307
1024.08180153307
1024.08180153307
1024.08180153307
1024.08180153307
1024.08180153307
1024.08180153307
1024.08180153307
1024.08180153307
1024.08180153307
1024.08180153307
1024.08180153307
1024.08180153307
1024.08180153307
1024.08180153307
1024.08180153307
1024.08180153307
1024.08180153307
1024.08180153307
1024.08180153307
1024.08180153307
1024.08180153307
1024.08180153307
1024.08180153307
1024.08180153307
1024.08180153307
1024.08180153307
1024.08180153307
1024.08180153307
1024.08180153307
1024.08180153307
1024.08180153307
1024.08180153307
1024.08180153307
1024.08180153307
1024.08180153307
1024.08180153307
1024.08180153307
1024.08180153307
1024.08180153307
1024.08180153307
1024.08180153307
1024.08180153307
1024.08180153307
1024.08180153307
1024.08180153307
1024.08180153307
1024.08180153307
1024.08180153307
1024.08180153307
1024.08180153307
1024.08180153307
1024.08180153307
1024.08180153307
1024.08180153307
1024.08180153307
1024.08180153307
1024.08180153307
1024.08180153307
1024.08180153307
1024.08180153307
1024.08180153307
1024.08180153307
1024.08180153307
1024.08180153307
1024.08180153307
1024.08180153307
1024.08180153307
1024.08180153307
1024.08180153307
1024.08180153307
1024.08180153307
1024.08180153307
1024.08180153307
1024.08180153307
1024.08180153307
1024.08180153307
1024.08180153307
1024.08180153307
1024.08180153307
1024.08180153307
1024.08180153307
1024.08180153307
1024.08180153307
1024.08180153307
1024.08180153307
1024.08180153307
1024.08180153307
1024.08180153307
1024.08180153307
1024.08180153307
1024.08180153307
1024.08180153307
1024.08180153307
1024.08180153307
1024.08180153307
1024.08180153307
1024.08180153307
1024.08180153307
1024.08180153307
1024.08180153307
1024.08180153307
1024.08180153307
1024.08180153307
1024.08180153307
1024.08180153307
1024.08180153307
1024.08180153307
1024.08180153307
1024.08180153307
1024.08180153307
1024.08180153307
1024.08180153307
1024.08180153307
1024.08180153307
1024.08180153307
1024.08180153307
1024.08180153307
1024.08180153307
1024.08180153307
1024.08180153307
1024.08180153307
1024.08180153307
1024.08180153307
1024.08180153307
1024.08180153307
1024.08180153307
1024.08180153307
1024.08180153307
1024.08180153307
1024.08180153307
1024.08180153307
1024.08180153307
1024.08180153307
1024.08180153307
1024.08180153307
1024.08180153307
1024.08180153307
1024.08180153307
1024.08180153307
1024.08180153307
1024.08180153307
1024.08180153307
1024.08180153307
1024.08180153307
1024.08180153307
1024.08180153307
1024.08180153307

ave
1337.85708246118
1242.61642012174
1192.13291675097
1241.36744719973
1382.18604914862
1358.76245917011
1385.97846162455
1204.91917294978
1474.90993792594
1284.31764489038
1277.46190199734
1394.90446999971
1291.68788293115
1278.76808951267
1185.83548391057
1386.47072998136
1314.61524952273
1373.60095187683
1319.05812380801
1062.34358799476
1104.56833336688
1130.13135922991
1215.61292907711
1103.16240672132
1157.20922188810
1123.26925799966
1101.26914155834
1103.21130579063
1169.41664619965
1065.00110174370
1107.42339097195
1130.42585423913
1229.94005001482
1130.76481522971
1060.58928059450
1088.70768881411
1139.76302919325
1106.43486964654
1086.11564246626
1075.94535603116
1078.48957998859
1038.41874968731
1027.66936799453
1141.60886639333
1050.34823338357
1042.85339208710
1092.09397555405
1043.65053429434
1050.95931362510
1058.77857835287
1036.41004196138
1114.02851623858
1035.30964264944
1092.33916650218
1063.70711446574
1071.02399555381
1075.14886999455
1063.92255316341
1052.89849686186
1033.19147352155
1064.47825622940
1095.21347463241
1083.32842081218
1067.52639059825
1087.57086399210
1054.93209758909
1081.53978701350
1036.00267927735
1035.30452470746
1065.63304463695
1056.82833483658
1089.27815619966
1067.07079275279
1030.30991701566
1070.97215503710
1062.78783332066
1101.65571297447
1030.49784554439
1065.81246834438
1060.74338375592
1032.74144318535
1032.76782303954
1033.16509366736
1030.72491523425
1041.54202690656
1055.63839001717
1049.05422669691
1145.75655961294
1072.57470022555
1067.41040213991
1035.56038675416
1027.52171687490
1029.71968867069
1038.55019390538
1060.86324139253
1046.64985478433
1067.21995275184
1064.50463608358
1027.12715214729
1054.47903519044
1033.67273979761
1104.96767766479
1030.57280545179
1043.19330499955
1034.86484336409
1033.31488853413
1030.66588228753
1027.29152869879
1032.60746352048
1030.60172075278
1059.93972628460
1030.18803463382
1052.52513636851
1075.04079409719
1058.69471200192
1032.31169752040
1059.92668663288
1027.12715214729
1076.67548195107
1033.48417640115
1056.77195047701
1029.83010725776
1082.73163603823
1080.29586171613
1102.50953843333
1057.25870732229
1024.37425610484
1029.91971586191
1063.18824308972
1129.84412484696
1067.55023500564
1096.21053671101
1121.01733145110
1052.34699313348
1073.00391821681
1069.68970913038
1033.26005649471
1024.79478575373
1034.05184876549
1070.54257760365
1156.24380645713
1077.68678224661
1103.40274141843
1077.42190016171
1030.77229294271
1060.00194967526
1067.35213489529
1069.06089719478
1088.90487428584
1033.19147352155
1052.74055601277
1054.64027318007
1039.00872972446
1029.80372740357
1047.69129319773
1035.39977892728
1033.10248073028
1024.30820857848
1074.05545511485
1024.30820857848
1063.49238631039
1032.47407810858
1027.42050448208
1030.14890666195
1056.80224932144
1024.83050340548
1032.84907801780
1035.66749391292
1090.06994537895
1057.18362787263
1064.63926658310
1108.48286470642
1029.76807676385
1110.58142934433
1076.21034959171
1064.45158498274
1089.79035850399
1027.46435696966
1030.34332325928
1024.30820857848
1029.71968867069
1031.03832457565
1070.20018209990
1105.17945769927
1030.32283732859
1065.75679561818
1027.95334937390
1037.79084610677
1030.21217043368
1032.51503613994
1067.72862955331
1026.79686989349
1063.57009579814
1073.10873427286
1024.48156452304
1032.53863223950
1095.99390925152
1092.00883130138
1067.95503659872
1031.28316589416