最优解为:927.6114
最优解路径:

Best_route =

     5     6    11    12     1     0     0     0     0     0     0     0     0
     7     8     3     4     2     9    10     0     0     0     0     0     0

本次运算用时:5.908秒
算法在第9代时收敛

best
973.744673402249
973.744673402249
973.744673402249
973.744673402249
973.744673402249
973.744673402249
973.744673402249
973.744673402249
927.611411203662
927.611411203662
927.611411203662
927.611411203662
927.611411203662
927.611411203662
927.611411203662
927.611411203662
927.611411203662
927.611411203662
927.611411203662
927.611411203662
927.611411203662
927.611411203662
927.611411203662
927.611411203662
927.611411203662
927.611411203662
927.611411203662
927.611411203662
927.611411203662
927.611411203662
927.611411203662
927.611411203662
927.611411203662
927.611411203662
927.611411203662
927.611411203662
927.611411203662
927.611411203662
927.611411203662
927.611411203662
927.611411203662
927.611411203662
927.611411203662
927.611411203662
927.611411203662
927.611411203662
927.611411203662
927.611411203662
927.611411203662
927.611411203662
927.611411203662
927.611411203662
927.611411203662
927.611411203662
927.611411203662
927.611411203662
927.611411203662
927.611411203662
927.611411203662
927.611411203662
927.611411203662
927.611411203662
927.611411203662
927.611411203662
927.611411203662
927.611411203662
927.611411203662
927.611411203662
927.611411203662
927.611411203662
927.611411203662
927.611411203662
927.611411203662
927.611411203662
927.611411203662
927.611411203662
927.611411203662
927.611411203662
927.611411203662
927.611411203662
927.611411203662
927.611411203662
927.611411203662
927.611411203662
927.611411203662
927.611411203662
927.611411203662
927.611411203662
927.611411203662
927.611411203662
927.611411203662
927.611411203662
927.611411203662
927.611411203662
927.611411203662
927.611411203662
927.611411203662
927.611411203662
927.611411203662
927.611411203662
927.611411203662
927.611411203662
927.611411203662
927.611411203662
927.611411203662
927.611411203662
927.611411203662
927.611411203662
927.611411203662
927.611411203662
927.611411203662
927.611411203662
927.611411203662
927.611411203662
927.611411203662
927.611411203662
927.611411203662
927.611411203662
927.611411203662
927.611411203662
927.611411203662
927.611411203662
927.611411203662
927.611411203662
927.611411203662
927.611411203662
927.611411203662
927.611411203662
927.611411203662
927.611411203662
927.611411203662
927.611411203662
927.611411203662
927.611411203662
927.611411203662
927.611411203662
927.611411203662
927.611411203662
927.611411203662
927.611411203662
927.611411203662
927.611411203662
927.611411203662
927.611411203662
927.611411203662
927.611411203662
927.611411203662
927.611411203662
927.611411203662
927.611411203662
927.611411203662
927.611411203662
927.611411203662
927.611411203662
927.611411203662
927.611411203662
927.611411203662
927.611411203662
927.611411203662
927.611411203662
927.611411203662
927.611411203662
927.611411203662
927.611411203662
927.611411203662
927.611411203662
927.611411203662
927.611411203662
927.611411203662
927.611411203662
927.611411203662
927.611411203662
927.611411203662
927.611411203662
927.611411203662
927.611411203662
927.611411203662
927.611411203662
927.611411203662
927.611411203662
927.611411203662
927.611411203662
927.611411203662
927.611411203662
927.611411203662
927.611411203662
927.611411203662
927.611411203662
927.611411203662
927.611411203662
927.611411203662
927.611411203662
927.611411203662
927.611411203662
927.611411203662
927.611411203662
927.611411203662
927.611411203662
927.611411203662
927.611411203662

ave
1032.60741320422
1122.98276717506
1245.66417355606
1172.59915962266
1063.87926700770
1134.71988153156
1109.80937845905
1158.56328775329
1099.36473305424
1142.62044836971
973.761282885467
1064.84211801983
1185.46768996947
1181.90394608974
1163.91812711258
1065.28900349713
1063.78550480315
1076.26973463894
1078.96577840169
1042.41742921482
1112.83509236907
1061.60366874671
1009.10433048694
1081.32499836251
1045.61946070737
1007.07438161335
973.744673402249
1079.77381620666
1111.09018502738
1045.60285122416
973.744673402249
1044.95336581821
1009.08772100372
973.744673402249
1045.60285122416
973.744673402249
1009.59370873352
974.317498124966
973.744673402249
973.744673402249
1066.44832959946
974.447448093224
1009.08772100372
1007.23448877271
973.744673402249
973.744673402249
1009.61031821674
1045.60285122416
973.811111335119
1004.94443514599
1028.07996714801
990.598047082590
1045.52619054093
1080.80240114948
1009.59370873352
1009.08772100372
1009.62692769996
1009.08772100372
1044.95336581821
1007.10760057978
1045.11347297757
1007.07438161335
973.761282885467
1029.93319937903
994.590151777557
1078.29968351252
1080.29641341968
973.744673402249
973.744673402249
1009.55121596424
1009.61031821674
973.794501851902
973.744673402249
973.777892368684
1042.92341694462
1009.59370873352
974.334107608183
973.744673402249
1009.67715520965
973.744673402249
1007.07438161335
973.744673402249
1044.46398757162
974.317498124966
1009.61031821674
1079.09266659461
973.761282885467
1007.09099109656
1044.93675633499
1063.76889531993
1009.08772100372
1007.23448877271
973.794501851902
973.744673402249
1068.95395890430
1007.23448877271
994.535032821693
973.777892368684
973.777892368684
1009.08772100372
973.744673402249
1007.09099109656
1010.44588810177
973.761282885467
973.761282885467
1009.59370873352
1009.08772100372
973.744673402249
974.334107608183
973.744673402249
1040.58080646702
973.761282885467
973.761282885467
973.761282885467
1077.77708629950
973.744673402249
1009.59370873352
1073.73379803554
1033.61091130283
973.744673402249
1075.07032793255
1007.23448877271
1073.75040751876
1075.74713742591
1144.41989323848
1007.07438161335
1009.61031821674
1045.44274406480
1009.10433048694
1007.07438161335
1042.92341694462
973.744673402249
1007.07438161335
973.744673402249
1009.10433048694
1009.08772100372
1045.44274406480
1043.08352410398
1009.08772100372
1010.27987394128
973.744673402249
1007.07438161335
973.744673402249
1007.07438161335
973.761282885467
1007.07438161335
1007.64720633606
1043.08352410398
973.761282885467
973.744673402249
973.744673402249
1009.08772100372
1007.95387294690
1034.54351013838
1044.43076860519
1007.23448877271
1007.07438161335
1040.58080646702
1010.04059421082
989.966649597400
1007.09099109656
1042.41742921482
1075.03307991544
973.777892368684
1009.08772100372
973.761282885467
973.744673402249
1007.07438161335
973.744673402249
1080.78579166627
1080.29641341968
973.761282885467
1009.08772100372
1065.79884419352
1078.42657170545
973.744673402249
1040.42069930766
973.761282885467
997.761875971558
1044.93675633499
1094.73938357021
973.744673402249
1078.26646454609
1043.08352410398
1029.93319937903
1044.95336581821
1044.46398757162
973.761282885467
973.744673402249
973.744673402249
973.744673402249
1040.56419698380
973.761282885467
1009.61031821674
1033.96000848982
1007.25109825592
1044.93675633499
1104.29700650577
1040.58080646702
973.744673402249