实验环境：
VeiNum = 2
Q_ant = 60
AntNum = 20 
iter_max = 100

抽取的客户节点编号为

Cus_select =

    15    43    35    13     8    52

各任务对应的的客户节点编号为

Task_Cus =

    15    43    35    13     8    52

cus：
35	35
35	35
35	35
30	5
23	3
63	65
30	25
10	43
27	43


task：
2	4	1	0	1
4	3	2	1	0
2	5	1	0	1
5	3	2	3	0
2	6	1	0	1
6	3	2	5	0
2	7	1	0	1
7	3	2	7	0
3	8	3	0	1
8	2	4	9	0
2	9	1	0	1
9	3	2	11	0


linktime
0	0	0.760345316287278	0	0.854400374531753	0	1.02591422643416	0	0.279508497187474	1.15622023742033	0.656220237420334	0	0.282842712474619
0.760345316287278	0.927011982953944	0	0.927011982953944	7.28010988928052	0.927011982953944	68.4762732630800	0.927011982953944	20	2.08323222037428	1.07354552767919	0.927011982953944	38.1182371050918
1.26034531628728	1.26034531628728	2.18735729924122	1.26034531628728	2.28141235748570	1.26034531628728	2.45292620938810	1.26034531628728	1.70652048014142	1.07354552767919	2.08323222037428	1.26034531628728	1.70985469542856
0.854400374531753	1.02106704119842	7.28010988928052	1.02106704119842	0	1.02106704119842	73.7834669827869	1.02106704119842	23.0867927612304	2.17728727861875	1.05148704224065	1.02106704119842	40.1995024844836
1.35440037453175	1.35440037453175	2.28141235748570	1.35440037453175	2.37546741573017	1.35440037453175	2.54698126763258	1.35440037453175	1.80057553838589	1.05148704224065	2.17728727861875	1.35440037453175	1.80390975367304
1.02591422643416	1.19258089310083	68.4762732630800	1.19258089310083	73.7834669827869	1.19258089310083	0	1.19258089310083	51.8555686498567	2.34880113052116	1.43461667354036	1.19258089310083	42.1900462194580
1.52591422643416	1.52591422643416	2.45292620938810	1.52591422643416	2.54698126763258	1.52591422643416	2.71849511953499	1.52591422643416	1.97208939028830	1.43461667354036	2.34880113052116	1.52591422643416	1.97542360557545
0.279508497187474	0.446175163854140	20	0.446175163854140	23.0867927612304	0.446175163854140	51.8555686498567	0.446175163854140	0	1.60239540127447	0.672681202353686	0.446175163854140	18.2482875908947
0.779508497187474	0.779508497187474	1.70652048014142	0.779508497187474	1.80057553838589	0.779508497187474	1.97208939028830	0.779508497187474	1.22568366104161	0.672681202353686	1.60239540127447	0.779508497187474	1.22901787632876
0.656220237420334	0.822886904087001	1.07354552767919	0.822886904087001	1.05148704224065	0.822886904087001	1.43461667354036	0.822886904087001	0.672681202353686	1.97910714150734	0	0.822886904087001	0.425000000000000
0	0	0.927011982953944	0	1.02106704119842	0	1.19258089310083	0	0.446175163854140	1.15622023742033	0.822886904087001	0	0.449509379141286
0.282842712474619	0.449509379141286	38.1182371050918	0.449509379141286	40.1995024844836	0.449509379141286	42.1900462194580	0.449509379141286	18.2482875908947	1.60572961656162	0.425000000000000	0.449509379141286	0
0.782842712474619	0.782842712474619	1.70985469542856	0.782842712474619	1.80390975367304	0.782842712474619	1.97542360557545	0.782842712474619	1.22901787632876	0.425000000000000	1.60572961656162	0.782842712474619	1.23235209161590


tasktime
0
1.42701198295394
0.166666666666667
1.52106704119842
0.166666666666667
1.69258089310083
0.166666666666667
0.946175163854140
0.166666666666667
0.166666666666667
1.32288690408700
0.949509379141286
0.166666666666667


1
2	4	1	0	1
2	5	1	0	1
2	6	1	0	1
2	7	1	0	1
8	2	4	0	0
2	9	1	0	1


2
4	3	2	0	0
5	3	2	0	0
6	3	2	0	0
7	3	2	0	0
3	8	3	0	1
9	3	2	0	0



linktime1
0	0	0	0	0	0.656220237420334	0
0.760345316287278	0.927011982953944	0.927011982953944	0.927011982953944	0.927011982953944	1.07354552767919	0.927011982953944
0.854400374531753	1.02106704119842	1.02106704119842	1.02106704119842	1.02106704119842	1.05148704224065	1.02106704119842
1.02591422643416	1.19258089310083	1.19258089310083	1.19258089310083	1.19258089310083	1.43461667354036	1.19258089310083
0.279508497187474	0.446175163854140	0.446175163854140	0.446175163854140	0.446175163854140	0.672681202353686	0.446175163854140
0	0	0	0	0	0.822886904087001	0
0.282842712474619	0.449509379141286	0.449509379141286	0.449509379141286	0.449509379141286	0.425000000000000	0.449509379141286

tasktime1
0
1.42701198295394
1.52106704119842
1.69258089310083
0.946175163854140
1.32288690408700
0.949509379141286


linktime2
0	0.760345316287278	0.854400374531753	1.02591422643416	0.279508497187474	1.15622023742033	0.282842712474619
1.26034531628728	2.18735729924122	2.28141235748570	2.45292620938810	1.70652048014142	1.07354552767919	1.70985469542856
1.35440037453175	2.28141235748570	2.37546741573017	2.54698126763258	1.80057553838589	1.05148704224065	1.80390975367304
1.52591422643416	2.45292620938810	2.54698126763258	2.71849511953499	1.97208939028830	1.43461667354036	1.97542360557545
0.779508497187474	1.70652048014142	1.80057553838589	1.97208939028830	1.22568366104161	0.672681202353686	1.22901787632876
0.656220237420334	1.07354552767919	1.05148704224065	1.43461667354036	0.672681202353686	1.97910714150734	0.425000000000000
0.782842712474619	1.70985469542856	1.80390975367304	1.97542360557545	1.22901787632876	0.425000000000000	1.23235209161590


tasktime2
0
0.166666666666667
0.166666666666667
0.166666666666667
0.166666666666667
0.166666666666667
0.166666666666667