最优解为:394.7624
最优解路径:

Best_route =

     0     0     0     0     0     0     0     0     0
     7     1     5     8     3     4     6     2     0

本次运算用时:2.303秒
算法在第5代时收敛

best
443.462864453135
443.462864453135
443.462864453135
443.462864453135
394.762382663311
394.762382663311
394.762382663311
394.762382663311
394.762382663311
394.762382663311
394.762382663311
394.762382663311
394.762382663311
394.762382663311
394.762382663311
394.762382663311
394.762382663311
394.762382663311
394.762382663311
394.762382663311
394.762382663311
394.762382663311
394.762382663311
394.762382663311
394.762382663311
394.762382663311
394.762382663311
394.762382663311
394.762382663311
394.762382663311
394.762382663311
394.762382663311
394.762382663311
394.762382663311
394.762382663311
394.762382663311
394.762382663311
394.762382663311
394.762382663311
394.762382663311
394.762382663311
394.762382663311
394.762382663311
394.762382663311
394.762382663311
394.762382663311
394.762382663311
394.762382663311
394.762382663311
394.762382663311
394.762382663311
394.762382663311
394.762382663311
394.762382663311
394.762382663311
394.762382663311
394.762382663311
394.762382663311
394.762382663311
394.762382663311
394.762382663311
394.762382663311
394.762382663311
394.762382663311
394.762382663311
394.762382663311
394.762382663311
394.762382663311
394.762382663311
394.762382663311
394.762382663311
394.762382663311
394.762382663311
394.762382663311
394.762382663311
394.762382663311
394.762382663311
394.762382663311
394.762382663311
394.762382663311
394.762382663311
394.762382663311
394.762382663311
394.762382663311
394.762382663311
394.762382663311
394.762382663311
394.762382663311
394.762382663311
394.762382663311
394.762382663311
394.762382663311
394.762382663311
394.762382663311
394.762382663311
394.762382663311
394.762382663311
394.762382663311
394.762382663311
394.762382663311

ave
519.137775996770
548.749686619853
514.561192169065
548.844163853280
525.989326490589
532.833240506912
505.109240698735
572.429114917989
510.344861086592
524.786496071064
513.295920016384
496.525883310665
499.148885780278
528.753760149933
498.853589261771
497.715913987802
511.128942705398
508.294418580407
516.189142738692
508.776358331374
494.740625151693
494.857391381891
494.987181246035
508.329555965928
494.236916885841
496.162450825464
494.265384334665
494.561120734051
494.213747475600
506.134002065413
493.990360791498
505.593631877253
493.919933381782
493.553235324226
493.644909838615
493.553235324226
493.765051801829
493.856726316218
494.053567857063
493.673377287440
493.828258867393
495.130237034259
493.644909838615
493.553235324226
493.553235324226
493.461560809837
493.870218828285
493.553235324226
493.553235324226
493.686869799507
493.461560809837
493.553235324226
493.461560809837
493.461560809837
493.461560809837
493.461560809837
493.461560809837
493.553235324226
493.461560809837
493.461560809837
493.461560809837
493.461560809837
493.461560809837
493.461560809837
493.461560809837
493.461560809837
493.581702773051
493.461560809837
493.686869799507
493.461560809837
495.447220538318
493.461560809837
493.461560809837
493.461560809837
505.553235324226
493.461560809837
493.461560809837
493.461560809837
493.461560809837
493.692498104467
493.461560809837
493.461560809837
493.461560809837
493.553235324226
493.461560809837
493.461560809837
493.553235324226
493.461560809837
493.988438485930
493.461560809837
493.461560809837
493.461560809837
493.577029457152
493.461560809837
493.461560809837
493.461560809837
493.461560809837
493.461560809837
493.461560809837
493.461560809837