能见度15

最优解为:402.0398
最优解路径:

Best_route =

     0     0     0     0     0     0     0     0     0
     3     7     1     4     8     5     6     2     0

本次运算用时:2.141秒
算法在第1代时收敛

best
402.039840326802
402.039840326802
402.039840326802
402.039840326802
402.039840326802
402.039840326802
402.039840326802
402.039840326802
402.039840326802
402.039840326802
402.039840326802
402.039840326802
402.039840326802
402.039840326802
402.039840326802
402.039840326802
402.039840326802
402.039840326802
402.039840326802
402.039840326802
402.039840326802
402.039840326802
402.039840326802
402.039840326802
402.039840326802
402.039840326802
402.039840326802
402.039840326802
402.039840326802
402.039840326802
402.039840326802
402.039840326802
402.039840326802
402.039840326802
402.039840326802
402.039840326802
402.039840326802
402.039840326802
402.039840326802
402.039840326802
402.039840326802
402.039840326802
402.039840326802
402.039840326802
402.039840326802
402.039840326802
402.039840326802
402.039840326802
402.039840326802
402.039840326802
402.039840326802
402.039840326802
402.039840326802
402.039840326802
402.039840326802
402.039840326802
402.039840326802
402.039840326802
402.039840326802
402.039840326802
402.039840326802
402.039840326802
402.039840326802
402.039840326802
402.039840326802
402.039840326802
402.039840326802
402.039840326802
402.039840326802
402.039840326802
402.039840326802
402.039840326802
402.039840326802
402.039840326802
402.039840326802
402.039840326802
402.039840326802
402.039840326802
402.039840326802
402.039840326802
402.039840326802
402.039840326802
402.039840326802
402.039840326802
402.039840326802
402.039840326802
402.039840326802
402.039840326802
402.039840326802
402.039840326802
402.039840326802
402.039840326802
402.039840326802
402.039840326802
402.039840326802
402.039840326802
402.039840326802
402.039840326802
402.039840326802
402.039840326802

ave
532.321027475067
578.477081986186
536.831319046893
543.836295286843
515.169559166016
503.500848093820
498.847147875367
515.917778250419
523.380151144230
521.588767886268
496.275898692147
524.797392341832
504.983360526998
508.569530766667
498.131258101946
495.649615702977
495.257854926854
494.729494826072
494.729494826072
495.828893532631
494.568875326657
505.656838942818
493.520620807125
495.927788391171
495.842386044698
498.143106971669
493.961893342674
494.040075344996
496.081187546435
495.221911548648
493.870218828285
494.215669781168
495.538895052707
493.673377287440
493.807011762720
505.934929093312
494.122072961211
494.119321950880
493.778544313896
495.313586063037
494.255707436491
493.807011762720
493.912178789177
493.461560809837
493.553235324226
493.461560809837
493.805089457152
493.461560809837
493.461560809837
493.461560809837
493.686869799507
493.461560809837
493.553235324226
493.461560809837
495.130237034259
493.461560809837
493.461560809837
493.553235324226
493.461560809837
493.461560809837
493.461560809837
495.221911548648
493.461560809837
493.461560809837
493.461560809837
493.461560809837
493.461560809837
493.461560809837
493.461560809837
493.461560809837
493.553235324226
493.461560809837
493.553235324226
493.581702773051
493.805089457152
493.461560809837
493.461560809837
493.461560809837
493.461560809837
493.461560809837
493.686869799507
493.461560809837
493.461560809837
505.381815399651
493.461560809837
493.461560809837
493.461560809837
493.553235324226
493.461560809837
493.577029457152
493.577029457152
493.553235324226
505.515449874931
493.461560809837
493.686869799507
493.581702773051
493.461560809837
493.461560809837
493.461560809837
495.221911548648