最优解为:406.8831
最优解路径:

Best_route =

     5     7     1     3     4     8     6     2     0
     0     0     0     0     0     0     0     0     0

本次运算用时:2.163秒
算法在第2代时收敛

best
448.710218753992
406.883128808444
406.883128808444
406.883128808444
406.883128808444
406.883128808444
406.883128808444
406.883128808444
406.883128808444
406.883128808444
406.883128808444
406.883128808444
406.883128808444
406.883128808444
406.883128808444
406.883128808444
406.883128808444
406.883128808444
406.883128808444
406.883128808444
406.883128808444
406.883128808444
406.883128808444
406.883128808444
406.883128808444
406.883128808444
406.883128808444
406.883128808444
406.883128808444
406.883128808444
406.883128808444
406.883128808444
406.883128808444
406.883128808444
406.883128808444
406.883128808444
406.883128808444
406.883128808444
406.883128808444
406.883128808444
406.883128808444
406.883128808444
406.883128808444
406.883128808444
406.883128808444
406.883128808444
406.883128808444
406.883128808444
406.883128808444
406.883128808444
406.883128808444
406.883128808444
406.883128808444
406.883128808444
406.883128808444
406.883128808444
406.883128808444
406.883128808444
406.883128808444
406.883128808444
406.883128808444
406.883128808444
406.883128808444
406.883128808444
406.883128808444
406.883128808444
406.883128808444
406.883128808444
406.883128808444
406.883128808444
406.883128808444
406.883128808444
406.883128808444
406.883128808444
406.883128808444
406.883128808444
406.883128808444
406.883128808444
406.883128808444
406.883128808444
406.883128808444
406.883128808444
406.883128808444
406.883128808444
406.883128808444
406.883128808444
406.883128808444
406.883128808444
406.883128808444
406.883128808444
406.883128808444
406.883128808444
406.883128808444
406.883128808444
406.883128808444
406.883128808444
406.883128808444
406.883128808444
406.883128808444
406.883128808444

ave
540.393162379773
567.376950484661
542.365069859627
501.396907977319
555.315933664703
564.268797602346
506.852989197687
509.502549468556
564.777551768363
515.209875489864
508.566583644424
497.827327229076
512.682548417202
501.728497939546
513.129321785405
497.884070450343
499.498204422291
508.933436535815
501.055557879668
496.621117853717
496.067695034368
506.938969892000
506.737579319138
505.644909838615
498.408013735784
495.462195475075
494.150540410035
493.581702773051
495.221911548648
496.016058175302
495.538895052707
495.462195475075
493.461560809837
495.538895052707
495.221911548648
493.788845934755
493.461560809837
493.553235324226
498.742613026270
493.461560809837
493.461560809837
493.553235324226
495.221911548648
493.581702773051
493.461560809837
493.461560809837
493.461560809837
493.461560809837
493.461560809837
505.760378485930
493.461560809837
493.686869799507
493.461560809837
493.461560809837
493.553235324226
493.553235324226
493.461560809837
493.686869799507
493.553235324226
493.461560809837
493.461560809837
493.461560809837
493.461560809837
493.461560809837
493.461560809837
493.461560809837
493.461560809837
493.553235324226
493.668703971541
493.461560809837
493.461560809837
493.461560809837
493.461560809837
493.577029457152
493.461560809837
493.461560809837
493.461560809837
493.461560809837
493.686869799507
493.461560809837
493.644909838615
493.461560809837
493.802338446822
493.461560809837
493.461560809837
493.461560809837
493.805089457152
493.461560809837
493.461560809837
493.778544313896
493.461560809837
493.461560809837
493.461560809837
493.912178789177
493.461560809837
493.461560809837
493.461560809837
493.461560809837
493.686869799507
493.461560809837