最优解为:440.122
最优解路径:

Best_route =

     0     0     0     0     0     0     0     0     0
     5     1     6     7     8     3     4     2     0

本次运算用时:2.068秒
算法在第2代时收敛

best
495.753423669563
440.122002571122
440.122002571122
440.122002571122
440.122002571122
440.122002571122
440.122002571122
440.122002571122
440.122002571122
440.122002571122
440.122002571122
440.122002571122
440.122002571122
440.122002571122
440.122002571122
440.122002571122
440.122002571122
440.122002571122
440.122002571122
440.122002571122
440.122002571122
440.122002571122
440.122002571122
440.122002571122
440.122002571122
440.122002571122
440.122002571122
440.122002571122
440.122002571122
440.122002571122
440.122002571122
440.122002571122
440.122002571122
440.122002571122
440.122002571122
440.122002571122
440.122002571122
440.122002571122
440.122002571122
440.122002571122
440.122002571122
440.122002571122
440.122002571122
440.122002571122
440.122002571122
440.122002571122
440.122002571122
440.122002571122
440.122002571122
440.122002571122
440.122002571122
440.122002571122
440.122002571122
440.122002571122
440.122002571122
440.122002571122
440.122002571122
440.122002571122
440.122002571122
440.122002571122
440.122002571122
440.122002571122
440.122002571122
440.122002571122
440.122002571122
440.122002571122
440.122002571122
440.122002571122
440.122002571122
440.122002571122
440.122002571122
440.122002571122
440.122002571122
440.122002571122
440.122002571122
440.122002571122
440.122002571122
440.122002571122
440.122002571122
440.122002571122
440.122002571122
440.122002571122
440.122002571122
440.122002571122
440.122002571122
440.122002571122
440.122002571122
440.122002571122
440.122002571122
440.122002571122
440.122002571122
440.122002571122
440.122002571122
440.122002571122
440.122002571122
440.122002571122
440.122002571122
440.122002571122
440.122002571122
440.122002571122

ave
510.187495230265
546.002840155916
532.438565801870
602.712325624576
525.402867314429
514.456453329503
550.692133032427
541.738795173460
529.954928411366
500.985680511490
511.786720477525
496.834856636887
503.822700427497
520.391639504506
510.219746340899
513.220769711806
507.133866365311
510.071410976313
529.138381681323
540.570155535924
511.468254548776
495.496935091815
499.179738493542
496.230955929612
506.145242371452
495.496935091815
493.778544313896
509.988225391716
497.524554781187
494.173709820276
497.377427793840
493.988438485930
495.313586063037
497.165611316237
494.122072961211
493.828258867393
493.896763971541
494.148618104467
493.461560809837
493.805089457152
493.686869799507
495.221911548648
493.461560809837
495.313586063037
493.461560809837
493.896763971541
493.461560809837
493.461560809837
493.461560809837
493.461560809837
493.553235324226
495.221911548648
493.686869799507
493.461560809837
493.461560809837
493.461560809837
493.553235324226
493.553235324226
493.461560809837
493.461560809837
493.553235324226
493.461560809837
493.461560809837
493.461560809837
495.221911548648
495.221911548648
493.461560809837
493.461560809837
495.221911548648
493.553235324226
493.461560809837
493.461560809837
493.461560809837
493.461560809837
493.461560809837
493.461560809837
493.461560809837
493.461560809837
493.686869799507
493.644909838615
493.461560809837
493.461560809837
493.461560809837
493.461560809837
493.461560809837
493.461560809837
493.686869799507
493.461560809837
493.461560809837
495.313586063037
506.122072961211
493.461560809837
493.461560809837
493.461560809837
493.461560809837
493.577029457152
493.581702773051
493.461560809837
493.461560809837
493.461560809837