实验环境：
VeiNum = 2
Q_ant = 75（trad100）
AntNum = 20 
iter_max = 200

抽取的客户节点编号为

Cus_select =

    83    59    52    99    92    49    69    38

各任务对应的的客户节点编号为

Task_Cus =

    83    59    52    99    92    49    69    38

cus：
35	35
35	35
35	35
14	37
21	24
27	43
20	26
22	22
6	68
37	47
5	5


task：
3	4	3	0	1
4	2	4	1	0
2	5	1	0	1
5	3	2	3	0
2	6	1	0	1
6	3	2	5	0
3	7	3	0	1
7	2	4	7	0
2	8	1	0	1
8	3	2	9	0
2	9	1	0	1
9	3	2	11	0
3	10	3	0	1
10	2	4	13	0
3	11	3	0	1
11	2	4	15	0


linktime
0	1.02737557774322	0.527375577743225	0	0.445112345369122	0	0.282842712474619	0.937321392113398	0.437321392113398	0	0.459619407771256	0	1.09829413182444	0.804138126514911	0.304138126514911	1.56066017177982	1.06066017177982
0.527375577743225	1.72141782215312	0	0.694042244409891	0.369120576505835	0.694042244409891	0.357945526581909	1.63136363652329	0.313249102153542	0.694042244409891	0.425000000000000	0.694042244409891	0.800390529679106	1.49818037092480	0.626996810199223	2.25470241618971	0.831038506929733
0	1.02737557774322	0.694042244409891	0	0.611779012035788	0	0.449509379141286	0.937321392113398	0.603988058780064	0	0.626286074437923	0	1.26496079849111	0.804138126514911	0.470804793181578	1.56066017177982	1.22732683844649
0.445112345369122	1.63915458977901	0.369120576505835	0.611779012035788	0	0.611779012035788	19.9248588451713	1.54910040414919	0.0559016994374948	0.611779012035788	2.23606797749979	0.611779012035788	46.4865571966778	1.41591713855070	0.700446286306095	2.17243918381561	0.620987117418711
0.945112345369122	0.369120576505835	1.63915458977901	0.945112345369122	1.55689135740491	0.945112345369122	1.39462172451041	0.0559016994374948	1.54910040414919	0.945112345369122	1.57139841980704	0.945112345369122	2.21007314386023	0.700446286306095	1.41591713855070	0.620987117418711	2.17243918381561
0.282842712474619	1.47688495688451	0.357945526581909	0.449509379141286	19.9248588451713	0.449509379141286	0	1.38683077125468	0.459619407771256	0.449509379141286	21.5870331449229	0.449509379141286	32.6496554346290	1.25364750565620	0.269258240356725	2.01016955092111	1.09772492000501
0.782842712474619	0.357945526581909	1.47688495688451	0.782842712474619	1.39462172451041	0.782842712474619	1.23235209161590	0.459619407771256	1.38683077125468	0.782842712474619	1.40912878691254	0.782842712474619	2.04780351096573	0.269258240356725	1.25364750565620	1.09772492000501	2.01016955092111
0.437321392113398	1.63136363652329	0.313249102153542	0.603988058780064	0.0559016994374948	0.603988058780064	0.459619407771256	1.54130945089346	0	0.603988058780064	0.111803398874990	0.603988058780064	1.10679718105893	1.40812618529498	0.675462804305315	2.16464823055989	0.645174395028197
0	1.02737557774322	0.694042244409891	0	0.611779012035788	0	0.449509379141286	0.937321392113398	0.603988058780064	0	0.626286074437923	0	1.26496079849111	0.804138126514911	0.470804793181578	1.56066017177982	1.22732683844649
0.459619407771256	1.65366165218115	0.425000000000000	0.626286074437923	2.23606797749979	0.626286074437923	21.5870331449229	1.56360746655132	0.111803398874990	0.626286074437923	0	0.626286074437923	48.7031826475437	1.43042420095283	0.728868986855663	2.18694624621774	0.601040764008565
0.959619407771256	0.425000000000000	1.65366165218115	0.959619407771256	1.57139841980704	0.959619407771256	1.40912878691254	0.111803398874990	1.56360746655132	0.959619407771256	1.58590548220918	0.959619407771256	2.22458020626236	0.728868986855663	1.43042420095283	0.601040764008565	2.18694624621774
1.09829413182444	2.29233637623433	0.800390529679106	1.26496079849111	46.4865571966778	1.26496079849111	32.6496554346290	2.20228219060450	1.10679718105893	1.26496079849111	48.7031826475437	1.26496079849111	0	2.06909892500602	0.936082261342453	2.82562097027093	1.57519840020234
1.59829413182444	0.800390529679106	2.29233637623433	1.59829413182444	2.21007314386023	1.59829413182444	2.04780351096573	1.10679718105893	2.20228219060450	1.59829413182444	2.22458020626236	1.59829413182444	2.86325493031555	0.936082261342453	2.06909892500602	1.57519840020234	2.82562097027093
0.304138126514911	1.49818037092480	0.626996810199223	0.470804793181578	0.700446286306095	0.470804793181578	0.269258240356725	1.40812618529498	0.675462804305315	0.470804793181578	0.728868986855663	0.470804793181578	0.936082261342453	1.27494291969649	0	2.03146496496140	1.32003787824441
0	1.02737557774322	0.694042244409891	0	0.611779012035788	0	0.449509379141286	0.937321392113398	0.603988058780064	0	0.626286074437923	0	1.26496079849111	0.804138126514911	0.470804793181578	1.56066017177982	1.22732683844649
1.06066017177982	2.25470241618971	0.831038506929733	1.22732683844649	0.620987117418711	1.22732683844649	1.09772492000501	2.16464823055989	0.645174395028197	1.22732683844649	0.601040764008565	1.22732683844649	1.57519840020234	2.03146496496140	1.32003787824441	2.78798701022631	0
0	1.02737557774322	0.694042244409891	0	0.611779012035788	0	0.449509379141286	0.937321392113398	0.603988058780064	0	0.626286074437923	0	1.26496079849111	0.804138126514911	0.470804793181578	1.56066017177982	1.22732683844649


tasktime
0
0.166666666666667
1.19404224440989
1.11177901203579
0.166666666666667
0.949509379141286
0.166666666666667
0.166666666666667
1.10398805878006
1.12628607443792
0.166666666666667
1.76496079849111
0.166666666666667
0.166666666666667
0.970804793181578
0.166666666666667
1.72732683844649


1
4	2	4	0	0
2	5	1	0	1
2	6	1	0	1
7	2	4	0	0
2	8	1	0	1
2	9	1	0	1
10	2	4	0	0
11	2	4	0	0


2
3	4	3	0	1
5	3	2	0	0
6	3	2	0	0
3	7	3	0	1
8	3	2	0	0
9	3	2	0	0
3	10	3	0	1
3	11	3	0	1



linktime1
0	0.527375577743225	0	0	0.437321392113398	0	0	0.304138126514911	1.06066017177982
0	0.694042244409891	0	0	0.603988058780064	0	0	0.470804793181578	1.22732683844649
0.445112345369122	0.369120576505835	0.611779012035788	0.611779012035788	0.0559016994374948	0.611779012035788	0.611779012035788	0.700446286306095	0.620987117418711
0.282842712474619	0.357945526581909	0.449509379141286	0.449509379141286	0.459619407771256	0.449509379141286	0.449509379141286	0.269258240356725	1.09772492000501
0	0.694042244409891	0	0	0.603988058780064	0	0	0.470804793181578	1.22732683844649
0.459619407771256	0.425000000000000	0.626286074437923	0.626286074437923	0.111803398874990	0.626286074437923	0.626286074437923	0.728868986855663	0.601040764008565
1.09829413182444	0.800390529679106	1.26496079849111	1.26496079849111	1.10679718105893	1.26496079849111	1.26496079849111	0.936082261342453	1.57519840020234
0	0.694042244409891	0	0	0.603988058780064	0	0	0.470804793181578	1.22732683844649
0	0.694042244409891	0	0	0.603988058780064	0	0	0.470804793181578	1.22732683844649

tasktime1
0
1.19404224440989
1.11177901203579
0.949509379141286
1.10398805878006
1.12628607443792
1.76496079849111
0.970804793181578
1.72732683844649


linktime2
0	1.02737557774322	0.445112345369122	0.282842712474619	0.937321392113398	0.459619407771256	1.09829413182444	0.804138126514911	1.56066017177982
0.527375577743225	1.72141782215312	0.369120576505835	0.357945526581909	1.63136363652329	0.425000000000000	0.800390529679106	1.49818037092480	2.25470241618971
0.945112345369122	0.369120576505835	1.55689135740491	1.39462172451041	0.0559016994374948	1.57139841980704	2.21007314386023	0.700446286306095	0.620987117418711
0.782842712474619	0.357945526581909	1.39462172451041	1.23235209161590	0.459619407771256	1.40912878691254	2.04780351096573	0.269258240356725	1.09772492000501
0.437321392113398	1.63136363652329	0.0559016994374948	0.459619407771256	1.54130945089346	0.111803398874990	1.10679718105893	1.40812618529498	2.16464823055989
0.959619407771256	0.425000000000000	1.57139841980704	1.40912878691254	0.111803398874990	1.58590548220918	2.22458020626236	0.728868986855663	0.601040764008565
1.59829413182444	0.800390529679106	2.21007314386023	2.04780351096573	1.10679718105893	2.22458020626236	2.86325493031555	0.936082261342453	1.57519840020234
0.304138126514911	1.49818037092480	0.700446286306095	0.269258240356725	1.40812618529498	0.728868986855663	0.936082261342453	1.27494291969649	2.03146496496140
