最优解为:308.6889
最优解路径:

Best_route =

     4     1     3     2     0
     0     0     0     0     0

本次运算用时:1.063秒
算法在第11代时收敛

best
312.711781945166
311.396965061486
311.396965061486
311.396965061486
311.396965061486
311.396965061486
311.396965061486
311.396965061486
311.396965061486
311.396965061486
308.688882807868
308.688882807868
308.688882807868
308.688882807868
308.688882807868
308.688882807868
308.688882807868
308.688882807868
308.688882807868
308.688882807868
308.688882807868
308.688882807868
308.688882807868
308.688882807868
308.688882807868
308.688882807868
308.688882807868
308.688882807868
308.688882807868
308.688882807868
308.688882807868
308.688882807868
308.688882807868
308.688882807868
308.688882807868
308.688882807868
308.688882807868
308.688882807868
308.688882807868
308.688882807868
308.688882807868
308.688882807868
308.688882807868
308.688882807868
308.688882807868
308.688882807868
308.688882807868
308.688882807868
308.688882807868
308.688882807868
308.688882807868
308.688882807868
308.688882807868
308.688882807868
308.688882807868
308.688882807868
308.688882807868
308.688882807868
308.688882807868
308.688882807868
308.688882807868
308.688882807868
308.688882807868
308.688882807868
308.688882807868
308.688882807868
308.688882807868
308.688882807868
308.688882807868
308.688882807868
308.688882807868
308.688882807868
308.688882807868
308.688882807868
308.688882807868
308.688882807868
308.688882807868
308.688882807868
308.688882807868
308.688882807868
308.688882807868
308.688882807868
308.688882807868
308.688882807868
308.688882807868
308.688882807868
308.688882807868
308.688882807868
308.688882807868
308.688882807868
308.688882807868
308.688882807868
308.688882807868
308.688882807868
308.688882807868
308.688882807868
308.688882807868
308.688882807868
308.688882807868
308.688882807868

ave
331.477600932022
328.883530475177
330.004176019098
329.417092098820
330.009511954169
328.884579655532
312.931472070395
314.387887266944
327.774112112199
328.138245600298
311.996803193917
313.071108442480
313.096706403656
313.191796864347
313.143702246177
313.196671115864
342.468897958360
313.099867915244
311.974896680667
312.548483568338
342.546796812759
312.031450111744
326.848257673896
311.830305154879
311.754093056059
327.224391052627
311.545479011587
311.609533100192
311.836866161976
311.688352211875
326.622611367691
311.396965061486
327.440881515646
311.744937212873
326.396965061486
311.396965061486
326.526759994275
326.314191955570
311.396965061486
326.539838261775
311.396965061486
326.314191955570
312.092909364259
311.469223166073
341.396965061486
311.810678057057
311.396965061486
311.396965061486
326.662164106956
311.396965061486
311.396965061486
311.396965061486
311.396965061486
311.396965061486
311.396965061486
311.396965061486
311.396965061486
311.396965061486
311.396965061486
311.396965061486
311.396965061486
311.396965061486
311.396965061486
311.396965061486
311.396965061486
311.396965061486
311.396965061486
311.396965061486
311.396965061486
311.396965061486
311.396965061486
311.396965061486
311.396965061486
311.396965061486
311.396965061486
311.396965061486
311.396965061486
311.396965061486
311.396965061486
311.396965061486
311.396965061486
311.396965061486
311.396965061486
311.396965061486
311.396965061486
311.396965061486
311.396965061486
311.396965061486
311.396965061486
311.396965061486
311.744937212873
311.396965061486
311.396965061486
311.396965061486
311.396965061486
326.622611367691
311.396965061486
326.396965061486
311.396965061486
311.396965061486