实验环境：
VeiNum = 2
Q_ant =130（空重箱分开时，70）
AntNum = 25 
iter_max = 100

cus：
40	50
40	50
40	50
50	40
25	50
40	15
85	35
35	32
22	85

task：
3	4	3	0	1
4	2	4	1	0
3	5	3	0	1
5	2	4	3	0
3	6	3	0	1
6	2	4	5	0
3	7	3	0	1
7	2	4	7	0
2	8	1	0	1
8	3	2	9	0
3	9	3	0	1
9	2	4	11	0

抽取的客户节点编号为

Cus_select =

    63    24    57    81    41    14

各任务对应的的客户节点编号为

Task_Cus =

    63    24    57    81    41    14


Task_size: 12

vNum:2

Tasktime:
0
0.166666666666667
1.02022005725994
0.166666666666667
1.04166666666667
0.166666666666667
1.54166666666667
0.166666666666667
1.85252078922981
1.13370520897340
0.166666666666667
0.166666666666667
1.65060009937439

Linktime:
0	0.853553390593274	0.353553390593274	0.875000000000000	0.375000000000000	1.37500000000000	0.875000000000000	1.68585412256314	1.18585412256314	0	0.467038542306735	1.48393343270772	0.983933432707722
0.353553390593274	1.37377344785321	0	1.39522005725994	0.673145600891813	1.89522005725994	0.673145600891813	2.20607417982308	0.883883476483184	0.520220057259941	0.425000000000000	2.00415348996766	1.32500000000000
0	0.853553390593274	0.520220057259941	0.875000000000000	0.541666666666667	1.37500000000000	1.04166666666667	1.68585412256314	1.35252078922981	0	0.633705208973402	1.48393343270772	1.15060009937439
0.375000000000000	1.39522005725994	0.673145600891813	1.41666666666667	0	1.91666666666667	0.951971638232989	2.22752078922981	1.54616460960662	0.541666666666667	0.514781507049350	2.02560009937439	0.878208403512515
0	0.853553390593274	0.520220057259941	0.875000000000000	0.541666666666667	1.37500000000000	1.04166666666667	1.68585412256314	1.35252078922981	0	0.633705208973402	1.48393343270772	1.15060009937439
0.875000000000000	1.89522005725994	0.673145600891813	1.91666666666667	0.951971638232989	2.41666666666667	0	2.72752078922981	1.23110722522451	1.04166666666667	0.443001128666734	2.52560009937439	1.80693109995927
0	0.853553390593274	0.520220057259941	0.875000000000000	0.541666666666667	1.37500000000000	1.04166666666667	1.68585412256314	1.35252078922981	0	0.633705208973402	1.48393343270772	1.15060009937439
1.18585412256314	2.20607417982308	0.883883476483184	2.22752078922981	1.54616460960662	2.72752078922981	1.23110722522451	3.03837491179295	0	1.35252078922981	1.25224797863682	2.83645422193753	2.01075234675979
0	0.853553390593274	0.520220057259941	0.875000000000000	0.541666666666667	1.37500000000000	1.04166666666667	1.68585412256314	1.35252078922981	0	0.633705208973402	1.48393343270772	1.15060009937439
0.467038542306735	1.48725859956668	0.425000000000000	1.50870520897340	0.514781507049350	2.00870520897340	0.443001128666734	2.31955933153654	1.25224797863682	0.633705208973402	0	2.11763864168112	1.36427636496423
0.967038542306735	0.425000000000000	1.48725859956668	0.514781507049350	1.50870520897340	0.443001128666734	2.00870520897340	1.25224797863682	2.31955933153654	0.967038542306735	1.60074375128014	1.36427636496423	2.11763864168112
0.983933432707722	2.00415348996766	1.32500000000000	2.02560009937439	0.878208403512515	2.52560009937439	1.80693109995927	2.83645422193753	2.01075234675979	1.15060009937439	1.36427636496423	2.63453353208211	0
0	0.853553390593274	0.520220057259941	0.875000000000000	0.541666666666667	1.37500000000000	1.04166666666667	1.68585412256314	1.35252078922981	0	0.633705208973402	1.48393343270772	1.15060009937439



linktime（task1）
0	0.353553390593274	0.375000000000000	0.875000000000000	1.18585412256314	0	0.983933432707722
0	0.520220057259941	0.541666666666667	1.04166666666667	1.35252078922981	0	1.15060009937439
0	0.520220057259941	0.541666666666667	1.04166666666667	1.35252078922981	0	1.15060009937439
0	0.520220057259941	0.541666666666667	1.04166666666667	1.35252078922981	0	1.15060009937439
0	0.520220057259941	0.541666666666667	1.04166666666667	1.35252078922981	0	1.15060009937439
0.467038542306735	0.425000000000000	0.514781507049350	0.443001128666734	1.25224797863682	0.633705208973402	1.36427636496423
0	0.520220057259941	0.541666666666667	1.04166666666667	1.35252078922981	0	1.15060009937439

linktime（task2）
0	0.853553390593274	0.875000000000000	1.37500000000000	1.68585412256314	0.467038542306735	1.48393343270772
0.353553390593274	1.37377344785321	1.39522005725994	1.89522005725994	2.20607417982308	0.425000000000000	2.00415348996766
0.375000000000000	1.39522005725994	1.41666666666667	1.91666666666667	2.22752078922981	0.514781507049350	2.02560009937439
0.875000000000000	1.89522005725994	1.91666666666667	2.41666666666667	2.72752078922981	0.443001128666734	2.52560009937439
1.18585412256314	2.20607417982308	2.22752078922981	2.72752078922981	3.03837491179295	1.25224797863682	2.83645422193753
0.967038542306735	0.425000000000000	0.514781507049350	0.443001128666734	1.25224797863682	1.60074375128014	1.36427636496423
0.983933432707722	2.00415348996766	2.02560009937439	2.52560009937439	2.83645422193753	1.36427636496423	2.63453353208211

tasktime（1）
0
1.02022005725994
1.04166666666667
1.54166666666667
1.85252078922981
1.13370520897340
1.65060009937439


tasktime（2）
0
0.166666666666667
0.166666666666667
0.166666666666667
0.166666666666667
0.166666666666667
0.166666666666667