最优解为:355.3878
最优解路径:

Best_route =

     3     5     1     6     2     4     0
     0     0     0     0     0     0     0

本次运算用时:1.547秒
算法在第1代时收敛

best
355.387795205167
355.387795205167
355.387795205167
355.387795205167
355.387795205167
355.387795205167
355.387795205167
355.387795205167
355.387795205167
355.387795205167
355.387795205167
355.387795205167
355.387795205167
355.387795205167
355.387795205167
355.387795205167
355.387795205167
355.387795205167
355.387795205167
355.387795205167
355.387795205167
355.387795205167
355.387795205167
355.387795205167
355.387795205167
355.387795205167
355.387795205167
355.387795205167
355.387795205167
355.387795205167
355.387795205167
355.387795205167
355.387795205167
355.387795205167
355.387795205167
355.387795205167
355.387795205167
355.387795205167
355.387795205167
355.387795205167
355.387795205167
355.387795205167
355.387795205167
355.387795205167
355.387795205167
355.387795205167
355.387795205167
355.387795205167
355.387795205167
355.387795205167
355.387795205167
355.387795205167
355.387795205167
355.387795205167
355.387795205167
355.387795205167
355.387795205167
355.387795205167
355.387795205167
355.387795205167
355.387795205167
355.387795205167
355.387795205167
355.387795205167
355.387795205167
355.387795205167
355.387795205167
355.387795205167
355.387795205167
355.387795205167
355.387795205167
355.387795205167
355.387795205167
355.387795205167
355.387795205167
355.387795205167
355.387795205167
355.387795205167
355.387795205167
355.387795205167
355.387795205167
355.387795205167
355.387795205167
355.387795205167
355.387795205167
355.387795205167
355.387795205167
355.387795205167
355.387795205167
355.387795205167
355.387795205167
355.387795205167
355.387795205167
355.387795205167
355.387795205167
355.387795205167
355.387795205167
355.387795205167
355.387795205167
355.387795205167

ave
384.083576374176
416.723594444900
369.929292501524
368.458202714297
393.855147148557
381.887003155065
369.807067752649
381.569924870237
380.065867587794
393.205087868496
380.364793611292
368.845482133463
368.954135058271
357.342974957745
357.468999682370
357.447897336549
368.754669822046
356.573601962727
380.437997893532
379.666008593586
368.608237153290
356.474444459000
380.386358264705
356.364562756220
355.965700290736
392.065513570971
355.440423813770
355.930225671618
367.721506931251
379.292311527251
391.233814676551
356.498763242700
355.387795205166
355.826625919103
367.246615205166
355.439106864142
355.599136223671
355.604726067947
355.387795205166
379.574825304143
379.822532535120
355.387795205166
355.387795205166
355.599136223671
355.675165484273
355.387795205166
355.387795205166
379.094167906757
355.387795205166
355.387795205166
355.387795205166
355.387795205166
355.603409118318
355.387795205166
367.304833658046
355.387795205166
355.387795205166
355.387795205166
355.387795205166
355.387795205166
355.387795205166
355.387795205166
355.387795205166
355.387795205166
355.387795205166
355.387795205166
355.387795205166
355.679646961259
355.387795205166
367.394060316658
379.105435205166
355.387795205166
355.387795205166
367.499493360891
355.440423813770
355.387795205166
355.387795205166
367.252205049442
355.387795205166
355.387795205166
355.387795205166
355.387795205166
355.387795205166
355.387795205166
355.387795205166
355.387795205166
367.087902795265
355.387795205166
355.387795205166
367.252205049442
355.387795205166
355.387795205166
355.387795205166
355.387795205166
355.679646961259
355.387795205166
355.387795205166
355.387795205166
355.387795205166
355.387795205166