最优解为:325.0302
最优解路径:

Best_route =

     0     0     0     0     0     0     0
     1     5     3     6     4     2     0

本次运算用时:1.656秒
算法在第1代时收敛

best
325.030184957643
325.030184957643
325.030184957643
325.030184957643
325.030184957643
325.030184957643
325.030184957643
325.030184957643
325.030184957643
325.030184957643
325.030184957643
325.030184957643
325.030184957643
325.030184957643
325.030184957643
325.030184957643
325.030184957643
325.030184957643
325.030184957643
325.030184957643
325.030184957643
325.030184957643
325.030184957643
325.030184957643
325.030184957643
325.030184957643
325.030184957643
325.030184957643
325.030184957643
325.030184957643
325.030184957643
325.030184957643
325.030184957643
325.030184957643
325.030184957643
325.030184957643
325.030184957643
325.030184957643
325.030184957643
325.030184957643
325.030184957643
325.030184957643
325.030184957643
325.030184957643
325.030184957643
325.030184957643
325.030184957643
325.030184957643
325.030184957643
325.030184957643
325.030184957643
325.030184957643
325.030184957643
325.030184957643
325.030184957643
325.030184957643
325.030184957643
325.030184957643
325.030184957643
325.030184957643
325.030184957643
325.030184957643
325.030184957643
325.030184957643
325.030184957643
325.030184957643
325.030184957643
325.030184957643
325.030184957643
325.030184957643
325.030184957643
325.030184957643
325.030184957643
325.030184957643
325.030184957643
325.030184957643
325.030184957643
325.030184957643
325.030184957643
325.030184957643
325.030184957643
325.030184957643
325.030184957643
325.030184957643
325.030184957643
325.030184957643
325.030184957643
325.030184957643
325.030184957643
325.030184957643
325.030184957643
325.030184957643
325.030184957643
325.030184957643
325.030184957643
325.030184957643
325.030184957643
325.030184957643
325.030184957643
325.030184957643

ave
328.675710811206
326.193846571746
326.783724833136
326.187477309333
325.914497733924
338.356184996550
338.598131170801
337.632801743858
337.890185491274
337.751832341178
325.485089855665
361.323322493019
325.459460663387
337.591229785531
325.161402987743
325.203526038115
325.802407461174
325.241913725331
325.030184957643
337.204842987743
349.584860523119
325.030184957643
325.241913725331
325.161402987743
325.030184957643
337.186221143468
325.309114875936
337.179213795465
325.483772906036
325.030184957643
337.198473725331
325.030184957643
325.292621017844
337.030184957643
325.030184957643
337.117962987743
325.030184957643
325.160086038115
325.160086038115
325.030184957643
348.986744957643
325.073624957643
336.986744957643
325.030184957643
325.030184957643
325.030184957643
325.030184957643
325.030184957643
325.030184957643
325.030184957643
325.030184957643
325.030184957643
348.943304957643
325.030184957643
336.986744957643
336.986744957643
325.030184957643
325.030184957643
325.030184957643
325.030184957643
325.030184957643
325.030184957643
325.179213795465
348.943304957643
337.030184957643
325.030184957643
325.030184957643
336.986744957643
325.030184957643
336.986744957643
325.030184957643
348.943304957643
337.142781143468
325.030184957643
325.030184957643
325.030184957643
336.986744957643
325.030184957643
325.030184957643
325.030184957643
325.030184957643
325.030184957643
325.030184957643
325.030184957643
325.030184957643
325.186221143468
325.030184957643
336.986744957643
325.030184957643
325.030184957643
325.030184957643
325.030184957643
325.030184957643
325.030184957643
325.030184957643
325.030184957643
336.986744957643
325.030184957643
325.030184957643
325.030184957643