最优解为:1817.6946
最优解路径:

Best_route =

  1 至 24 列

     1    18    25    26    23     4    16     9    10    11    12     0     0     0     0     0     0     0     0     0     0     0     0     0
    17     0     0     0     0     0     0     0     0     0     0     0     0     0     0     0     0     0     0     0     0     0     0     0
     3    15    13     2    21    22    27    28    14     0     0     0     0     0     0     0     0     0     0     0     0     0     0     0
    29    30     7     8    24     5     6    19    20     0     0     0     0     0     0     0     0     0     0     0     0     0     0     0
     0     0     0     0     0     0     0     0     0     0     0     0     0     0     0     0     0     0     0     0     0     0     0     0

  25 至 31 列

     0     0     0     0     0     0     0
     0     0     0     0     0     0     0
     0     0     0     0     0     0     0
     0     0     0     0     0     0     0
     0     0     0     0     0     0     0

本次运算用时:112.825秒
算法在第367代时收敛

best
2088.66438327418
1862.13860522973
1862.13860522973
1862.13860522973
1862.13860522973
1862.13860522973
1862.13860522973
1862.13860522973
1862.13860522973
1862.13860522973
1862.13860522973
1862.13860522973
1862.13860522973
1862.13860522973
1862.13860522973
1862.13860522973
1862.13860522973
1862.13860522973
1862.13860522973
1862.13860522973
1862.13860522973
1862.13860522973
1862.13860522973
1862.13860522973
1862.13860522973
1862.13860522973
1862.13860522973
1862.13860522973
1862.13860522973
1862.13860522973
1862.13860522973
1862.13860522973
1862.13860522973
1862.13860522973
1862.13860522973
1862.13860522973
1862.13860522973
1862.13860522973
1862.13860522973
1862.13860522973
1862.13860522973
1862.13860522973
1862.13860522973
1862.13860522973
1862.13860522973
1862.13860522973
1862.13860522973
1862.13860522973
1862.13860522973
1862.13860522973
1862.13860522973
1862.13860522973
1862.13860522973
1862.13860522973
1862.13860522973
1862.13860522973
1862.13860522973
1862.13860522973
1862.13860522973
1862.13860522973
1862.13860522973
1862.13860522973
1862.13860522973
1862.13860522973
1862.13860522973
1862.13860522973
1862.13860522973
1862.13860522973
1862.13860522973
1862.13860522973
1862.13860522973
1862.13860522973
1862.13860522973
1862.13860522973
1862.13860522973
1862.13860522973
1862.13860522973
1862.13860522973
1862.13860522973
1862.13860522973
1862.13860522973
1862.13860522973
1862.13860522973
1862.13860522973
1862.13860522973
1862.13860522973
1862.13860522973
1862.13860522973
1862.13860522973
1862.13860522973
1862.13860522973
1862.13860522973
1862.13860522973
1862.13860522973
1862.13860522973
1862.13860522973
1862.13860522973
1862.13860522973
1862.13860522973
1862.13860522973
1862.13860522973
1862.13860522973
1862.13860522973
1862.13860522973
1862.13860522973
1862.13860522973
1862.13860522973
1862.13860522973
1862.13860522973
1862.13860522973
1862.13860522973
1862.13860522973
1862.13860522973
1862.13860522973
1862.13860522973
1862.13860522973
1862.13860522973
1862.13860522973
1862.13860522973
1862.13860522973
1862.13860522973
1862.13860522973
1862.13860522973
1862.13860522973
1862.13860522973
1862.13860522973
1862.13860522973
1862.13860522973
1862.13860522973
1862.13860522973
1862.13860522973
1862.13860522973
1862.13860522973
1862.13860522973
1862.13860522973
1862.13860522973
1862.13860522973
1862.13860522973
1862.13860522973
1862.13860522973
1862.13860522973
1862.13860522973
1862.13860522973
1862.13860522973
1862.13860522973
1862.13860522973
1862.13860522973
1862.13860522973
1862.13860522973
1862.13860522973
1862.13860522973
1862.13860522973
1862.13860522973
1862.13860522973
1862.13860522973
1862.13860522973
1862.13860522973
1862.13860522973
1862.13860522973
1862.13860522973
1862.13860522973
1832.04689359465
1832.04689359465
1832.04689359465
1832.04689359465
1832.04689359465
1832.04689359465
1832.04689359465
1832.04689359465
1832.04689359465
1832.04689359465
1832.04689359465
1832.04689359465
1832.04689359465
1832.04689359465
1832.04689359465
1824.45782555490
1824.45782555490
1824.45782555490
1824.45782555490
1824.45782555490
1824.45782555490
1824.45782555490
1824.45782555490
1824.45782555490
1824.45782555490
1824.45782555490
1824.45782555490
1824.45782555490
1824.45782555490
1824.45782555490
1824.45782555490
1824.45782555490
1824.45782555490
1824.45782555490
1824.45782555490
1824.45782555490
1824.45782555490
1824.45782555490
1824.45782555490
1824.45782555490
1824.45782555490
1824.45782555490
1824.45782555490
1824.45782555490
1824.45782555490
1824.45782555490
1824.45782555490
1824.45782555490
1824.45782555490
1824.45782555490
1824.45782555490
1824.45782555490
1824.45782555490
1824.45782555490
1824.45782555490
1824.45782555490
1824.45782555490
1824.45782555490
1824.45782555490
1824.45782555490
1824.45782555490
1824.45782555490
1824.45782555490
1824.45782555490
1824.45782555490
1824.45782555490
1824.45782555490
1824.45782555490
1824.45782555490
1824.45782555490
1824.45782555490
1824.45782555490
1824.45782555490
1824.45782555490
1824.45782555490
1824.45782555490
1824.45782555490
1824.45782555490
1824.45782555490
1824.45782555490
1824.45782555490
1824.45782555490
1824.45782555490
1824.45782555490
1824.45782555490
1824.45782555490
1824.45782555490
1824.45782555490
1824.45782555490
1824.45782555490
1824.45782555490
1824.45782555490
1824.45782555490
1824.45782555490
1824.45782555490
1824.45782555490
1824.45782555490
1824.45782555490
1824.45782555490
1824.45782555490
1824.45782555490
1824.45782555490
1824.45782555490
1824.45782555490
1824.45782555490
1824.45782555490
1824.45782555490
1824.45782555490
1824.45782555490
1824.45782555490
1824.45782555490
1824.45782555490
1824.45782555490
1824.45782555490
1824.45782555490
1824.45782555490
1824.45782555490
1824.45782555490
1824.45782555490
1824.45782555490
1824.45782555490
1824.45782555490
1824.45782555490
1824.45782555490
1824.45782555490
1824.45782555490
1824.45782555490
1824.45782555490
1824.45782555490
1824.45782555490
1824.45782555490
1824.45782555490
1824.45782555490
1824.45782555490
1824.45782555490
1824.45782555490
1824.45782555490
1824.45782555490
1824.45782555490
1824.45782555490
1824.45782555490
1824.45782555490
1824.45782555490
1824.45782555490
1824.45782555490
1824.45782555490
1824.45782555490
1824.45782555490
1824.45782555490
1824.45782555490
1824.45782555490
1824.45782555490
1824.45782555490
1824.45782555490
1824.45782555490
1824.45782555490
1824.45782555490
1824.45782555490
1824.45782555490
1824.45782555490
1824.45782555490
1824.45782555490
1824.45782555490
1824.45782555490
1824.45782555490
1824.45782555490
1824.45782555490
1824.45782555490
1824.45782555490
1824.45782555490
1824.45782555490
1824.45782555490
1824.45782555490
1824.45782555490
1824.45782555490
1824.45782555490
1824.45782555490
1824.45782555490
1824.45782555490
1824.45782555490
1824.45782555490
1824.45782555490
1824.45782555490
1824.45782555490
1824.45782555490
1824.45782555490
1824.45782555490
1824.45782555490
1824.45782555490
1824.45782555490
1824.45782555490
1824.45782555490
1824.45782555490
1824.45782555490
1824.45782555490
1824.45782555490
1824.45782555490
1824.45782555490
1824.45782555490
1824.45782555490
1824.45782555490
1824.45782555490
1824.45782555490
1824.45782555490
1824.45782555490
1817.69456059277
1817.69456059277
1817.69456059277
1817.69456059277
1817.69456059277
1817.69456059277
1817.69456059277
1817.69456059277
1817.69456059277
1817.69456059277
1817.69456059277
1817.69456059277
1817.69456059277
1817.69456059277
1817.69456059277
1817.69456059277
1817.69456059277
1817.69456059277
1817.69456059277
1817.69456059277
1817.69456059277
1817.69456059277
1817.69456059277
1817.69456059277
1817.69456059277
1817.69456059277
1817.69456059277
1817.69456059277
1817.69456059277
1817.69456059277
1817.69456059277
1817.69456059277
1817.69456059277
1817.69456059277
1817.69456059277
1817.69456059277
1817.69456059277
1817.69456059277
1817.69456059277
1817.69456059277
1817.69456059277
1817.69456059277
1817.69456059277
