最优解为:1848.0477
最优解路径:

Best_route =

  1 至 24 列

    29    17     2    30    18     0     0     0     0     0     0     0     0     0     0     0     0     0     0     0     0     0     0     0
     3     4    13    27    28    24     0     0     0     0     0     0     0     0     0     0     0     0     0     0     0     0     0     0
     5     6    15     7     8    23    11    12    21    22     0     0     0     0     0     0     0     0     0     0     0     0     0     0
     0     0     0     0     0     0     0     0     0     0     0     0     0     0     0     0     0     0     0     0     0     0     0     0
     1    19    20    14    25    26    16     9    10     0     0     0     0     0     0     0     0     0     0     0     0     0     0     0

  25 至 31 列

     0     0     0     0     0     0     0
     0     0     0     0     0     0     0
     0     0     0     0     0     0     0
     0     0     0     0     0     0     0
     0     0     0     0     0     0     0

本次运算用时:78.089秒
算法在第163代时收敛

best
1923.28694153700
1923.28694153700
1923.28694153700
1923.28694153700
1914.76722518062
1914.76722518062
1914.76722518062
1914.76722518062
1914.76722518062
1914.76722518062
1914.76722518062
1914.76722518062
1914.76722518062
1914.76722518062
1914.76722518062
1914.76722518062
1914.76722518062
1914.76722518062
1914.76722518062
1895.61276599300
1895.61276599300
1895.61276599300
1895.61276599300
1895.61276599300
1895.61276599300
1895.61276599300
1895.61276599300
1895.61276599300
1895.61276599300
1895.61276599300
1895.61276599300
1895.61276599300
1895.61276599300
1895.61276599300
1895.61276599300
1895.61276599300
1895.61276599300
1895.61276599300
1895.61276599300
1895.61276599300
1895.61276599300
1895.61276599300
1895.61276599300
1895.61276599300
1895.61276599300
1895.61276599300
1895.61276599300
1895.61276599300
1895.61276599300
1887.35928381462
1887.35928381462
1887.35928381462
1887.35928381462
1887.35928381462
1887.35928381462
1887.35928381462
1887.35928381462
1887.35928381462
1887.35928381462
1887.35928381462
1887.35928381462
1887.35928381462
1887.35928381462
1887.35928381462
1887.35928381462
1887.35928381462
1887.35928381462
1887.35928381462
1887.35928381462
1887.35928381462
1887.35928381462
1887.35928381462
1887.35928381462
1887.35928381462
1887.35928381462
1887.35928381462
1887.35928381462
1887.35928381462
1887.35928381462
1887.35928381462
1887.35928381462
1887.35928381462
1887.35928381462
1887.35928381462
1887.35928381462
1887.35928381462
1887.35928381462
1887.35928381462
1887.35928381462
1887.35928381462
1887.35928381462
1887.35928381462
1887.35928381462
1887.35928381462
1887.35928381462
1887.35928381462
1887.35928381462
1887.35928381462
1887.35928381462
1887.35928381462
1887.35928381462
1887.35928381462
1887.35928381462
1887.35928381462
1887.35928381462
1887.35928381462
1887.35928381462
1887.35928381462
1887.35928381462
1887.35928381462
1887.35928381462
1887.35928381462
1887.35928381462
1887.35928381462
1887.35928381462
1887.35928381462
1887.35928381462
1887.35928381462
1887.35928381462
1887.35928381462
1887.35928381462
1887.35928381462
1887.35928381462
1887.35928381462
1887.35928381462
1887.35928381462
1887.35928381462
1887.35928381462
1887.35928381462
1887.35928381462
1887.35928381462
1887.35928381462
1887.35928381462
1887.35928381462
1887.35928381462
1887.35928381462
1887.35928381462
1887.35928381462
1887.35928381462
1887.35928381462
1887.35928381462
1887.35928381462
1887.35928381462
1887.35928381462
1887.35928381462
1887.35928381462
1887.35928381462
1864.52979090406
1864.52979090406
1864.52979090406
1864.52979090406
1864.52979090406
1864.52979090406
1864.52979090406
1864.52979090406
1864.52979090406
1864.52979090406
1864.52979090406
1864.52979090406
1864.52979090406
1864.52979090406
1864.52979090406
1848.04772768510
1848.04772768510
1848.04772768510
1848.04772768510
1848.04772768510
1848.04772768510
1848.04772768510
1848.04772768510
1848.04772768510
1848.04772768510
1848.04772768510
1848.04772768510
1848.04772768510
1848.04772768510
1848.04772768510
1848.04772768510
1848.04772768510
1848.04772768510
1848.04772768510
1848.04772768510
1848.04772768510
1848.04772768510
1848.04772768510
1848.04772768510
1848.04772768510
1848.04772768510
1848.04772768510
1848.04772768510
1848.04772768510
1848.04772768510
1848.04772768510
1848.04772768510
1848.04772768510
1848.04772768510
1848.04772768510
1848.04772768510
1848.04772768510
1848.04772768510
1848.04772768510
1848.04772768510
1848.04772768510
1848.04772768510
1848.04772768510
1848.04772768510
1848.04772768510
1848.04772768510
1848.04772768510
1848.04772768510
1848.04772768510
1848.04772768510
1848.04772768510
1848.04772768510
1848.04772768510
1848.04772768510
1848.04772768510
1848.04772768510
1848.04772768510
1848.04772768510
1848.04772768510
1848.04772768510
1848.04772768510
1848.04772768510
1848.04772768510
1848.04772768510
1848.04772768510
1848.04772768510
1848.04772768510
1848.04772768510
1848.04772768510
1848.04772768510
1848.04772768510
1848.04772768510
1848.04772768510
1848.04772768510
1848.04772768510
1848.04772768510
1848.04772768510
1848.04772768510
1848.04772768510
1848.04772768510
1848.04772768510
1848.04772768510
1848.04772768510
1848.04772768510
1848.04772768510
1848.04772768510
1848.04772768510
1848.04772768510
1848.04772768510
1848.04772768510
1848.04772768510
1848.04772768510
1848.04772768510
1848.04772768510
1848.04772768510
1848.04772768510
1848.04772768510
1848.04772768510
1848.04772768510
1848.04772768510
1848.04772768510
1848.04772768510
1848.04772768510
1848.04772768510
1848.04772768510
1848.04772768510
1848.04772768510
1848.04772768510
1848.04772768510
1848.04772768510
1848.04772768510
1848.04772768510
1848.04772768510
1848.04772768510
1848.04772768510
1848.04772768510
1848.04772768510
1848.04772768510
1848.04772768510
1848.04772768510
1848.04772768510
1848.04772768510
1848.04772768510
1848.04772768510
1848.04772768510
1848.04772768510
1848.04772768510
1848.04772768510
1848.04772768510
1848.04772768510
1848.04772768510
1848.04772768510
1848.04772768510
1848.04772768510
1848.04772768510
1848.04772768510
1848.04772768510
1848.04772768510
1848.04772768510
1848.04772768510
1848.04772768510
1848.04772768510
1848.04772768510
1848.04772768510
1848.04772768510
1848.04772768510
1848.04772768510
1848.04772768510
1848.04772768510
1848.04772768510
1848.04772768510
1848.04772768510
1848.04772768510
1848.04772768510
1848.04772768510
1848.04772768510
1848.04772768510
1848.04772768510
1848.04772768510
1848.04772768510
1848.04772768510
1848.04772768510
1848.04772768510
1848.04772768510
1848.04772768510
1848.04772768510
1848.04772768510
1848.04772768510
1848.04772768510
1848.04772768510
1848.04772768510
1848.04772768510
1848.04772768510
1848.04772768510
1848.04772768510
1848.04772768510
1848.04772768510
1848.04772768510
1848.04772768510
1848.04772768510
1848.04772768510
1848.04772768510
1848.04772768510
1848.04772768510
1848.04772768510
1848.04772768510
1848.04772768510
1848.04772768510
1848.04772768510
1848.04772768510
1848.04772768510
1848.04772768510
1848.04772768510
1848.04772768510
1848.04772768510
1848.04772768510
1848.04772768510
1848.04772768510
1848.04772768510
1848.04772768510
1848.04772768510
1848.04772768510
1848.04772768510
1848.04772768510
1848.04772768510
1848.04772768510
1848.04772768510
1848.04772768510
1848.04772768510
1848.04772768510
1848.04772768510
1848.04772768510
1848.04772768510
1848.04772768510
1848.04772768510
1848.04772768510
1848.04772768510
1848.04772768510
1848.04772768510
1848.04772768510
1848.04772768510
1848.04772768510
1848.04772768510
1848.04772768510
1848.04772768510
1848.04772768510
1848.04772768510
1848.04772768510
1848.04772768510
1848.04772768510
1848.04772768510
1848.04772768510
1848.04772768510
1848.04772768510
1848.04772768510
1848.04772768510
1848.04772768510
1848.04772768510
1848.04772768510
1848.04772768510
1848.04772768510
1848.04772768510
1848.04772768510
1848.04772768510
1848.04772768510
1848.04772768510
1848.04772768510
