最优解为:1569.5217
最优解路径:

Best_route =

  1 至 24 列

     0     0     0     0     0     0     0     0     0     0     0     0     0     0     0     0     0     0     0     0     0     0     0     0
    29    30     3     4    24    27    28    18     0     0     0     0     0     0     0     0     0     0     0     0     0     0     0     0
    23    17     5     6    13    26    14    19    20     7     8     0     0     0     0     0     0     0     0     0     0     0     0     0
     1     2    15    25    16     9    10    21    22    11    12     0     0     0     0     0     0     0     0     0     0     0     0     0
     0     0     0     0     0     0     0     0     0     0     0     0     0     0     0     0     0     0     0     0     0     0     0     0

  25 至 31 列

     0     0     0     0     0     0     0
     0     0     0     0     0     0     0
     0     0     0     0     0     0     0
     0     0     0     0     0     0     0
     0     0     0     0     0     0     0

本次运算用时:283.721秒
算法在第13代时收敛

best
1946.06787585725
1922.94745100257
1850.14635789250
1850.14635789250
1850.14635789250
1850.14635789250
1830.25983530030
1830.25983530030
1830.25983530030
1830.25983530030
1830.25983530030
1830.25983530030
1569.52166690615
1569.52166690615
1569.52166690615
1569.52166690615
1569.52166690615
1569.52166690615
1569.52166690615
1569.52166690615
1569.52166690615
1569.52166690615
1569.52166690615
1569.52166690615
1569.52166690615
1569.52166690615
1569.52166690615
1569.52166690615
1569.52166690615
1569.52166690615
1569.52166690615
1569.52166690615
1569.52166690615
1569.52166690615
1569.52166690615
1569.52166690615
1569.52166690615
1569.52166690615
1569.52166690615
1569.52166690615
1569.52166690615
1569.52166690615
1569.52166690615
1569.52166690615
1569.52166690615
1569.52166690615
1569.52166690615
1569.52166690615
1569.52166690615
1569.52166690615
1569.52166690615
1569.52166690615
1569.52166690615
1569.52166690615
1569.52166690615
1569.52166690615
1569.52166690615
1569.52166690615
1569.52166690615
1569.52166690615
1569.52166690615
1569.52166690615
1569.52166690615
1569.52166690615
1569.52166690615
1569.52166690615
1569.52166690615
1569.52166690615
1569.52166690615
1569.52166690615
1569.52166690615
1569.52166690615
1569.52166690615
1569.52166690615
1569.52166690615
1569.52166690615
1569.52166690615
1569.52166690615
1569.52166690615
1569.52166690615
1569.52166690615
1569.52166690615
1569.52166690615
1569.52166690615
1569.52166690615
1569.52166690615
1569.52166690615
1569.52166690615
1569.52166690615
1569.52166690615
1569.52166690615
1569.52166690615
1569.52166690615
1569.52166690615
1569.52166690615
1569.52166690615
1569.52166690615
1569.52166690615
1569.52166690615
1569.52166690615
1569.52166690615
1569.52166690615
1569.52166690615
1569.52166690615
1569.52166690615
1569.52166690615
1569.52166690615
1569.52166690615
1569.52166690615
1569.52166690615
1569.52166690615
1569.52166690615
1569.52166690615
1569.52166690615
1569.52166690615
1569.52166690615
1569.52166690615
1569.52166690615
1569.52166690615
1569.52166690615
1569.52166690615
1569.52166690615
1569.52166690615
1569.52166690615
1569.52166690615
1569.52166690615
1569.52166690615
1569.52166690615
1569.52166690615
1569.52166690615
1569.52166690615
1569.52166690615
1569.52166690615
1569.52166690615
1569.52166690615
1569.52166690615
1569.52166690615
1569.52166690615
1569.52166690615
1569.52166690615
1569.52166690615
1569.52166690615
1569.52166690615
1569.52166690615
1569.52166690615
1569.52166690615
1569.52166690615
1569.52166690615
1569.52166690615
1569.52166690615
1569.52166690615
1569.52166690615
1569.52166690615
1569.52166690615
1569.52166690615
1569.52166690615
1569.52166690615
1569.52166690615
1569.52166690615
1569.52166690615
1569.52166690615
1569.52166690615
1569.52166690615
1569.52166690615
1569.52166690615
1569.52166690615
1569.52166690615
1569.52166690615
1569.52166690615
1569.52166690615
1569.52166690615
1569.52166690615
1569.52166690615
1569.52166690615
1569.52166690615
1569.52166690615
1569.52166690615
1569.52166690615
1569.52166690615
1569.52166690615
1569.52166690615
1569.52166690615
1569.52166690615
1569.52166690615
1569.52166690615
1569.52166690615
1569.52166690615
1569.52166690615
1569.52166690615
1569.52166690615
1569.52166690615
1569.52166690615
1569.52166690615
1569.52166690615
1569.52166690615
1569.52166690615
1569.52166690615
1569.52166690615
1569.52166690615
1569.52166690615
1569.52166690615
1569.52166690615
1569.52166690615
1569.52166690615
1569.52166690615
1569.52166690615
1569.52166690615
1569.52166690615
1569.52166690615
1569.52166690615
1569.52166690615
1569.52166690615
1569.52166690615
1569.52166690615
1569.52166690615
1569.52166690615
1569.52166690615
1569.52166690615
1569.52166690615
1569.52166690615
1569.52166690615
1569.52166690615
1569.52166690615
1569.52166690615
1569.52166690615
1569.52166690615
1569.52166690615
1569.52166690615
1569.52166690615
1569.52166690615
1569.52166690615
1569.52166690615
1569.52166690615
1569.52166690615
1569.52166690615
1569.52166690615
1569.52166690615
1569.52166690615
1569.52166690615
1569.52166690615
1569.52166690615
1569.52166690615
1569.52166690615
1569.52166690615
1569.52166690615
1569.52166690615
1569.52166690615
1569.52166690615
1569.52166690615
1569.52166690615
1569.52166690615
1569.52166690615
1569.52166690615
1569.52166690615
1569.52166690615
1569.52166690615
1569.52166690615
1569.52166690615
1569.52166690615
1569.52166690615
1569.52166690615
1569.52166690615
1569.52166690615
1569.52166690615
1569.52166690615
1569.52166690615
1569.52166690615
1569.52166690615
1569.52166690615
1569.52166690615
1569.52166690615
1569.52166690615
1569.52166690615
1569.52166690615
1569.52166690615
1569.52166690615
1569.52166690615
1569.52166690615
1569.52166690615
1569.52166690615
1569.52166690615
1569.52166690615
1569.52166690615
1569.52166690615
1569.52166690615
1569.52166690615
1569.52166690615
1569.52166690615
1569.52166690615
1569.52166690615
1569.52166690615
1569.52166690615
1569.52166690615
1569.52166690615
1569.52166690615
1569.52166690615
1569.52166690615
1569.52166690615
1569.52166690615
1569.52166690615
1569.52166690615
1569.52166690615
1569.52166690615
1569.52166690615
1569.52166690615
1569.52166690615
1569.52166690615
1569.52166690615
1569.52166690615
1569.52166690615
1569.52166690615
1569.52166690615
1569.52166690615
1569.52166690615
1569.52166690615
1569.52166690615
1569.52166690615
1569.52166690615
1569.52166690615
1569.52166690615
1569.52166690615
1569.52166690615
1569.52166690615
1569.52166690615
1569.52166690615
1569.52166690615
1569.52166690615
1569.52166690615
1569.52166690615
1569.52166690615
1569.52166690615
1569.52166690615
1569.52166690615
1569.52166690615
1569.52166690615
1569.52166690615
1569.52166690615
1569.52166690615
1569.52166690615
1569.52166690615
1569.52166690615
1569.52166690615
1569.52166690615
1569.52166690615
1569.52166690615
1569.52166690615
1569.52166690615
1569.52166690615
1569.52166690615
1569.52166690615
1569.52166690615
1569.52166690615
1569.52166690615
1569.52166690615
1569.52166690615
1569.52166690615
1569.52166690615
1569.52166690615
1569.52166690615
1569.52166690615
1569.52166690615
1569.52166690615
1569.52166690615
1569.52166690615
1569.52166690615
1569.52166690615
1569.52166690615
1569.52166690615
1569.52166690615
1569.52166690615
1569.52166690615
1569.52166690615
1569.52166690615
1569.52166690615
1569.52166690615
1569.52166690615
1569.52166690615
1569.52166690615
1569.52166690615
1569.52166690615
1569.52166690615
1569.52166690615
1569.52166690615
1569.52166690615
1569.52166690615
1569.52166690615
1569.52166690615
1569.52166690615
1569.52166690615
1569.52166690615
1569.52166690615
1569.52166690615
1569.52166690615
1569.52166690615
1569.52166690615
1569.52166690615
1569.52166690615
1569.52166690615
1569.52166690615
1569.52166690615
1569.52166690615
1569.52166690615
1569.52166690615
1569.52166690615
1569.52166690615
1569.52166690615
1569.52166690615
1569.52166690615
1569.52166690615
