实验环境：
VeiNum = 5
Q_ant =200
AntNum = 30
iter_max = 500

cus：
40	50
40	50
40	50
85	35
42	68
22	85
48	40
8	45
42	65
40	15
10	40
10	35
50	35
23	55
60	85
30	32
40	69
65	55

task：
3	4	3	0	1
4	2	4	1	0
3	5	3	0	1
5	2	4	3	0
3	6	3	0	1
6	2	4	5	0
3	7	3	0	1
7	2	4	7	0
3	8	3	0	1
8	2	4	9	0
3	9	3	0	1
9	2	4	11	0
2	10	1	0	1
10	3	2	13	0
2	11	1	0	1
11	3	2	15	0
2	12	1	0	1
12	3	2	17	0
3	13	3	0	1
13	2	4	19	0
2	14	1	0	1
14	3	2	21	0
2	15	1	0	1
15	3	2	23	0
3	16	3	0	1
16	2	4	25	0
3	17	3	0	1
17	2	4	27	0
3	18	3	0	1
18	2	4	29	0


抽取的客户节点编号为

Cus_select =

    81     4    14    65    34     5    57    32    31    62    28    97    46     6    87

各任务对应的的客户节点编号为

Task_Cus =

    81     4    14    65    34     5    57    32    31    62    28    97    46     6    87

Task_size: 30



Tasktime:
0
0.166666666666667
1.85252078922981
0.166666666666667
1.11943592357354
0.166666666666667
1.65060009937439
0.166666666666667
0.986822878538309
0.166666666666667
1.47637340370175
0.166666666666667
1.04498531542721
1.54166666666667
0.166666666666667
1.45723608170876
0.166666666666667
1.50519215822909
0.166666666666667
0.166666666666667
1.11736057609967
1.10966779533340
0.166666666666667
1.67444888520399
0.166666666666667
0.166666666666667
1.18144817371602
0.166666666666667
1.14166666666667
0.166666666666667
1.30404410586576


Linktime:
0	1.68585412256314	1.18585412256314	0.952769256906871	0.452769256906871	1.48393343270772	0.983933432707722	0.820156211871642	0.320156211871642	1.30970673703508	0.809706737035082	0.878318648760539	0.378318648760539	0	0.875000000000000	0	0.790569415042095	0	0.838525491562421	0.950693909432999	0.450693909432999	0	0.443001128666734	0	1.00778221853732	1.01478150704935	0.514781507049350	0.975000000000000	0.475000000000000	1.13737743919910	0.637377439199098
1.18585412256314	3.03837491179295	0	2.30529004613668	1.35508302328677	2.83645422193753	2.01075234675979	2.17267700110145	0.933407735129724	2.66222752626489	1.94116588678042	2.23083943799035	1.31077267289183	1.35252078922981	1.23110722522451	1.35252078922981	1.87916204729661	1.35252078922981	1.87500000000000	2.30321469866281	0.875000000000000	1.35252078922981	1.62864974749023	1.35252078922981	1.39754248593737	2.36730229627916	1.37704393539204	2.32752078922981	1.41000886522036	2.48989822842891	0.707106781186548
0	1.68585412256314	1.35252078922981	0.952769256906871	0.619435923573538	1.48393343270772	1.15060009937439	0.820156211871642	0.486822878538309	1.30970673703508	0.976373403701749	0.878318648760539	0.544985315427206	0	1.04166666666667	0	0.957236081708762	0	1.00519215822909	0.950693909432999	0.617360576099665	0	0.609667795333400	0	1.17444888520399	1.01478150704935	0.681448173716017	0.975000000000000	0.641666666666667	1.13737743919910	0.804044105865765
0.452769256906871	2.30529004613668	1.35508302328677	1.57220518048041	0	2.10336935628126	0.656220237420334	1.43959213544518	0.715891053163818	1.92914266060862	1.02621878758869	1.49775457233408	0.0750000000000000	0.619435923573538	1.32594306061761	0.619435923573538	1.06301458127347	0.619435923573538	1.14918449345612	1.57012983300654	0.848896342317482	0.619435923573538	0.575543221661067	0.619435923573538	0.618970920156997	1.63421743062289	0.948683298050514	1.59443592357354	0.0559016994374948	1.75681336277264	0.660492240681145
0	1.68585412256314	1.35252078922981	0.952769256906871	0.619435923573538	1.48393343270772	1.15060009937439	0.820156211871642	0.486822878538309	1.30970673703508	0.976373403701749	0.878318648760539	0.544985315427206	0	1.04166666666667	0	0.957236081708762	0	1.00519215822909	0.950693909432999	0.617360576099665	0	0.609667795333400	0	1.17444888520399	1.01478150704935	0.681448173716017	0.975000000000000	0.641666666666667	1.13737743919910	0.804044105865765
0.983933432707722	2.83645422193753	2.01075234675979	2.10336935628126	0.656220237420334	2.63453353208211	0	1.97075631124603	1.29927864601863	2.46030683640947	1.05948100502085	2.02891874813493	0.707106781186548	1.15060009937439	1.80693109995927	1.15060009937439	1.16431310221950	1.15060009937439	1.28549601321824	2.10129400880739	1.43265487818944	1.15060009937439	0.750416550990182	1.15060009937439	0.950000000000000	2.16538160642374	1.34000932832574	2.12560009937439	0.602079728939615	2.28797753857349	1.31077267289183
0	1.68585412256314	1.35252078922981	0.952769256906871	0.619435923573538	1.48393343270772	1.15060009937439	0.820156211871642	0.486822878538309	1.30970673703508	0.976373403701749	0.878318648760539	0.544985315427206	0	1.04166666666667	0	0.957236081708762	0	1.00519215822909	0.950693909432999	0.617360576099665	0	0.609667795333400	0	1.17444888520399	1.01478150704935	0.681448173716017	0.975000000000000	0.641666666666667	1.13737743919910	0.804044105865765
0.320156211871642	2.17267700110145	0.933407735129724	1.43959213544518	0.715891053163818	1.97075631124603	1.29927864601863	1.30697909040995	0	1.79652961557339	1.00778221853732	1.36514152729885	0.642748006609122	0.486822878538309	0.656220237420334	0.486822878538309	0.950000000000000	0.486822878538309	0.958188394836840	1.43751678797131	0.134629120178363	0.486822878538309	0.728868986855663	0.486822878538309	1.16431310221950	1.50160438558766	0.492442890089805	1.46182287853831	0.752080447824566	1.62420031773741	0.566789202437732
0	1.68585412256314	1.35252078922981	0.952769256906871	0.619435923573538	1.48393343270772	1.15060009937439	0.820156211871642	0.486822878538309	1.30970673703508	0.976373403701749	0.878318648760539	0.544985315427206	0	1.04166666666667	0	0.957236081708762	0	1.00519215822909	0.950693909432999	0.617360576099665	0	0.609667795333400	0	1.17444888520399	1.01478150704935	0.681448173716017	0.975000000000000	0.641666666666667	1.13737743919910	0.804044105865765
0.809706737035082	2.66222752626489	1.94116588678042	1.92914266060862	1.02621878758869	2.46030683640947	1.05948100502085	1.79652961557339	1.00778221853732	2.28608014073683	0	1.85469205246229	0.986154146165801	0.976373403701749	1.09658560997307	0.976373403701749	0.134629120178363	0.976373403701749	0.254950975679639	1.92706731313475	1.07935165724615	0.976373403701749	0.450693909432999	0.976373403701749	1.64012194668567	1.99115491075110	0.638846616959032	1.95137340370175	1	2.11375084290085	1.44676362962303
0	1.68585412256314	1.35252078922981	0.952769256906871	0.619435923573538	1.48393343270772	1.15060009937439	0.820156211871642	0.486822878538309	1.30970673703508	0.976373403701749	0.878318648760539	0.544985315427206	0	1.04166666666667	0	0.957236081708762	0	1.00519215822909	0.950693909432999	0.617360576099665	0	0.609667795333400	0	1.17444888520399	1.01478150704935	0.681448173716017	0.975000000000000	0.641666666666667	1.13737743919910	0.804044105865765
0.378318648760539	2.23083943799035	1.31077267289183	1.49775457233408	0.0750000000000000	2.02891874813493	0.707106781186548	1.36514152729885	0.642748006609122	1.85469205246229	0.986154146165801	1.42330396418774	0	0.544985315427206	1.25099960031968	0.544985315427206	1.01519702521235	0.544985315427206	1.09658560997307	1.49567922486020	0.776208734813001	0.544985315427206	0.536772763839597	0.544985315427206	0.672681202353686	1.55976682247656	0.877852493303972	1.51998531542721	0.111803398874990	1.68236275462630	0.626996810199223
0	1.68585412256314	1.35252078922981	0.952769256906871	0.619435923573538	1.48393343270772	1.15060009937439	0.820156211871642	0.486822878538309	1.30970673703508	0.976373403701749	0.878318648760539	0.544985315427206	0	1.04166666666667	0	0.957236081708762	0	1.00519215822909	0.950693909432999	0.617360576099665	0	0.609667795333400	0	1.17444888520399	1.01478150704935	0.681448173716017	0.975000000000000	0.641666666666667	1.13737743919910	0.804044105865765
0.875000000000000	2.72752078922981	1.23110722522451	1.99443592357354	1.32594306061761	2.52560009937439	1.80693109995927	1.86182287853831	0.656220237420334	2.35137340370175	1.09658560997307	1.91998531542721	1.25099960031968	1.04166666666667	0	1.04166666666667	39.0512483795333	1.04166666666667	36.0555127546399	1.99236057609967	0.559016994374948	1.04166666666667	43.4626276242015	1.04166666666667	72.8010988928052	2.05644817371602	0.493077073082901	2.01666666666667	1.35000000000000	2.17904410586577	1.17924764150708
1.37500000000000	1.23110722522451	2.72752078922981	1.32594306061761	1.99443592357354	1.80693109995927	2.52560009937439	0.656220237420334	1.86182287853831	1.09658560997307	2.35137340370175	1.25099960031968	1.91998531542721	1.37500000000000	2.41666666666667	1.37500000000000	2.33223608170876	1.37500000000000	2.38019215822909	0.559016994374948	1.99236057609967	1.37500000000000	1.98466779533340	1.37500000000000	2.54944888520399	0.493077073082901	2.05644817371602	1.35000000000000	2.01666666666667	1.17924764150708	2.17904410586577
0.790569415042095	2.64309020427190	1.87916204729661	1.91000533861563	1.06301458127347	2.44116951441648	1.16431310221950	1.77739229358040	0.950000000000000	2.26694281874384	0.134629120178363	1.83555473046930	1.01519702521235	0.957236081708762	39.0512483795333	0.957236081708762	0	0.957236081708762	5	1.90792999114176	1.00778221853732	0.957236081708762	19.8494332412792	0.957236081708762	67.2681202353686	1.97201758875811	0.538516480713450	1.93223608170876	1.04313230225125	2.09461352090786	1.42521928137392
1.29056941504210	1.87916204729661	2.64309020427190	1.06301458127347	1.91000533861563	1.16431310221950	2.44116951441648	0.950000000000000	1.77739229358040	0.134629120178363	2.26694281874384	1.01519702521235	1.83555473046930	1.29056941504210	2.33223608170876	1.29056941504210	2.24780549675086	1.29056941504210	2.29576157327118	1.00778221853732	1.90792999114176	1.29056941504210	1.90023721037550	1.29056941504210	2.46501830024608	0.538516480713450	1.97201758875811	1.04313230225125	1.93223608170876	1.42521928137392	2.09461352090786
0.838525491562421	2.69104628079223	1.87500000000000	1.95796141513596	1.14918449345612	2.48912559093681	1.28549601321824	1.82534837010073	0.958188394836840	2.31489889526417	0.254950975679639	1.88351080698963	1.09658560997307	1.00519215822909	36.0555127546399	1.00519215822909	5	1.00519215822909	0	1.95588606766209	1	1.00519215822909	23.8537208837531	1.00519215822909	70.7106781186548	2.01997366527844	0.505593710403917	1.98019215822909	1.13357840487546	2.14256959742819	1.46308748883995
1.33852549156242	1.87500000000000	2.69104628079223	1.14918449345612	1.95796141513596	1.28549601321824	2.48912559093681	0.958188394836840	1.82534837010073	0.254950975679639	2.31489889526417	1.09658560997307	1.88351080698963	1.33852549156242	2.38019215822909	1.33852549156242	2.29576157327118	1.33852549156242	2.34371764979151	1	1.95588606766209	1.33852549156242	1.94819328689582	1.33852549156242	2.51297437676641	0.505593710403917	2.01997366527844	1.13357840487546	1.98019215822909	1.46308748883995	2.14256959742819
0.450693909432999	2.30321469866281	0.875000000000000	1.57012983300654	0.848896342317482	2.10129400880739	1.43265487818944	1.43751678797131	0.134629120178363	1.92706731313475	1.07935165724615	1.49567922486020	0.776208734813001	0.617360576099665	0.559016994374948	0.617360576099665	1.00778221853732	0.617360576099665	1	1.56805448553266	0	0.617360576099665	0.840014880820572	0.617360576099665	1.27475487839820	1.63214208314902	0.505593710403917	1.59236057609967	0.886002257333468	1.75473801529876	0.625000000000000
0	1.68585412256314	1.35252078922981	0.952769256906871	0.619435923573538	1.48393343270772	1.15060009937439	0.820156211871642	0.486822878538309	1.30970673703508	0.976373403701749	0.878318648760539	0.544985315427206	0	1.04166666666667	0	0.957236081708762	0	1.00519215822909	0.950693909432999	0.617360576099665	0	0.609667795333400	0	1.17444888520399	1.01478150704935	0.681448173716017	0.975000000000000	0.641666666666667	1.13737743919910	0.804044105865765
0.443001128666734	2.29552191789654	1.62864974749023	1.56243705224027	0.575543221661067	2.09360122804112	0.750416550990182	1.42982400720504	0.728868986855663	1.91937453236848	0.450693909432999	1.48798644409394	0.536772763839597	0.609667795333400	43.4626276242015	0.609667795333400	19.8494332412792	0.609667795333400	23.8537208837531	1.56036170476640	0.840014880820572	0.609667795333400	0	0.609667795333400	47.6340214552582	1.62444930238275	0.601040764008565	1.58466779533340	0.550567888638631	1.74704523453250	1.05000000000000
0.943001128666734	1.62864974749023	2.29552191789654	0.575543221661067	1.56243705224027	0.750416550990182	2.09360122804112	0.728868986855663	1.42982400720504	0.450693909432999	1.91937453236848	0.536772763839597	1.48798644409394	0.943001128666734	1.98466779533340	0.943001128666734	1.90023721037550	0.943001128666734	1.94819328689582	0.840014880820572	1.56036170476640	0.943001128666734	1.55266892400013	0.943001128666734	2.11745001387072	0.601040764008565	1.62444930238275	0.550567888638631	1.58466779533340	1.05000000000000	1.74704523453250
1.00778221853732	2.86030300776713	1.39754248593737	2.12721814211086	0.618970920156997	2.65838231791171	0.950000000000000	1.99460509707563	1.16431310221950	2.48415562223907	1.64012194668567	2.05276753396452	0.672681202353686	1.17444888520399	72.8010988928052	1.17444888520399	67.2681202353686	1.17444888520399	70.7106781186548	2.12514279463698	1.27475487839820	1.17444888520399	47.6340214552582	1.17444888520399	0	2.18923039225334	1.52253899785851	2.14944888520399	0.640312423743285	2.31182632440308	0.760345316287278
1.50778221853732	1.39754248593737	2.86030300776713	0.618970920156997	2.12721814211086	0.950000000000000	2.65838231791171	1.16431310221950	1.99460509707563	1.64012194668567	2.48415562223907	0.672681202353686	2.05276753396452	1.50778221853732	2.54944888520399	1.50778221853732	2.46501830024608	1.50778221853732	2.51297437676641	1.27475487839820	2.12514279463698	1.50778221853732	2.11745001387072	1.50778221853732	2.68223110374130	1.52253899785851	2.18923039225334	0.640312423743285	2.14944888520399	0.760345316287278	2.31182632440308
0.514781507049350	2.36730229627916	1.37704393539204	1.63421743062289	0.948683298050514	2.16538160642374	1.34000932832574	1.50160438558766	0.492442890089805	1.99115491075110	0.638846616959032	1.55976682247656	0.877852493303972	0.681448173716017	0.493077073082901	0.681448173716017	0.538516480713450	0.681448173716017	0.505593710403917	1.63214208314902	0.505593710403917	0.681448173716017	0.601040764008565	0.681448173716017	1.52253899785851	1.69622968076537	0	1.65644817371602	0.958188394836840	1.81882561291512	1.04701957956860
0	1.68585412256314	1.35252078922981	0.952769256906871	0.619435923573538	1.48393343270772	1.15060009937439	0.820156211871642	0.486822878538309	1.30970673703508	0.976373403701749	0.878318648760539	0.544985315427206	0	1.04166666666667	0	0.957236081708762	0	1.00519215822909	0.950693909432999	0.617360576099665	0	0.609667795333400	0	1.17444888520399	1.01478150704935	0.681448173716017	0.975000000000000	0.641666666666667	1.13737743919910	0.804044105865765
0.475000000000000	2.32752078922981	1.41000886522036	1.59443592357354	0.0559016994374948	2.12560009937439	0.602079728939615	1.46182287853831	0.752080447824566	1.95137340370175	1	1.51998531542721	0.111803398874990	0.641666666666667	1.35000000000000	0.641666666666667	1.04313230225125	0.641666666666667	1.13357840487546	1.59236057609967	0.886002257333468	0.641666666666667	0.550567888638631	0.641666666666667	0.640312423743285	1.65644817371602	0.958188394836840	1.61666666666667	0	1.77904410586577	0.716327439094720
0	1.68585412256314	1.35252078922981	0.952769256906871	0.619435923573538	1.48393343270772	1.15060009937439	0.820156211871642	0.486822878538309	1.30970673703508	0.976373403701749	0.878318648760539	0.544985315427206	0	1.04166666666667	0	0.957236081708762	0	1.00519215822909	0.950693909432999	0.617360576099665	0	0.609667795333400	0	1.17444888520399	1.01478150704935	0.681448173716017	0.975000000000000	0.641666666666667	1.13737743919910	0.804044105865765
0.637377439199098	2.48989822842891	0.707106781186548	1.75681336277264	0.660492240681145	2.28797753857349	1.31077267289183	1.62420031773741	0.566789202437732	2.11375084290085	1.44676362962303	1.68236275462630	0.626996810199223	0.804044105865765	1.17924764150708	0.804044105865765	1.42521928137392	0.804044105865765	1.46308748883995	1.75473801529876	0.625000000000000	0.804044105865765	1.05000000000000	0.804044105865765	0.760345316287278	1.81882561291512	1.04701957956860	1.77904410586577	0.716327439094720	1.94142154506486	0
0	1.68585412256314	1.35252078922981	0.952769256906871	0.619435923573538	1.48393343270772	1.15060009937439	0.820156211871642	0.486822878538309	1.30970673703508	0.976373403701749	0.878318648760539	0.544985315427206	0	1.04166666666667	0	0.957236081708762	0	1.00519215822909	0.950693909432999	0.617360576099665	0	0.609667795333400	0	1.17444888520399	1.01478150704935	0.681448173716017	0.975000000000000	0.641666666666667	1.13737743919910	0.804044105865765

4	2	4	0	0
5	2	4	0	0
6	2	4	0	0
7	2	4	0	0
8	2	4	0	0
9	2	4	0	0
2	10	1	0	1
2	11	1	0	1
2	12	1	0	1
13	2	4	0	0
2	14	1	0	1
2	15	1	0	1
16	2	4	0	0
17	2	4	0	0
18	2	4	0	0


3	4	3	0	1
3	5	3	0	1
3	6	3	0	1
3	7	3	0	1
3	8	3	0	1
3	9	3	0	1
10	3	2	0	0
11	3	2	0	0
12	3	2	0	0
3	13	3	0	1
14	3	2	0	0
15	3	2	0	0
3	16	3	0	1
3	17	3	0	1
3	18	3	0	1




linktime（task1）
0	1.18585412256314	0.452769256906871	0.983933432707722	0.320156211871642	0.809706737035082	0.378318648760539	0	0	0	0.450693909432999	0	0	0.514781507049350	0.475000000000000	0.637377439199098
0	1.35252078922981	0.619435923573538	1.15060009937439	0.486822878538309	0.976373403701749	0.544985315427206	0	0	0	0.617360576099665	0	0	0.681448173716017	0.641666666666667	0.804044105865765
0	1.35252078922981	0.619435923573538	1.15060009937439	0.486822878538309	0.976373403701749	0.544985315427206	0	0	0	0.617360576099665	0	0	0.681448173716017	0.641666666666667	0.804044105865765
0	1.35252078922981	0.619435923573538	1.15060009937439	0.486822878538309	0.976373403701749	0.544985315427206	0	0	0	0.617360576099665	0	0	0.681448173716017	0.641666666666667	0.804044105865765
0	1.35252078922981	0.619435923573538	1.15060009937439	0.486822878538309	0.976373403701749	0.544985315427206	0	0	0	0.617360576099665	0	0	0.681448173716017	0.641666666666667	0.804044105865765
0	1.35252078922981	0.619435923573538	1.15060009937439	0.486822878538309	0.976373403701749	0.544985315427206	0	0	0	0.617360576099665	0	0	0.681448173716017	0.641666666666667	0.804044105865765
0	1.35252078922981	0.619435923573538	1.15060009937439	0.486822878538309	0.976373403701749	0.544985315427206	0	0	0	0.617360576099665	0	0	0.681448173716017	0.641666666666667	0.804044105865765
0.875000000000000	1.23110722522451	1.32594306061761	1.80693109995927	0.656220237420334	1.09658560997307	1.25099960031968	1.04166666666667	1.04166666666667	1.04166666666667	0.559016994374948	1.04166666666667	1.04166666666667	0.493077073082901	1.35000000000000	1.17924764150708
0.790569415042095	1.87916204729661	1.06301458127347	1.16431310221950	0.950000000000000	0.134629120178363	1.01519702521235	0.957236081708762	0.957236081708762	0.957236081708762	1.00778221853732	0.957236081708762	0.957236081708762	0.538516480713450	1.04313230225125	1.42521928137392
0.838525491562421	1.87500000000000	1.14918449345612	1.28549601321824	0.958188394836840	0.254950975679639	1.09658560997307	1.00519215822909	1.00519215822909	1.00519215822909	1	1.00519215822909	1.00519215822909	0.505593710403917	1.13357840487546	1.46308748883995
0	1.35252078922981	0.619435923573538	1.15060009937439	0.486822878538309	0.976373403701749	0.544985315427206	0	0	0	0.617360576099665	0	0	0.681448173716017	0.641666666666667	0.804044105865765
0.443001128666734	1.62864974749023	0.575543221661067	0.750416550990182	0.728868986855663	0.450693909432999	0.536772763839597	0.609667795333400	0.609667795333400	0.609667795333400	0.840014880820572	0.609667795333400	0.609667795333400	0.601040764008565	0.550567888638631	1.05000000000000
1.00778221853732	1.39754248593737	0.618970920156997	0.950000000000000	1.16431310221950	1.64012194668567	0.672681202353686	1.17444888520399	1.17444888520399	1.17444888520399	1.27475487839820	1.17444888520399	1.17444888520399	1.52253899785851	0.640312423743285	0.760345316287278
0	1.35252078922981	0.619435923573538	1.15060009937439	0.486822878538309	0.976373403701749	0.544985315427206	0	0	0	0.617360576099665	0	0	0.681448173716017	0.641666666666667	0.804044105865765
0	1.35252078922981	0.619435923573538	1.15060009937439	0.486822878538309	0.976373403701749	0.544985315427206	0	0	0	0.617360576099665	0	0	0.681448173716017	0.641666666666667	0.804044105865765
0	1.35252078922981	0.619435923573538	1.15060009937439	0.486822878538309	0.976373403701749	0.544985315427206	0	0	0	0.617360576099665	0	0	0.681448173716017	0.641666666666667	0.804044105865765


linktime（task2）
0	1.68585412256314	0.952769256906871	1.48393343270772	0.820156211871642	1.30970673703508	0.878318648760539	0.875000000000000	0.790569415042095	0.838525491562421	0.950693909432999	0.443001128666734	1.00778221853732	1.01478150704935	0.975000000000000	1.13737743919910
1.18585412256314	3.03837491179295	2.30529004613668	2.83645422193753	2.17267700110145	2.66222752626489	2.23083943799035	1.23110722522451	1.87916204729661	1.87500000000000	2.30321469866281	1.62864974749023	1.39754248593737	2.36730229627916	2.32752078922981	2.48989822842891
0.452769256906871	2.30529004613668	1.57220518048041	2.10336935628126	1.43959213544518	1.92914266060862	1.49775457233408	1.32594306061761	1.06301458127347	1.14918449345612	1.57012983300654	0.575543221661067	0.618970920156997	1.63421743062289	1.59443592357354	1.75681336277264
0.983933432707722	2.83645422193753	2.10336935628126	2.63453353208211	1.97075631124603	2.46030683640947	2.02891874813493	1.80693109995927	1.16431310221950	1.28549601321824	2.10129400880739	0.750416550990182	0.950000000000000	2.16538160642374	2.12560009937439	2.28797753857349
0.320156211871642	2.17267700110145	1.43959213544518	1.97075631124603	1.30697909040995	1.79652961557339	1.36514152729885	0.656220237420334	0.950000000000000	0.958188394836840	1.43751678797131	0.728868986855663	1.16431310221950	1.50160438558766	1.46182287853831	1.62420031773741
0.809706737035082	2.66222752626489	1.92914266060862	2.46030683640947	1.79652961557339	2.28608014073683	1.85469205246229	1.09658560997307	0.134629120178363	0.254950975679639	1.92706731313475	0.450693909432999	1.64012194668567	1.99115491075110	1.95137340370175	2.11375084290085
0.378318648760539	2.23083943799035	1.49775457233408	2.02891874813493	1.36514152729885	1.85469205246229	1.42330396418774	1.25099960031968	1.01519702521235	1.09658560997307	1.49567922486020	0.536772763839597	0.672681202353686	1.55976682247656	1.51998531542721	1.68236275462630
1.37500000000000	1.23110722522451	1.32594306061761	1.80693109995927	0.656220237420334	1.09658560997307	1.25099960031968	2.41666666666667	2.33223608170876	2.38019215822909	0.559016994374948	1.98466779533340	2.54944888520399	0.493077073082901	1.35000000000000	1.17924764150708
1.29056941504210	1.87916204729661	1.06301458127347	1.16431310221950	0.950000000000000	0.134629120178363	1.01519702521235	2.33223608170876	2.24780549675086	2.29576157327118	1.00778221853732	1.90023721037550	2.46501830024608	0.538516480713450	1.04313230225125	1.42521928137392
1.33852549156242	1.87500000000000	1.14918449345612	1.28549601321824	0.958188394836840	0.254950975679639	1.09658560997307	2.38019215822909	2.29576157327118	2.34371764979151	1	1.94819328689582	2.51297437676641	0.505593710403917	1.13357840487546	1.46308748883995
0.450693909432999	2.30321469866281	1.57012983300654	2.10129400880739	1.43751678797131	1.92706731313475	1.49567922486020	0.559016994374948	1.00778221853732	1	1.56805448553266	0.840014880820572	1.27475487839820	1.63214208314902	1.59236057609967	1.75473801529876
0.943001128666734	1.62864974749023	0.575543221661067	0.750416550990182	0.728868986855663	0.450693909432999	0.536772763839597	1.98466779533340	1.90023721037550	1.94819328689582	0.840014880820572	1.55266892400013	2.11745001387072	0.601040764008565	0.550567888638631	1.05000000000000
1.50778221853732	1.39754248593737	0.618970920156997	0.950000000000000	1.16431310221950	1.64012194668567	0.672681202353686	2.54944888520399	2.46501830024608	2.51297437676641	1.27475487839820	2.11745001387072	2.68223110374130	1.52253899785851	0.640312423743285	0.760345316287278
0.514781507049350	2.36730229627916	1.63421743062289	2.16538160642374	1.50160438558766	1.99115491075110	1.55976682247656	0.493077073082901	0.538516480713450	0.505593710403917	1.63214208314902	0.601040764008565	1.52253899785851	1.69622968076537	1.65644817371602	1.81882561291512
0.475000000000000	2.32752078922981	1.59443592357354	2.12560009937439	1.46182287853831	1.95137340370175	1.51998531542721	1.35000000000000	1.04313230225125	1.13357840487546	1.59236057609967	0.550567888638631	0.640312423743285	1.65644817371602	1.61666666666667	1.77904410586577
0.637377439199098	2.48989822842891	1.75681336277264	2.28797753857349	1.62420031773741	2.11375084290085	1.68236275462630	1.17924764150708	1.42521928137392	1.46308748883995	1.75473801529876	1.05000000000000	0.760345316287278	1.81882561291512	1.77904410586577	1.94142154506486


tasktime（1）
0
1.85252078922981
1.11943592357354
1.65060009937439
0.986822878538309
1.47637340370175
1.04498531542721
1.54166666666667
1.45723608170876
1.50519215822909
1.11736057609967
1.10966779533340
1.67444888520399
1.18144817371602
1.14166666666667
1.30404410586576


tasktime（2）
0
0.166666666666667
0.166666666666667
0.166666666666667
0.166666666666667
0.166666666666667
0.166666666666667
0.166666666666667
0.166666666666667
0.166666666666667
0.166666666666667
0.166666666666667
0.166666666666667
0.166666666666667
0.166666666666667
0.166666666666667
