最优解为:955.2746
最优解路径:

Best_route =

     0     0     0     0     0     0     0     0     0     0     0     0     0     0     0     0     0     0     0     0     0
    13     4     9    10    14     8    19    20     2     0     0     0     0     0     0     0     0     0     0     0     0
     3     7     5    11    12    17    18     1    15    16     6     0     0     0     0     0     0     0     0     0     0

本次运算用时:12.139秒
算法在第4代时收敛

best
1010.52209145846
1007.05940593323
1007.05940593323
955.274592924268
955.274592924268
955.274592924268
955.274592924268
955.274592924268
955.274592924268
955.274592924268
955.274592924268
955.274592924268
955.274592924268
955.274592924268
955.274592924268
955.274592924268
955.274592924268
955.274592924268
955.274592924268
955.274592924268
955.274592924268
955.274592924268
955.274592924268
955.274592924268
955.274592924268
955.274592924268
955.274592924268
955.274592924268
955.274592924268
955.274592924268
955.274592924268
955.274592924268
955.274592924268
955.274592924268
955.274592924268
955.274592924268
955.274592924268
955.274592924268
955.274592924268
955.274592924268
955.274592924268
955.274592924268
955.274592924268
955.274592924268
955.274592924268
955.274592924268
955.274592924268
955.274592924268
955.274592924268
955.274592924268
955.274592924268
955.274592924268
955.274592924268
955.274592924268
955.274592924268
955.274592924268
955.274592924268
955.274592924268
955.274592924268
955.274592924268
955.274592924268
955.274592924268
955.274592924268
955.274592924268
955.274592924268
955.274592924268
955.274592924268
955.274592924268
955.274592924268
955.274592924268
955.274592924268
955.274592924268
955.274592924268
955.274592924268
955.274592924268
955.274592924268
955.274592924268
955.274592924268
955.274592924268
955.274592924268
955.274592924268
955.274592924268
955.274592924268
955.274592924268
955.274592924268
955.274592924268
955.274592924268
955.274592924268
955.274592924268
955.274592924268
955.274592924268
955.274592924268
955.274592924268
955.274592924268
955.274592924268
955.274592924268
955.274592924268
955.274592924268
955.274592924268
955.274592924268
955.274592924268
955.274592924268
955.274592924268
955.274592924268
955.274592924268
955.274592924268
955.274592924268
955.274592924268
955.274592924268
955.274592924268
955.274592924268
955.274592924268
955.274592924268
955.274592924268
955.274592924268
955.274592924268
955.274592924268
955.274592924268
955.274592924268
955.274592924268
955.274592924268
955.274592924268
955.274592924268
955.274592924268
955.274592924268
955.274592924268
955.274592924268
955.274592924268
955.274592924268
955.274592924268
955.274592924268
955.274592924268
955.274592924268
955.274592924268
955.274592924268
955.274592924268
955.274592924268
955.274592924268
955.274592924268
955.274592924268
955.274592924268
955.274592924268
955.274592924268
955.274592924268
955.274592924268
955.274592924268
955.274592924268
955.274592924268
955.274592924268
955.274592924268
955.274592924268
955.274592924268
955.274592924268
955.274592924268
955.274592924268
955.274592924268
955.274592924268
955.274592924268
955.274592924268
955.274592924268
955.274592924268
955.274592924268
955.274592924268
955.274592924268
955.274592924268
955.274592924268
955.274592924268
955.274592924268
955.274592924268
955.274592924268
955.274592924268
955.274592924268
955.274592924268
955.274592924268
955.274592924268
955.274592924268
955.274592924268
955.274592924268
955.274592924268
955.274592924268
955.274592924268
955.274592924268
955.274592924268
955.274592924268
955.274592924268
955.274592924268
955.274592924268
955.274592924268
955.274592924268
955.274592924268
955.274592924268
955.274592924268
955.274592924268
955.274592924268
955.274592924268
955.274592924268
955.274592924268
955.274592924268
955.274592924268
955.274592924268

ave
1712.20631088244
1670.25716673495
1804.15293683892
1665.55676097426
1631.63008067774
1751.53770095975
1737.35688358619
1642.54542167284
1554.19114828038
1689.25885991792
1687.56567361144
1741.38577539424
1723.44126312995
1754.23483944332
1735.25845877434
1597.60997977540
1639.74571919596
1511.86161559902
1699.15081612203
1670.46319209546
1681.67257191901
1702.43519405482
1729.07298384814
1749.49358197353
1855.66721071195
1743.00918263470
1795.65300600108
1738.47795539692
1784.84502568109
1688.03776964245
1558.22898907602
1491.36186034585
1598.77597124807
1513.08694698075
1479.44746597981
1419.71851471735
1437.30087268666
1337.00466217701
1284.98001664492
1224.44544351579
1558.77333863168
1339.05994705494
1305.10906068732
1159.81185443947
1197.80102486506
1347.85137193086
1155.54338486560
1245.52891839461
1304.74383516727
1104.41859635614
1250.41896866237
1284.48528401514
1342.23649384987
1406.48349805396
1308.96625467586
1116.30228816891
1247.52161164555
1096.52454404654
1291.30029541464
1232.40938286970
1201.01357288687
1183.06298553754
1288.82853100425
1182.11396808616
1475.63089373874
1197.39850059428
1104.39490394432
1231.53613413750
1260.21162593078
1178.26352605169
1152.23475421380
1130.86422065826
1079.63463529731
1106.94577050593
1105.01357958994
1072.76102089223
1102.05501357604
1258.14298225042
1117.79536271705
1133.71031656729
1139.00841240515
1174.54138695121
1052.05906282438
1140.08952329556
1171.29560016353
1228.52034987183
1078.05551272622
1153.49386799963
1189.63872101101
1111.74346620141
1103.58699583624
1105.81978277922
1259.57473150454
1096.82409556481
1134.18657747220
1231.47484984387
1161.74340542755
1200.28776536010
1260.82625470268
1075.49574049122
1196.99595771741
1077.31459784551
1096.18312928233
1175.48737609264
1092.17143700983
1240.78048734640
1239.45873831616
1125.18545933663
1061.60539975165
1068.42757418114
1062.24393364117
1279.71725672717
1247.25948517944
1197.88471234680
1135.57353627760
1176.33068045009
1182.99646458802
1100.22257587070
1218.19144595900
1136.47251699264
1279.94593798413
1232.11400342393
1255.53273044037
1082.88195478947
1180.59850996313
1192.77429148252
1084.42210134913
1316.03307806209
1363.02934654112
1166.16284418527
1094.69914732459
1195.35842581678
1019.31729869742
1080.09676664617
1127.35388411502
1115.29192913054
1104.52099591180
1088.94122963854
1277.18800314847
1180.55578170005
1208.96908462871
1093.16447603680
1157.29388087799
1058.80152244403
1118.07030725039
1209.60446606056
1236.58098304716
1060.28640968330
1055.37823857760
1153.64987568288
1059.33922609043
1255.37012314976
1077.20857657960
1177.07991567292
1190.39431169875
1259.46231655624
1206.96943346896
1228.87534865128
1041.12141504662
1109.76126335916
1135.91654803402
1042.22734405939
1111.09139166888
1070.91324110699
1262.08211734457
1181.46586931978
1138.65331369548
1225.03631557291
1217.87374673028
1187.28854900236
1206.86438953316
1134.68875786944
1263.54648273551
1140.67674957719
1169.51355328020
1130.91118411580
1174.65208310003
1351.70837852406
1146.46354847461
1116.74071292630
1306.56948082554
1120.46925717442
1078.62326150195
1203.71911770227
1346.68242796348
1249.62341533526
1161.36899926061
1101.28262318555
1135.96259630200
1229.59986617359
1048.57642706596
1131.10889362863
1144.64250140400
1197.80599535514
1038.81427350748
1130.69891428836
1215.39462444302
1345.73994495544
1129.77272636845
1308.50021028067