最优解为:1129.815
最优解路径:

Best_route =

     5     6     7     8    17    18     1     2    11     0     0     0     0     0     0     0     0     0     0     0     0
     9    10    13    14    15    16    19    20    12     3     4     0     0     0     0     0     0     0     0     0     0

本次运算用时:10.187秒
算法在第10代时收敛

best
1183.73070575266
1183.73070575266
1183.18099969362
1183.18099969362
1183.18099969362
1143.22782357387
1143.22782357387
1143.22782357387
1143.22782357387
1129.81500280811
1129.81500280811
1129.81500280811
1129.81500280811
1129.81500280811
1129.81500280811
1129.81500280811
1129.81500280811
1129.81500280811
1129.81500280811
1129.81500280811
1129.81500280811
1129.81500280811
1129.81500280811
1129.81500280811
1129.81500280811
1129.81500280811
1129.81500280811
1129.81500280811
1129.81500280811
1129.81500280811
1129.81500280811
1129.81500280811
1129.81500280811
1129.81500280811
1129.81500280811
1129.81500280811
1129.81500280811
1129.81500280811
1129.81500280811
1129.81500280811
1129.81500280811
1129.81500280811
1129.81500280811
1129.81500280811
1129.81500280811
1129.81500280811
1129.81500280811
1129.81500280811
1129.81500280811
1129.81500280811
1129.81500280811
1129.81500280811
1129.81500280811
1129.81500280811
1129.81500280811
1129.81500280811
1129.81500280811
1129.81500280811
1129.81500280811
1129.81500280811
1129.81500280811
1129.81500280811
1129.81500280811
1129.81500280811
1129.81500280811
1129.81500280811
1129.81500280811
1129.81500280811
1129.81500280811
1129.81500280811
1129.81500280811
1129.81500280811
1129.81500280811
1129.81500280811
1129.81500280811
1129.81500280811
1129.81500280811
1129.81500280811
1129.81500280811
1129.81500280811
1129.81500280811
1129.81500280811
1129.81500280811
1129.81500280811
1129.81500280811
1129.81500280811
1129.81500280811
1129.81500280811
1129.81500280811
1129.81500280811
1129.81500280811
1129.81500280811
1129.81500280811
1129.81500280811
1129.81500280811
1129.81500280811
1129.81500280811
1129.81500280811
1129.81500280811
1129.81500280811
1129.81500280811
1129.81500280811
1129.81500280811
1129.81500280811
1129.81500280811
1129.81500280811
1129.81500280811
1129.81500280811
1129.81500280811
1129.81500280811
1129.81500280811
1129.81500280811
1129.81500280811
1129.81500280811
1129.81500280811
1129.81500280811
1129.81500280811
1129.81500280811
1129.81500280811
1129.81500280811
1129.81500280811
1129.81500280811
1129.81500280811
1129.81500280811
1129.81500280811
1129.81500280811
1129.81500280811
1129.81500280811
1129.81500280811
1129.81500280811
1129.81500280811
1129.81500280811
1129.81500280811
1129.81500280811
1129.81500280811
1129.81500280811
1129.81500280811
1129.81500280811
1129.81500280811
1129.81500280811
1129.81500280811
1129.81500280811
1129.81500280811
1129.81500280811
1129.81500280811
1129.81500280811
1129.81500280811
1129.81500280811
1129.81500280811
1129.81500280811
1129.81500280811
1129.81500280811
1129.81500280811
1129.81500280811
1129.81500280811
1129.81500280811
1129.81500280811
1129.81500280811
1129.81500280811
1129.81500280811
1129.81500280811
1129.81500280811
1129.81500280811
1129.81500280811
1129.81500280811
1129.81500280811
1129.81500280811
1129.81500280811
1129.81500280811
1129.81500280811
1129.81500280811
1129.81500280811
1129.81500280811
1129.81500280811
1129.81500280811
1129.81500280811
1129.81500280811
1129.81500280811
1129.81500280811
1129.81500280811
1129.81500280811
1129.81500280811
1129.81500280811
1129.81500280811
1129.81500280811
1129.81500280811
1129.81500280811
1129.81500280811
1129.81500280811
1129.81500280811
1129.81500280811
1129.81500280811
1129.81500280811
1129.81500280811
1129.81500280811
1129.81500280811
1129.81500280811
1129.81500280811
1129.81500280811
1129.81500280811

ave
1232.24773051657
1242.19237074220
1257.52288744169
1199.38090213073
1283.96634883112
1218.31648201539
1249.80494962940
1231.20715570106
1221.05932371154
1264.85580029679
1263.69401773877
1245.58327841799
1213.54745350990
1256.61466325504
1254.61634758487
1203.80457457204
1247.33005691648
1231.80835579884
1256.20658838585
1219.79483734499
1214.44250759153
1199.32648084980
1261.89950496862
1239.46922412004
1243.14022942712
1221.58779863708
1245.79499258075
1209.73652979219
1269.84307316155
1193.88402149130
1223.37383199243
1259.53673771493
1232.25984916627
1219.27865998300
1235.11680383343
1254.47734554060
1236.64192914774
1252.29929704692
1176.19329803293
1256.04151408378
1194.07981832641
1244.75068321776
1195.43978197208
1254.91845619709
1190.14627757296
1207.51969262057
1244.61509210456
1234.23868174536
1193.71014390353
1219.99183163452
1186.39316538872
1155.84280710973
1228.92382846665
1167.21473464092
1168.11831101988
1177.00644764455
1177.76489938141
1184.40957099302
1222.32222583042
1186.58076010205
1164.66140353419
1180.49577358098
1180.24922883557
1194.49739768056
1201.18137682891
1164.80587599707
1189.21948770545
1191.17109952148
1205.77527898455
1159.04567449634
1184.20302736439
1175.20925039836
1179.40387301438
1183.56118033401
1201.44743853600
1167.29238623746
1179.76189231172
1210.03091833243
1163.64338546779
1173.03616255760
1196.32584917354
1184.97434014681
1258.36394326712
1204.91456762243
1223.75840622354
1201.53763817805
1167.18617013407
1215.68400468162
1168.67981649038
1224.30510820534
1196.31486452483
1256.21116284873
1202.30698614562
1171.12677486469
1177.28370810199
1176.40247722618
1199.84436862186
1186.57363599209
1209.13950037896
1216.99047062451
1172.51834866412
1207.86285570361
1192.29219583337
1198.41967340720
1219.51062410731
1173.10566170282
1189.73289579142
1158.64001860123
1139.25484326889
1209.09607299830
1215.84590770837
1177.98901650703
1203.44713916163
1163.22010435810
1197.22295640118
1169.02243526824
1179.97462440820
1190.52296871679
1179.77747866050
1186.19707404748
1212.07623509325
1212.32973398240
1182.16836806857
1192.86494993202
1176.85437633370
1208.68914543644
1183.92646781669
1214.66807821982
1170.71604879179
1154.81443195926
1183.11776319518
1235.75234541958
1203.28451033092
1207.20235455460
1153.84942577781
1178.01985463714
1179.27449896960
1211.72935969148
1160.10749125268
1152.16159008709
1204.93871160535
1180.07103882954
1211.24900383690
1171.81072553124
1174.67940093556
1202.68931898020
1181.53116432993
1196.53185925664
1245.40811978020
1192.29515252426
1182.34046357143
1201.77510505428
1174.76661371667
1173.57162035143
1184.15183741861
1180.79077239870
1192.65063996616
1195.91923929424
1164.57255730379
1205.03103680035
1204.90524800406
1163.93193714890
1185.02439803553
1163.40049152230
1236.25069654607
1220.01533924765
1217.27374863825
1256.63193464048
1168.67951561948
1200.97476399503
1168.75442355524
1188.33524134508
1191.59648561230
1196.85722030322
1148.78801007464
1188.45370867390
1214.36376451311
1249.81946157233
1228.31296367043
1176.18369328172
1236.21073116693
1215.95288113201
1184.84014496995
1208.07043582343
1182.81599812683
1207.84487939965
1192.90212738974
1190.29149973418
1197.83857224192
1177.15781200301
1193.25420293263
1242.68597418639
1156.47237623968
1159.67577290917
1205.25741603592
1219.15197378637
1203.52380789819
1187.92729350059
1170.26689210940
1192.93394081745