实验环境：
VeiNum = 2
Q_ant = 150
AntNum = 20 
iter_max = 200
抽取的客户节点编号为

Cus_select =

     7    79    93    89     6    73    27    36

各任务对应的的客户节点编号为

Task_Cus =

     7    79    93    89     6    73    27    36

cus
40	50
40	50
40	50
15	75
6	68
61	52
67	5
18	75
2	60
95	35
65	85

task
3	4	3	0	1
4	2	4	1	0
2	5	1	0	1
5	3	2	3	0
2	6	1	0	1
6	3	2	5	0
2	7	1	0	1
7	3	2	7	0
3	8	3	0	1
8	2	4	9	0
2	9	1	0	1
9	3	2	11	0
3	10	3	0	1
10	2	4	13	0
3	11	3	0	1
11	2	4	15	0

linktime
0	1.38388347648318	0.883883476483184	0	0.961769203083567	0	0.527375577743225	0	1.31196417634019	1.33254129026734	0.832541290267336	0	0.982344135219425	1.92521928137392	1.42521928137392	1.57529065838033	1.07529065838033
0.883883476483184	2.43443361963304	0	1.05055014314985	0.285043856274785	1.05055014314985	1.28573908706238	1.05055014314985	2.18002293565916	2.38309143341719	0.0750000000000000	1.05055014314985	0.496235831031980	2.97576942452377	2.23606797749979	2.62584080153018	1.27475487839820
0	1.38388347648318	1.05055014314985	0	1.12843586975023	0	0.694042244409891	0	1.47863084300686	1.33254129026734	0.999207956934002	0	1.14901080188609	1.92521928137392	1.59188594804059	1.57529065838033	1.24195732504700
0.961769203083567	2.51231934623342	0.285043856274785	1.12843586975023	0	1.12843586975023	57.2800139664787	1.12843586975023	87.6926450735750	2.46097716001757	0.347311099736245	1.12843586975023	8.94427190999916	3.05365515112416	2.37302549501686	2.70372652813056	1.53500814330088
1.46176920308357	0.285043856274785	2.51231934623342	1.46176920308357	2.59020507283380	1.46176920308357	2.15581144749346	1.46176920308357	2.94040004609043	0.347311099736245	2.46097716001757	1.46176920308357	2.61078000496966	2.37302549501686	3.05365515112416	1.53500814330088	2.70372652813056
0.527375577743225	2.07792572089308	1.28573908706238	0.694042244409891	57.2800139664787	0.694042244409891	0	0.694042244409891	47.3814309619285	2.02658353467723	1.21911853402366	0.694042244409891	59.5399025864168	2.61926152578381	0.950328890437411	2.26933290279022	0.831038506929733
1.02737557774322	1.28573908706238	2.07792572089308	1.02737557774322	2.15581144749346	1.02737557774322	1.72141782215312	1.02737557774322	2.50600642075008	1.21911853402366	2.02658353467723	1.02737557774322	2.17638637962932	0.950328890437411	2.61926152578381	0.831038506929733	2.26933290279022
1.31196417634019	2.86251431949004	2.18002293565916	1.47863084300686	87.6926450735750	1.47863084300686	47.3814309619285	1.47863084300686	0	2.81117213327420	2.13614723275340	1.47863084300686	85.1469318296320	3.40385012438078	1.02591422643416	3.05392150138719	2.00062490237426
1.81196417634019	2.18002293565916	2.86251431949004	1.81196417634019	2.94040004609043	1.81196417634019	2.50600642075008	1.81196417634019	3.29059501934705	2.13614723275340	2.81117213327420	1.81196417634019	2.96097497822628	1.02591422643416	3.40385012438078	2.00062490237426	3.05392150138719
0.832541290267336	2.38309143341719	0.0750000000000000	0.999207956934002	0.347311099736245	0.999207956934002	1.21911853402366	0.999207956934002	2.13614723275340	2.33174924720134	0	0.999207956934002	0.548292804986533	2.92442723830793	2.16924526045351	2.57449861531433	1.20130137767340
0	1.38388347648318	1.05055014314985	0	1.12843586975023	0	0.694042244409891	0	1.47863084300686	1.33254129026734	0.999207956934002	0	1.14901080188609	1.92521928137392	1.59188594804059	1.57529065838033	1.24195732504700
0.982344135219425	2.53289427836928	0.496235831031980	1.14901080188609	8.94427190999916	1.14901080188609	59.5399025864168	1.14901080188609	85.1469318296320	2.48155209215343	0.548292804986533	1.14901080188609	0	3.07423008326001	2.40754023850070	2.72430146026642	1.69447632028305
1.48234413521942	0.496235831031980	2.53289427836928	1.48234413521942	2.61078000496966	1.48234413521942	2.17638637962932	1.48234413521942	2.96097497822628	0.548292804986533	2.48155209215343	1.48234413521942	2.63135493710552	2.40754023850070	3.07423008326001	1.69447632028305	2.72430146026642
1.42521928137392	2.97576942452377	2.23606797749979	1.59188594804059	2.37302549501686	1.59188594804059	0.950328890437411	1.59188594804059	1.02591422643416	2.92442723830793	2.16924526045351	1.59188594804059	2.40754023850070	3.51710522941451	0	3.16717660642092	1.45773797371133
0	1.38388347648318	1.05055014314985	0	1.12843586975023	0	0.694042244409891	0	1.47863084300686	1.33254129026734	0.999207956934002	0	1.14901080188609	1.92521928137392	1.59188594804059	1.57529065838033	1.24195732504700
1.07529065838033	2.62584080153018	1.27475487839820	1.24195732504700	1.53500814330088	1.24195732504700	0.831038506929733	1.24195732504700	2.00062490237426	2.57449861531433	1.20130137767340	1.24195732504700	1.69447632028305	3.16717660642092	1.45773797371133	2.81724798342732	0
0	1.38388347648318	1.05055014314985	0	1.12843586975023	0	0.694042244409891	0	1.47863084300686	1.33254129026734	0.999207956934002	0	1.14901080188609	1.92521928137392	1.59188594804059	1.57529065838033	1.24195732504700

tasktime
0
0.166666666666667
1.55055014314985
1.62843586975023
0.166666666666667
1.19404224440989
0.166666666666667
1.97863084300686
0.166666666666667
0.166666666666667
1.49920795693400
1.64901080188609
0.166666666666667
0.166666666666667
2.09188594804059
0.166666666666667
1.74195732504700


1
4	2	4	0	0
2	5	1	0	1
2	6	1	0	1
2	7	1	0	1
8	2	4	0	0
2	9	1	0	1
10	2	4	0	0
11	2	4	0	0

2
3	4	3	0	1
5	3	2	0	0
6	3	2	0	0
7	3	2	0	0
3	8	3	0	1
9	3	2	0	0
3	10	3	0	1
3	11	3	0	1


linktime1
0	0.883883476483184	0	0	0	0.832541290267336	0	1.42521928137392	1.07529065838033
0	1.05055014314985	0	0	0	0.999207956934002	0	1.59188594804059	1.24195732504700
0.961769203083567	0.285043856274785	1.12843586975023	1.12843586975023	1.12843586975023	0.347311099736245	1.12843586975023	2.37302549501686	1.53500814330088
0.527375577743225	1.28573908706238	0.694042244409891	0.694042244409891	0.694042244409891	1.21911853402366	0.694042244409891	0.950328890437411	0.831038506929733
1.31196417634019	2.18002293565916	1.47863084300686	1.47863084300686	1.47863084300686	2.13614723275340	1.47863084300686	1.02591422643416	2.00062490237426
0	1.05055014314985	0	0	0	0.999207956934002	0	1.59188594804059	1.24195732504700
0.982344135219425	0.496235831031980	1.14901080188609	1.14901080188609	1.14901080188609	0.548292804986533	1.14901080188609	2.40754023850070	1.69447632028305
0	1.05055014314985	0	0	0	0.999207956934002	0	1.59188594804059	1.24195732504700
0	1.05055014314985	0	0	0	0.999207956934002	0	1.59188594804059	1.24195732504700

tasktime1
0
1.55055014314985
1.62843586975023
1.19404224440989
1.97863084300686
1.49920795693400
1.64901080188609
2.09188594804059
1.74195732504700

linktime2
0	1.38388347648318	0.961769203083567	0.527375577743225	1.31196417634019	1.33254129026734	0.982344135219425	1.92521928137392	1.57529065838033
0.883883476483184	2.43443361963304	0.285043856274785	1.28573908706238	2.18002293565916	2.38309143341719	0.496235831031980	2.97576942452377	2.62584080153018
1.46176920308357	0.285043856274785	2.59020507283380	2.15581144749346	2.94040004609043	0.347311099736245	2.61078000496966	2.37302549501686	1.53500814330088
1.02737557774322	1.28573908706238	2.15581144749346	1.72141782215312	2.50600642075008	1.21911853402366	2.17638637962932	0.950328890437411	0.831038506929733
1.81196417634019	2.18002293565916	2.94040004609043	2.50600642075008	3.29059501934705	2.13614723275340	2.96097497822628	1.02591422643416	2.00062490237426
0.832541290267336	2.38309143341719	0.347311099736245	1.21911853402366	2.13614723275340	2.33174924720134	0.548292804986533	2.92442723830793	2.57449861531433
1.48234413521942	0.496235831031980	2.61078000496966	2.17638637962932	2.96097497822628	0.548292804986533	2.63135493710552	2.40754023850070	1.69447632028305
1.42521928137392	2.97576942452377	2.37302549501686	0.950328890437411	1.02591422643416	2.92442723830793	2.40754023850070	3.51710522941451	3.16717660642092
1.07529065838033	2.62584080153018	1.53500814330088	0.831038506929733	2.00062490237426	2.57449861531433	1.69447632028305	3.16717660642092	2.81724798342732

tasktime2
0
0.166666666666667
