最优解为:540.2044
最优解路径:

Best_route =

     5     6     1     2     3     4     7     8     0
     0     0     0     0     0     0     0     0     0

本次运算用时:2.234秒
算法在第5代时收敛

best
541.047183937605
541.047183937605
541.047183937605
541.047183937605
540.204374124698
540.204374124698
540.204374124698
540.204374124698
540.204374124698
540.204374124698
540.204374124698
540.204374124698
540.204374124698
540.204374124698
540.204374124698
540.204374124698
540.204374124698
540.204374124698
540.204374124698
540.204374124698
540.204374124698
540.204374124698
540.204374124698
540.204374124698
540.204374124698
540.204374124698
540.204374124698
540.204374124698
540.204374124698
540.204374124698
540.204374124698
540.204374124698
540.204374124698
540.204374124698
540.204374124698
540.204374124698
540.204374124698
540.204374124698
540.204374124698
540.204374124698
540.204374124698
540.204374124698
540.204374124698
540.204374124698
540.204374124698
540.204374124698
540.204374124698
540.204374124698
540.204374124698
540.204374124698
540.204374124698
540.204374124698
540.204374124698
540.204374124698
540.204374124698
540.204374124698
540.204374124698
540.204374124698
540.204374124698
540.204374124698
540.204374124698
540.204374124698
540.204374124698
540.204374124698
540.204374124698
540.204374124698
540.204374124698
540.204374124698
540.204374124698
540.204374124698
540.204374124698
540.204374124698
540.204374124698
540.204374124698
540.204374124698
540.204374124698
540.204374124698
540.204374124698
540.204374124698
540.204374124698
540.204374124698
540.204374124698
540.204374124698
540.204374124698
540.204374124698
540.204374124698
540.204374124698
540.204374124698
540.204374124698
540.204374124698
540.204374124698
540.204374124698
540.204374124698
540.204374124698
540.204374124698
540.204374124698
540.204374124698
540.204374124698
540.204374124698
540.204374124698

ave
612.266465116528
584.505820337903
763.494029970236
795.272572398524
753.272864892955
639.067718085636
708.580259943201
694.746693107160
690.067579518204
579.771360113596
640.726224531150
624.899573682169
642.575301157604
571.081502102960
668.129714534371
611.646286734554
556.650952282336
555.649284419750
696.711906523022
556.830622381823
611.802406451695
612.309891369754
570.597086081764
603.599541286774
628.643308532406
666.524023272741
613.316916065223
641.347851423959
608.892510926629
667.525209276907
542.169422521943
562.124882881108
588.979169433557
545.863808653620
556.872762872468
543.557366223625
557.412811919315
542.435127639287
624.495964021701
573.619309860390
557.232622445635
543.632215282968
667.547524996879
612.309891369754
584.460835588227
580.474649603887
651.985160230061
575.689184845032
541.047183937605
596.367842259096
596.124452861724
562.622076149129
646.978587178528
541.969927651784
541.809562948777
541.830622381823
597.246691446062
541.047183937605
541.227373411285
556.227373411285
541.047183937605
586.788481891178
612.532221334079
597.649210884067
542.169422521943
596.664501908570
541.493078528629
681.783911323335
541.047183937605
541.470762808656
628.043644049838
541.227373411285
611.844691382250
541.047183937605
556.110383861297
571.916138025487
541.047183937605
556.227373411285
562.197977903884
541.047183937605
541.587232984452
541.629373475097
576.615788366393
557.211563012589
596.124452861724
542.169422521943
542.211563012589
541.629373475097
541.493078528629
591.138939243238
611.124452861724
556.872762872469
561.976167313752
571.353773258668
541.809562948777
583.123184507159
596.886831872896
541.587232984452
571.290573334977
541.493078528629