最优解为:711.945
最优解路径:

Best_route =

  1 至 24 列

     0     0     0     0     0     0     0     0     0     0     0     0     0     0     0     0     0     0     0     0     0     0     0     0
    24     5    11    35    10    34    28     9    32    20    15    12    14    36    31    33     0     0     0     0     0     0     0     0
     0     0     0     0     0     0     0     0     0     0     0     0     0     0     0     0     0     0     0     0     0     0     0     0
     0     0     0     0     0     0     0     0     0     0     0     0     0     0     0     0     0     0     0     0     0     0     0     0
     3    38    21    27     2    22     6    26    29    25    30    18     8    23     4    37    16    39    17    40    13     1    19     7
     0     0     0     0     0     0     0     0     0     0     0     0     0     0     0     0     0     0     0     0     0     0     0     0
     0     0     0     0     0     0     0     0     0     0     0     0     0     0     0     0     0     0     0     0     0     0     0     0
     0     0     0     0     0     0     0     0     0     0     0     0     0     0     0     0     0     0     0     0     0     0     0     0
     0     0     0     0     0     0     0     0     0     0     0     0     0     0     0     0     0     0     0     0     0     0     0     0
     0     0     0     0     0     0     0     0     0     0     0     0     0     0     0     0     0     0     0     0     0     0     0     0
     0     0     0     0     0     0     0     0     0     0     0     0     0     0     0     0     0     0     0     0     0     0     0     0
     0     0     0     0     0     0     0     0     0     0     0     0     0     0     0     0     0     0     0     0     0     0     0     0
     0     0     0     0     0     0     0     0     0     0     0     0     0     0     0     0     0     0     0     0     0     0     0     0
     0     0     0     0     0     0     0     0     0     0     0     0     0     0     0     0     0     0     0     0     0     0     0     0
     0     0     0     0     0     0     0     0     0     0     0     0     0     0     0     0     0     0     0     0     0     0     0     0

  25 至 41 列

     0     0     0     0     0     0     0     0     0     0     0     0     0     0     0     0     0
     0     0     0     0     0     0     0     0     0     0     0     0     0     0     0     0     0
     0     0     0     0     0     0     0     0     0     0     0     0     0     0     0     0     0
     0     0     0     0     0     0     0     0     0     0     0     0     0     0     0     0     0
     0     0     0     0     0     0     0     0     0     0     0     0     0     0     0     0     0
     0     0     0     0     0     0     0     0     0     0     0     0     0     0     0     0     0
     0     0     0     0     0     0     0     0     0     0     0     0     0     0     0     0     0
     0     0     0     0     0     0     0     0     0     0     0     0     0     0     0     0     0
     0     0     0     0     0     0     0     0     0     0     0     0     0     0     0     0     0
     0     0     0     0     0     0     0     0     0     0     0     0     0     0     0     0     0
     0     0     0     0     0     0     0     0     0     0     0     0     0     0     0     0     0
     0     0     0     0     0     0     0     0     0     0     0     0     0     0     0     0     0
     0     0     0     0     0     0     0     0     0     0     0     0     0     0     0     0     0
     0     0     0     0     0     0     0     0     0     0     0     0     0     0     0     0     0
     0     0     0     0     0     0     0     0     0     0     0     0     0     0     0     0     0

本次运算用时:329.446秒
算法在第67代时收敛

best
1071.60833775768
1071.60833775768
1065.68536363722
1063.35541113447
1063.35541113447
1050.90597167534
1050.90597167534
1050.90597167534
1050.90597167534
1050.90597167534
1050.90597167534
1046.07829876081
1046.07829876081
1046.07829876081
1041.21333698500
1036.96821945758
1036.96821945758
1036.96821945758
1036.96821945758
1036.96821945758
1036.96821945758
739.037234519339
739.037234519339
739.037234519339
739.037234519339
739.037234519339
739.037234519339
739.037234519339
739.037234519339
739.037234519339
739.037234519339
739.037234519339
739.037234519339
739.037234519339
739.037234519339
739.037234519339
739.037234519339
739.037234519339
739.037234519339
739.037234519339
739.037234519339
739.037234519339
739.037234519339
739.037234519339
739.037234519339
739.037234519339
739.037234519339
739.037234519339
731.580448224870
731.580448224870
731.580448224870
730.892061532539
730.892061532539
730.892061532539
720.070922586146
720.070922586146
720.070922586146
720.070922586146
720.070922586146
720.070922586146
718.889495248917
713.855803818518
713.855803818518
713.855803818518
713.855803818518
712.828478213783
711.944983557201
711.944983557201
711.944983557201
711.944983557201
711.944983557201
711.944983557201
711.944983557201
711.944983557201
711.944983557201
711.944983557201
711.944983557201
711.944983557201
711.944983557201
711.944983557201
711.944983557201
711.944983557201
711.944983557201
711.944983557201
711.944983557201
711.944983557201
711.944983557201
711.944983557201
711.944983557201
711.944983557201
711.944983557201
711.944983557201
711.944983557201
711.944983557201
711.944983557201
711.944983557201
711.944983557201
711.944983557201
711.944983557201
711.944983557201
711.944983557201
711.944983557201
711.944983557201
711.944983557201
711.944983557201
711.944983557201
711.944983557201
711.944983557201
711.944983557201
711.944983557201
711.944983557201
711.944983557201
711.944983557201
711.944983557201
711.944983557201
711.944983557201
711.944983557201
711.944983557201
711.944983557201
711.944983557201
711.944983557201
711.944983557201
711.944983557201
711.944983557201
711.944983557201
711.944983557201
711.944983557201
711.944983557201
711.944983557201
711.944983557201
711.944983557201
711.944983557201
711.944983557201
711.944983557201
711.944983557201
711.944983557201
711.944983557201
711.944983557201
711.944983557201
711.944983557201
711.944983557201
711.944983557201
711.944983557201
711.944983557201
711.944983557201
711.944983557201
711.944983557201
711.944983557201
711.944983557201
711.944983557201
711.944983557201
711.944983557201
711.944983557201
711.944983557201
711.944983557201
711.944983557201
711.944983557201
711.944983557201
711.944983557201
711.944983557201
711.944983557201
711.944983557201
711.944983557201
711.944983557201
711.944983557201
711.944983557201
711.944983557201
711.944983557201
711.944983557201
711.944983557201
711.944983557201
711.944983557201
711.944983557201
711.944983557201
711.944983557201
711.944983557201
711.944983557201
711.944983557201
711.944983557201
711.944983557201
711.944983557201
711.944983557201
711.944983557201
711.944983557201
711.944983557201
711.944983557201
711.944983557201
711.944983557201
711.944983557201
711.944983557201
711.944983557201
711.944983557201
711.944983557201
711.944983557201
711.944983557201
711.944983557201
711.944983557201
711.944983557201
711.944983557201
711.944983557201
711.944983557201
711.944983557201
711.944983557201
711.944983557201
711.944983557201
711.944983557201
711.944983557201
711.944983557201
711.944983557201
711.944983557201
711.944983557201
711.944983557201
711.944983557201
711.944983557201
711.944983557201
711.944983557201
711.944983557201
711.944983557201
711.944983557201
711.944983557201
711.944983557201
711.944983557201
711.944983557201
711.944983557201
711.944983557201
711.944983557201
711.944983557201
711.944983557201
711.944983557201
711.944983557201
711.944983557201
711.944983557201
711.944983557201
711.944983557201
711.944983557201
711.944983557201
711.944983557201
711.944983557201
711.944983557201
711.944983557201
711.944983557201
711.944983557201
711.944983557201
711.944983557201
711.944983557201
711.944983557201
