最优解为:1546.1309
最优解路径:

Best_route =

  1 至 24 列

    19     1    13    40    29    23     3     0     0     0     0     0     0     0     0     0     0     0     0     0     0     0     0     0
    17    39    30    25    16    37    10    26     2    22     0     0     0     0     0     0     0     0     0     0     0     0     0     0
     0     0     0     0     0     0     0     0     0     0     0     0     0     0     0     0     0     0     0     0     0     0     0     0
    33    15    12    14    36    32     9    31     7     0     0     0     0     0     0     0     0     0     0     0     0     0     0     0
    20    21    38     4     0     0     0     0     0     0     0     0     0     0     0     0     0     0     0     0     0     0     0     0
     0     0     0     0     0     0     0     0     0     0     0     0     0     0     0     0     0     0     0     0     0     0     0     0
     8    18     6    27    24     5    28    34    11    35     0     0     0     0     0     0     0     0     0     0     0     0     0     0
     0     0     0     0     0     0     0     0     0     0     0     0     0     0     0     0     0     0     0     0     0     0     0     0
     0     0     0     0     0     0     0     0     0     0     0     0     0     0     0     0     0     0     0     0     0     0     0     0

  25 至 41 列

     0     0     0     0     0     0     0     0     0     0     0     0     0     0     0     0     0
     0     0     0     0     0     0     0     0     0     0     0     0     0     0     0     0     0
     0     0     0     0     0     0     0     0     0     0     0     0     0     0     0     0     0
     0     0     0     0     0     0     0     0     0     0     0     0     0     0     0     0     0
     0     0     0     0     0     0     0     0     0     0     0     0     0     0     0     0     0
     0     0     0     0     0     0     0     0     0     0     0     0     0     0     0     0     0
     0     0     0     0     0     0     0     0     0     0     0     0     0     0     0     0     0
     0     0     0     0     0     0     0     0     0     0     0     0     0     0     0     0     0
     0     0     0     0     0     0     0     0     0     0     0     0     0     0     0     0     0

本次运算用时:208.221秒
算法在第374代时收敛

best
1586.26544313828
1583.38115142038
1579.82289158715
1579.82289158715
1557.06058917275
1557.06058917275
1557.06058917275
1557.06058917275
1557.06058917275
1557.06058917275
1557.06058917275
1557.06058917275
1557.06058917275
1557.06058917275
1557.06058917275
1557.06058917275
1557.06058917275
1557.06058917275
1557.06058917275
1557.06058917275
1557.06058917275
1555.66961523964
1555.04363664366
1552.77168883755
1552.77168883755
1552.77168883755
1552.77168883755
1551.86244160650
1551.66729601965
1551.66729601965
1551.66729601965
1551.66729601965
1551.66729601965
1551.66729601965
1551.66729601965
1551.66729601965
1551.66729601965
1551.66729601965
1551.66729601965
1550.80088184045
1550.80088184045
1550.80088184045
1550.80088184045
1550.80088184045
1550.80088184045
1550.80088184045
1550.79888349474
1550.79888349474
1550.79888349474
1550.79888349474
1550.79888349474
1550.79888349474
1550.79888349474
1550.79888349474
1550.35405281717
1549.86351621184
1549.54314260279
1549.54314260279
1549.52467472582
1549.52467472582
1549.52467472582
1549.52467472582
1549.52467472582
1549.52467472582
1549.52467472582
1549.52467472582
1549.52467472582
1549.52467472582
1549.52467472582
1549.52467472582
1549.52467472582
1549.52467472582
1549.52467472582
1549.52467472582
1549.52467472582
1549.52467472582
1549.52467472582
1549.52467472582
1549.52467472582
1549.52467472582
1549.52467472582
1549.05260599747
1549.05260599747
1549.05260599747
1549.05260599747
1549.05260599747
1549.05260599747
1549.05260599747
1549.05260599747
1549.05260599747
1549.05260599747
1549.05260599747
1549.05260599747
1549.05260599747
1549.05260599747
1549.05260599747
1549.05260599747
1549.05260599747
1549.05260599747
1549.05260599747
1549.05260599747
1549.05260599747
1549.05260599747
1549.05260599747
1549.05260599747
1549.05260599747
1549.05260599747
1549.05260599747
1549.05260599747
1549.05260599747
1549.05260599747
1549.05260599747
1549.05260599747
1549.05260599747
1549.05260599747
1549.05260599747
1549.05260599747
1549.05260599747
1549.05260599747
1549.05260599747
1549.05260599747
1549.05260599747
1549.05260599747
1549.05260599747
1549.05260599747
1549.05260599747
1549.05260599747
1549.05260599747
1549.05260599747
1549.05260599747
1549.05260599747
1549.05260599747
1549.05260599747
1549.05260599747
1549.05260599747
1549.05260599747
1549.05260599747
1549.05260599747
1549.05260599747
1549.05260599747
1549.05260599747
1549.05260599747
1549.05260599747
1549.05260599747
1549.05260599747
1549.05260599747
1549.05260599747
1549.05260599747
1549.05260599747
1549.05260599747
1549.05260599747
1549.05260599747
1549.05260599747
1549.05260599747
1549.05260599747
1549.05260599747
1549.05260599747
1549.05260599747
1549.05260599747
1549.05260599747
1549.05260599747
1549.05260599747
1549.05260599747
1549.05260599747
1549.05260599747
1549.05260599747
1549.05260599747
1549.05260599747
1549.05260599747
1549.05260599747
1549.05260599747
1549.05260599747
1549.05260599747
1549.05260599747
1549.05260599747
1549.05260599747
1549.05260599747
1549.05260599747
1549.05260599747
1549.05260599747
1549.05260599747
1549.05260599747
1549.05260599747
1549.05260599747
1549.05260599747
1549.05260599747
1549.05260599747
1549.05260599747
1549.05260599747
1549.05260599747
1549.05260599747
1549.05260599747
1549.05260599747
1549.05260599747
1549.05260599747
1549.05260599747
1549.05260599747
1549.05260599747
1549.05260599747
1549.05260599747
1549.05260599747
1549.05260599747
1549.05260599747
1549.05260599747
1549.05260599747
1549.05260599747
1549.05260599747
1549.05260599747
1549.05260599747
1549.05260599747
1549.05260599747
1546.77264568529
1546.77264568529
1546.77264568529
1546.77264568529
1546.77264568529
1546.77264568529
1546.77264568529
1546.77264568529
1546.77264568529
1546.77264568529
1546.77264568529
1546.77264568529
1546.77264568529
1546.77264568529
1546.77264568529
1546.77264568529
1546.77264568529
1546.77264568529
1546.77264568529
1546.77264568529
1546.77264568529
1546.77264568529
1546.77264568529
1546.77264568529
1546.77264568529
1546.77264568529
1546.77264568529
1546.77264568529
1546.77264568529
1546.77264568529
1546.77264568529
1546.77264568529
1546.77264568529
1546.77264568529
1546.77264568529
1546.77264568529
1546.77264568529
1546.77264568529
1546.77264568529
1546.77264568529
1546.77264568529
1546.77264568529
1546.77264568529
1546.77264568529
1546.77264568529
1546.77264568529
1546.77264568529
1546.77264568529
1546.77264568529
1546.77264568529
1546.77264568529
1546.77264568529
1546.77264568529
1546.77264568529
1546.77264568529
1546.77264568529
1546.77264568529
1546.77264568529
1546.77264568529
1546.77264568529
1546.77264568529
1546.77264568529
1546.77264568529
1546.77264568529
1546.77264568529
1546.77264568529
1546.77264568529
1546.77264568529
1546.77264568529
1546.77264568529
1546.77264568529
1546.77264568529
1546.77264568529
1546.77264568529
1546.77264568529
1546.77264568529
1546.77264568529
1546.77264568529
1546.77264568529
1546.77264568529
1546.77264568529
1546.77264568529
1546.77264568529
1546.77264568529
1546.77264568529
1546.77264568529
1546.77264568529
1546.77264568529
1546.77264568529
1546.77264568529
1546.77264568529
1546.77264568529
1546.77264568529
1546.77264568529
1546.77264568529
1546.77264568529
1546.77264568529
1546.77264568529
1546.77264568529
1546.77264568529
1546.77264568529
1546.77264568529
1546.77264568529
1546.77264568529
1546.77264568529
1546.77264568529
1546.77264568529
1546.77264568529
1546.77264568529
1546.77264568529
1546.77264568529
1546.77264568529
1546.77264568529
1546.77264568529
1546.77264568529
1546.77264568529
1546.77264568529
1546.77264568529
1546.77264568529
1546.77264568529
1546.77264568529
1546.77264568529
