实验环境：
VeiNum = 2
Q_ant =130（空重箱分开时，70）
AntNum = 30
iter_max = 200

cus：
40	50
40	50
40	50
88	30
72	55
45	70
20	80
35	69
33	35
58	75
0	40

task：
3	4	3	0	1
4	2	4	1	0
2	5	1	0	1
5	3	2	3	0
3	6	3	0	1
6	2	4	5	0
2	7	1	0	1
7	3	2	7	0
3	8	3	0	1
8	2	4	9	0
3	9	3	0	1
9	2	4	11	0
2	10	1	0	1
10	3	2	13	0
3	11	3	0	1
11	2	4	15	0


抽取的客户节点编号为

Cus_select =

    77    83     2    15    11    43    98    38

各任务对应的的客户节点编号为

Task_Cus =

    77    83     2    15    11    43    98    38


Task_size: 16

vNum:2

Tasktime:
0
0.166666666666667
1.96666666666667
1.47637340370175
0.166666666666667
0.166666666666667
1.18205486986887
1.56805448553266
0.166666666666667
0.166666666666667
1.15783873427638
0.166666666666667
1.08049030059784
1.43681275670413
0.166666666666667
0.166666666666667
1.69744307307108


Linktime:
0	1.80000000000000	1.30000000000000	0	0.809706737035082	1.01538820320221	0.515388203202208	0	0.901387818865997	0.991172067609712	0.491172067609713	0.913823633931171	0.413823633931171	0	0.770146090037468	1.53077640640442	1.03077640640442
1.30000000000000	3.26666666666667	0	1.46666666666667	0.742041103982792	2.48205486986887	1.46820468600260	1.46666666666667	2.11009478460092	2.45783873427638	1.64506838763621	2.38049030059784	1.38067012714841	1.46666666666667	1.35208172829900	2.99744307307108	2.21415898254845
0	1.80000000000000	1.46666666666667	0	0.976373403701749	1.01538820320221	0.682054869868874	0	1.06805448553266	0.991172067609712	0.657838734276379	0.913823633931171	0.580490300597838	0	0.936812756704135	1.53077640640442	1.19744307307108
0.809706737035082	2.77637340370175	0.742041103982792	0.976373403701749	0	1.99176160690396	0.772172260574025	0.976373403701749	57.6974869470066	1.96754547131146	0.989002022242624	1.89019703763292	1.09573035004056	0.976373403701749	24.4131112314674	2.50714981010616	1.83864760081969
1.30970673703508	0.742041103982792	2.77637340370175	1.30970673703508	2.28608014073683	0.772172260574025	1.99176160690396	1.30970673703508	2.37776122256775	0.989002022242624	1.96754547131146	1.09573035004056	1.89019703763292	1.30970673703508	2.24651949373922	1.83864760081969	2.50714981010616
0.515388203202208	2.48205486986887	1.46820468600260	0.682054869868874	0.772172260574025	1.69744307307108	0	0.682054869868874	0.673145600891813	1.67322693747859	0.251246890528022	1.59587850380005	0.925000000000000	0.682054869868874	0.348209706929603	2.21283127627329	1.35208172829900
0	1.80000000000000	1.46666666666667	0	0.976373403701749	1.01538820320221	0.682054869868874	0	1.06805448553266	0.991172067609712	0.657838734276379	0.913823633931171	0.580490300597838	0	0.936812756704135	1.53077640640442	1.19744307307108
0.901387818865997	2.86805448553266	2.11009478460092	1.06805448553266	57.6974869470066	2.08344268873487	0.673145600891813	1.06805448553266	0	2.05922655314238	0.465026880943457	1.98187811946384	1.17100384286304	1.06805448553266	38.3275357934736	2.59883089193708	1.11803398874990
1.40138781886600	2.11009478460092	2.86805448553266	1.40138781886600	2.37776122256775	0.673145600891813	2.08344268873487	1.40138781886600	2.46944230439866	0.465026880943457	2.05922655314238	1.17100384286304	1.98187811946384	1.40138781886600	2.33820057557013	1.11803398874990	2.59883089193708
0.491172067609713	2.45783873427638	1.64506838763621	0.657838734276379	0.989002022242624	1.67322693747859	0.251246890528022	0.657838734276379	0.465026880943457	1.64901080188609	0	1.57166236820755	0.851469318296320	0.657838734276379	0.594243216200236	2.18861514068079	1.13633181773635
0	1.80000000000000	1.46666666666667	0	0.976373403701749	1.01538820320221	0.682054869868874	0	1.06805448553266	0.991172067609712	0.657838734276379	0.913823633931171	0.580490300597838	0	0.936812756704135	1.53077640640442	1.19744307307108
0.413823633931171	2.38049030059784	1.38067012714841	0.580490300597838	1.09573035004056	1.59587850380005	0.925000000000000	0.580490300597838	1.17100384286304	1.57166236820755	0.851469318296320	1.49431393452901	0	0.580490300597838	1.17924764150708	2.11126670700225	0.834415963413932
0	1.80000000000000	1.46666666666667	0	0.976373403701749	1.01538820320221	0.682054869868874	0	1.06805448553266	0.991172067609712	0.657838734276379	0.913823633931171	0.580490300597838	0	0.936812756704135	1.53077640640442	1.19744307307108
0.770146090037468	2.73681275670413	1.35208172829900	0.936812756704135	24.4131112314674	1.95220095990634	0.348209706929603	0.936812756704135	38.3275357934736	1.92798482431385	0.594243216200236	1.85063639063531	1.17924764150708	0.936812756704135	0	2.46758916310855	1.69355395544400
1.27014609003747	1.35208172829900	2.73681275670414	1.27014609003747	2.24651949373922	0.348209706929603	1.95220095990634	1.27014609003747	2.33820057557013	0.594243216200236	1.92798482431385	1.17924764150708	1.85063639063531	1.27014609003747	2.20695884674160	1.69355395544400	2.46758916310855
1.03077640640442	2.99744307307108	2.21415898254845	1.19744307307108	1.83864760081969	2.21283127627329	1.35208172829900	1.19744307307108	1.11803398874990	2.18861514068079	1.13633181773635	2.11126670700225	0.834415963413932	1.19744307307108	1.69355395544400	2.72821947947550	0
0	1.80000000000000	1.46666666666667	0	0.976373403701749	1.01538820320221	0.682054869868874	0	1.06805448553266	0.991172067609712	0.657838734276379	0.913823633931171	0.580490300597838	0	0.936812756704135	1.53077640640442	1.19744307307108


4	2	4	0	0
2	5	1	0	1
6	2	4	0	0
2	7	1	0	1
8	2	4	0	0
9	2	4	0	0
2	10	1	0	1
11	2	4	0	0

3	4	3	0	1
5	3	2	0	0
3	6	3	0	1
7	3	2	0	0
3	8	3	0	1
3	9	3	0	1
10	3	2	0	0
3	11	3	0	1



linktime（task1）
0	1.30000000000000	0	0.515388203202208	0	0.491172067609713	0.413823633931171	0	1.03077640640442
0	1.46666666666667	0	0.682054869868874	0	0.657838734276379	0.580490300597838	0	1.19744307307108
0.809706737035082	0.742041103982792	0.976373403701749	0.772172260574025	0.976373403701749	0.989002022242624	1.09573035004056	0.976373403701749	1.83864760081969
0	1.46666666666667	0	0.682054869868874	0	0.657838734276379	0.580490300597838	0	1.19744307307108
0.901387818865997	2.11009478460092	1.06805448553266	0.673145600891813	1.06805448553266	0.465026880943457	1.17100384286304	1.06805448553266	1.11803398874990
0	1.46666666666667	0	0.682054869868874	0	0.657838734276379	0.580490300597838	0	1.19744307307108
0	1.46666666666667	0	0.682054869868874	0	0.657838734276379	0.580490300597838	0	1.19744307307108
0.770146090037468	1.35208172829900	0.936812756704135	0.348209706929603	0.936812756704135	0.594243216200236	1.17924764150708	0.936812756704135	1.69355395544400
0	1.46666666666667	0	0.682054869868874	0	0.657838734276379	0.580490300597838	0	1.19744307307108

linktime（task2）
0	1.80000000000000	0.809706737035082	1.01538820320221	0.901387818865997	0.991172067609712	0.913823633931171	0.770146090037468	1.53077640640442
1.30000000000000	3.26666666666667	0.742041103982792	2.48205486986887	2.11009478460092	2.45783873427638	2.38049030059784	1.35208172829900	2.99744307307108
1.30970673703508	0.742041103982792	2.28608014073683	0.772172260574025	2.37776122256775	0.989002022242624	1.09573035004056	2.24651949373922	1.83864760081969
0.515388203202208	2.48205486986887	0.772172260574025	1.69744307307108	0.673145600891813	1.67322693747859	1.59587850380005	0.348209706929603	2.21283127627329
1.40138781886600	2.11009478460092	2.37776122256775	0.673145600891813	2.46944230439866	0.465026880943457	1.17100384286304	2.33820057557013	1.11803398874990
0.491172067609713	2.45783873427638	0.989002022242624	1.67322693747859	0.465026880943457	1.64901080188609	1.57166236820755	0.594243216200236	2.18861514068079
0.413823633931171	2.38049030059784	1.09573035004056	1.59587850380005	1.17100384286304	1.57166236820755	1.49431393452901	1.17924764150708	2.11126670700225
1.27014609003747	1.35208172829900	2.24651949373922	0.348209706929603	2.33820057557013	0.594243216200236	1.17924764150708	2.20695884674160	1.69355395544400
1.03077640640442	2.99744307307108	1.83864760081969	2.21283127627329	1.11803398874990	2.18861514068079	2.11126670700225	1.69355395544400	2.72821947947550


tasktime（1）
0
1.96666666666667
1.47637340370175
1.18205486986887
1.56805448553266
1.15783873427638
1.08049030059784
1.43681275670413
1.69744307307108

tasktime（2）
0
0.166666666666667
0.166666666666667
0.166666666666667
0.166666666666667
0.166666666666667
0.166666666666667
0.166666666666667
0.166666666666667