最优解为:370.9978
最优解路径:

Best_route =

     0     0     0     0     0     0     0     0     0     0     0     0     0     0     0     0
     0     0     0     0     0     0     0     0     0     0     0     0     0     0     0     0
     0     0     0     0     0     0     0     0     0     0     0     0     0     0     0     0
     5     1    11    14     8    13    10    15    12     2     9     4     6     3     7     0

本次运算用时:9.687秒
算法在第35代时收敛

best
378.462200705142
378.462200705142
377.449990016225
377.449990016225
376.598800696712
376.598800696712
374.886627458821
372.452241741060
372.452241741060
372.452241741060
372.447086149615
372.447086149615
372.447086149615
372.447086149615
372.447086149615
372.447086149615
372.447086149615
372.447086149615
372.447086149615
372.447086149615
372.447086149615
372.238573388522
372.238573388522
372.238573388522
371.206341595154
371.206341595154
371.206341595154
371.206341595154
371.206341595154
371.206341595154
371.206341595154
371.206341595154
371.206341595154
371.206341595154
370.997828834061
370.997828834061
370.997828834061
370.997828834061
370.997828834061
370.997828834061
370.997828834061
370.997828834061
370.997828834061
370.997828834061
370.997828834061
370.997828834061
370.997828834061
370.997828834061
370.997828834061
370.997828834061
370.997828834061
370.997828834061
370.997828834061
370.997828834061
370.997828834061
370.997828834061
370.997828834061
370.997828834061
370.997828834061
370.997828834061
370.997828834061
370.997828834061
370.997828834061
370.997828834061
370.997828834061
370.997828834061
370.997828834061
370.997828834061
370.997828834061
370.997828834061
370.997828834061
370.997828834061
370.997828834061
370.997828834061
370.997828834061
370.997828834061
370.997828834061
370.997828834061
370.997828834061
370.997828834061
370.997828834061
370.997828834061
370.997828834061
370.997828834061
370.997828834061
370.997828834061
370.997828834061
370.997828834061
370.997828834061
370.997828834061
370.997828834061
370.997828834061
370.997828834061
370.997828834061
370.997828834061
370.997828834061
370.997828834061
370.997828834061
370.997828834061
370.997828834061
370.997828834061
370.997828834061
370.997828834061
370.997828834061
370.997828834061
370.997828834061
370.997828834061
370.997828834061
370.997828834061
370.997828834061
370.997828834061
370.997828834061
370.997828834061
370.997828834061
370.997828834061
370.997828834061
370.997828834061
370.997828834061
370.997828834061
370.997828834061
370.997828834061
370.997828834061
370.997828834061
370.997828834061
370.997828834061
370.997828834061
370.997828834061
370.997828834061
370.997828834061
370.997828834061
370.997828834061
370.997828834061
370.997828834061
370.997828834061
370.997828834061
370.997828834061
370.997828834061
370.997828834061
370.997828834061
370.997828834061
370.997828834061
370.997828834061
370.997828834061
370.997828834061
370.997828834061
370.997828834061
370.997828834061
370.997828834061
370.997828834061
370.997828834061
370.997828834061
370.997828834061
370.997828834061
370.997828834061
370.997828834061
370.997828834061
370.997828834061
370.997828834061
370.997828834061
370.997828834061
370.997828834061
370.997828834061
370.997828834061
370.997828834061
370.997828834061
370.997828834061
370.997828834061
370.997828834061
370.997828834061
370.997828834061
370.997828834061
370.997828834061
370.997828834061
370.997828834061
370.997828834061
370.997828834061
370.997828834061
370.997828834061
370.997828834061
370.997828834061
370.997828834061
370.997828834061
370.997828834061
370.997828834061
370.997828834061
370.997828834061
370.997828834061
370.997828834061
370.997828834061
370.997828834061
370.997828834061
370.997828834061
370.997828834061
370.997828834061
370.997828834061
370.997828834061
370.997828834061
370.997828834061
370.997828834061
370.997828834061

ave
685.268445137698
684.860425019587
659.793115466744
670.520584083232
667.960622791909
656.825892728775
652.027960632982
686.458124023982
649.463287731470
579.719258193430
605.225685790660
574.508663280575
621.822999476526
588.002989150932
606.050182309414
558.619370264166
526.625095971524
512.524611768069
541.440068837965
525.723529454088
585.563214906947
542.949684064847
483.324799656985
513.104967556895
496.779252197683
510.211375098445
465.302353349008
465.032316940761
448.500701859054
511.343620855723
507.924969601328
435.299533611809
418.430041299646
464.538643187819
373.913278451861
433.209523191984
404.822670636173
418.413228906279
419.261177840242
388.757483610865
373.542537892066
405.759225237588
404.176943109005
404.422218142807
373.631717113627
373.963277679207
373.808996274703
372.956209669455
388.985010987706
388.967797739229
403.365145267063
373.066879628856
419.126879012320
373.056453990801
402.451292762723
388.203684739315
372.945784031401
388.122304680054
389.067419199022
404.491117303987
371.603306821338
402.796477617912
372.844256967163
371.736790208985
386.954449656868
372.120990334006
371.118924431516
371.385221282943
373.208305023034
371.240020028972
371.361115626427
387.066100993558
386.637345677190
415.778537757344
372.244671159815
417.451116792767
371.118924431516
371.603595837987
371.118924431516
386.073580868760
402.894393715889
371.736259182195
371.351391036667
370.997828834061
416.913986551430
386.486431340739
386.407019797116
371.142162994388
417.249464618558
370.997828834061
372.691977316309
401.443247581114
416.275543510922
371.241721540416
386.082062366503
371.343337885690
370.997828834061
370.997828834061
387.340045200194
385.930155299541
416.539373052540
386.766495837139
386.196005237298
386.140575497177
370.997828834061
370.997828834061
370.997828834061
401.246055253920
387.346629646594
371.194503883546
401.670859818976
371.185968738344
386.600594567413
371.118924431516
370.997828834061
371.360584599637
401.465823264734
370.997828834061
371.603559774973
386.827031153008
386.693648802998
371.610194295580
385.744203286708
386.803932851827
370.997828834061
386.522845500725
371.185968738344
386.591046255073
371.352247929425
371.185968738344
371.186812311282
386.719420777257
371.252407819163
386.413806107314
401.299230012378
371.365597885313
401.217859533577
386.176898725478
370.997828834061
386.346680846894
386.763966045716
370.997828834061
387.532446816994
386.184146535589
371.437882181761
370.997828834061
401.776856529375
386.406364409298
386.050055994014
386.182248616027
387.041954675184
371.385221282943
370.997828834061
371.128774129506
371.260709744426
371.396512829234
386.286219682317
370.997828834061
386.183739855062
402.986594186100
370.997828834061
371.263982436708
370.997828834061
386.728216506822
401.636300647177
386.670933653670
385.769674387812
370.997828834061
371.322086070660
401.466142513083
386.081110472118
401.674077214501
386.415755192972
370.997828834061
401.816920262810
371.385221282943
385.934770811982
371.132672450736
371.322086070660
371.000283680231
402.412952646855
371.539950513377
370.997828834061
385.955515664276
370.997828834061
386.754420039376
370.997828834061
370.997828834061
386.878031870257
370.997828834061
370.997828834061
371.321655927958
401.606168588283
386.353051012061
370.997828834061
401.990447785192
401.777398217156
370.997828834061
371.916664170707
386.176898725478