最优解为:620.0332
最优解路径:

Best_route =

    12     2    14    11     6     3     5     9     4     7     0     0     0     0     0     0
    10    15    13     8     1     0     0     0     0     0     0     0     0     0     0     0
     0     0     0     0     0     0     0     0     0     0     0     0     0     0     0     0
     0     0     0     0     0     0     0     0     0     0     0     0     0     0     0     0

本次运算用时:9.906秒
算法在第5代时收敛

best
633.532392711500
630.679860848814
627.682967971074
627.682967971074
620.033188276480
620.033188276480
620.033188276480
620.033188276480
620.033188276480
620.033188276480
620.033188276480
620.033188276480
620.033188276480
620.033188276480
620.033188276480
620.033188276480
620.033188276480
620.033188276480
620.033188276480
620.033188276480
620.033188276480
620.033188276480
620.033188276480
620.033188276480
620.033188276480
620.033188276480
620.033188276480
620.033188276480
620.033188276480
620.033188276480
620.033188276480
620.033188276480
620.033188276480
620.033188276480
620.033188276480
620.033188276480
620.033188276480
620.033188276480
620.033188276480
620.033188276480
620.033188276480
620.033188276480
620.033188276480
620.033188276480
620.033188276480
620.033188276480
620.033188276480
620.033188276480
620.033188276480
620.033188276480
620.033188276480
620.033188276480
620.033188276480
620.033188276480
620.033188276480
620.033188276480
620.033188276480
620.033188276480
620.033188276480
620.033188276480
620.033188276480
620.033188276480
620.033188276480
620.033188276480
620.033188276480
620.033188276480
620.033188276480
620.033188276480
620.033188276480
620.033188276480
620.033188276480
620.033188276480
620.033188276480
620.033188276480
620.033188276480
620.033188276480
620.033188276480
620.033188276480
620.033188276480
620.033188276480
620.033188276480
620.033188276480
620.033188276480
620.033188276480
620.033188276480
620.033188276480
620.033188276480
620.033188276480
620.033188276480
620.033188276480
620.033188276480
620.033188276480
620.033188276480
620.033188276480
620.033188276480
620.033188276480
620.033188276480
620.033188276480
620.033188276480
620.033188276480
620.033188276480
620.033188276480
620.033188276480
620.033188276480
620.033188276480
620.033188276480
620.033188276480
620.033188276480
620.033188276480
620.033188276480
620.033188276480
620.033188276480
620.033188276480
620.033188276480
620.033188276480
620.033188276480
620.033188276480
620.033188276480
620.033188276480
620.033188276480
620.033188276480
620.033188276480
620.033188276480
620.033188276480
620.033188276480
620.033188276480
620.033188276480
620.033188276480
620.033188276480
620.033188276480
620.033188276480
620.033188276480
620.033188276480
620.033188276480
620.033188276480
620.033188276480
620.033188276480
620.033188276480
620.033188276480
620.033188276480
620.033188276480
620.033188276480
620.033188276480
620.033188276480
620.033188276480
620.033188276480
620.033188276480
620.033188276480
620.033188276480
620.033188276480
620.033188276480
620.033188276480
620.033188276480
620.033188276480
620.033188276480
620.033188276480
620.033188276480
620.033188276480
620.033188276480
620.033188276480
620.033188276480
620.033188276480
620.033188276480
620.033188276480
620.033188276480
620.033188276480
620.033188276480
620.033188276480
620.033188276480
620.033188276480
620.033188276480
620.033188276480
620.033188276480
620.033188276480
620.033188276480
620.033188276480
620.033188276480
620.033188276480
620.033188276480
620.033188276480
620.033188276480
620.033188276480
620.033188276480
620.033188276480
620.033188276480
620.033188276480
620.033188276480
620.033188276480
620.033188276480
620.033188276480
620.033188276480
620.033188276480
620.033188276480
620.033188276480
620.033188276480
620.033188276480
620.033188276480
620.033188276480
620.033188276480
620.033188276480

ave
655.939826681869
669.347698711549
655.258903622838
636.873218888436
664.020567332794
678.968900630915
649.277733993750
664.888116520079
665.380136080611
650.489371144697
634.822163399059
680.328034984684
666.892177629269
633.793594489985
679.434971834097
645.646747949241
635.734038798681
675.622801606012
629.537551825871
658.648494886506
643.680708825484
645.421347671041
658.936312957760
659.868277826839
642.589706515029
670.500196084397
627.131974629846
627.724403336089
658.127600451811
656.722560295302
641.760499206830
624.891842957982
657.196080487057
625.651687410368
628.079599640573
641.931507715754
640.900597082191
654.933897112416
640.514280781317
654.670930020960
640.248900380093
624.383953301405
652.874901800897
697.388156955465
639.313927889924
637.672692883724
625.195579264504
622.984247806330
620.933594835962
636.661711669134
636.286640668653
651.146576675099
621.097726519826
621.001946438884
635.735106572784
620.103903659497
622.165329018033
621.090744250338
621.881721048510
636.557570003571
620.774593385624
621.841798431774
635.757359365091
635.875689066737
635.651356592278
621.618752463289
621.314699155867
651.607424275229
622.330498640374
636.691529045764
620.618877903664
621.157786737854
636.161616411562
635.314287825344
620.113885648643
620.757359365091
636.662311411738
620.702954212215
636.034024978345
620.965062912041
620.103903659497
635.327543505840
635.898900436651
637.439682906286
620.280432513118
621.122391338809
622.333031131950
635.939373702000
621.290046355505
622.070313981915
620.460070657020
620.899611917122
620.724654580275
621.077808569452
636.698848006302
637.021335851814
620.446172896135
635.158901039075
620.655035110991
636.150431903479
620.360679881631
621.316777302475
620.880449768139
621.065585662941
620.998440769773
635.189901138981
620.536249874986
620.898883120249
622.798305251318
620.849584101429
621.751871288390
620.701399792665
636.729756828184
621.153428859227
665.995021867361
620.823437123688
621.197308857418
621.477824879404
637.084116346267
620.305564337958
621.373217536286
635.033188276480
635.045477988931
622.967338010809
621.938120769700
621.780106424043
637.672984678089
620.375457513119
622.434368559722
635.688996015787
635.978136397820
621.067857624383
620.346352253794
622.241128423930
621.181501221989
635.179919149835
636.728020865120
635.922296803714
620.502110647664
637.578197184577
635.321349915868
620.033188276480
620.305564337958
621.229012245319
620.178911203412
635.492036066115
620.886724181518
622.469399241631
621.081917491531
620.788442132773
620.702954212215
635.544454944879
621.825931069199
621.614460385818
620.758104222127
636.007789818217
620.717726749757
621.643260125823
620.178911203412
621.178560684066
621.595947795402
636.489500787343
620.375457513118
620.905209856803
620.768086211273
635.334239730330
620.592903769490
620.612223570916
620.717726749757
621.946525216046
620.375457513118
620.360679881631
620.033188276480
621.176168744298
621.068019730646
620.033188276480
635.889049517572
637.293919854463
620.643557647579
621.403397722654
621.917948981618
621.011395063584
620.859157515789
620.103903659497
620.981631801580
621.625993578970
621.605207989507
636.766997894103
635.523049696339
620.033188276480
621.876735512777
636.538765728785
634.938163276480
620.446172896135
621.762011397441
620.765576064411
620.103903659497
620.608895914518
636.320545738104
636.804264077277