最优解为:1796.286
最优解路径:

Best_route =

  1 至 24 列

    15    16     9    10    23    24    29    30    17    18    25    26     0     0     0     0     0     0     0     0     0     0     0     0
    11    12     3     4    27    28    19    20     0     0     0     0     0     0     0     0     0     0     0     0     0     0     0     0
     0     0     0     0     0     0     0     0     0     0     0     0     0     0     0     0     0     0     0     0     0     0     0     0
     0     0     0     0     0     0     0     0     0     0     0     0     0     0     0     0     0     0     0     0     0     0     0     0
    21    22     5     6    13    14     1     2     7     8     0     0     0     0     0     0     0     0     0     0     0     0     0     0

  25 至 31 列

     0     0     0     0     0     0     0
     0     0     0     0     0     0     0
     0     0     0     0     0     0     0
     0     0     0     0     0     0     0
     0     0     0     0     0     0     0

本次运算用时:69.571秒
算法在第82代时收敛

best
1800.88177160217
1800.88177160217
1800.88177160217
1799.12183352032
1799.01859431472
1799.01859431472
1799.01859431472
1799.01859431472
1799.01859431472
1799.01859431472
1799.01859431472
1799.01859431472
1799.01859431472
1799.01859431472
1799.01859431472
1799.01859431472
1799.01859431472
1798.71099952275
1798.71099952275
1798.71099952275
1798.71099952275
1798.71099952275
1798.71099952275
1798.71099952275
1798.71099952275
1798.71099952275
1798.71099952275
1796.69700315911
1796.69700315911
1796.69700315911
1796.69700315911
1796.69700315911
1796.69700315911
1796.69700315911
1796.69700315911
1796.69700315911
1796.69700315911
1796.69700315911
1796.69700315911
1796.69700315911
1796.69700315911
1796.69700315911
1796.69700315911
1796.69700315911
1796.69700315911
1796.69700315911
1796.69700315911
1796.69700315911
1796.69700315911
1796.69700315911
1796.69700315911
1796.69700315911
1796.69700315911
1796.69700315911
1796.69700315911
1796.69700315911
1796.69700315911
1796.69700315911
1796.69700315911
1796.69700315911
1796.69700315911
1796.69700315911
1796.69700315911
1796.69700315911
1796.69700315911
1796.69700315911
1796.69700315911
1796.69700315911
1796.69700315911
1796.69700315911
1796.69700315911
1796.69700315911
1796.69700315911
1796.69700315911
1796.69700315911
1796.69700315911
1796.69700315911
1796.69700315911
1796.69700315911
1796.69700315911
1796.69700315911
1796.28603915457
1796.28603915457
1796.28603915457
1796.28603915457
1796.28603915457
1796.28603915457
1796.28603915457
1796.28603915457
1796.28603915457
1796.28603915457
1796.28603915457
1796.28603915457
1796.28603915457
1796.28603915457
1796.28603915457
1796.28603915457
1796.28603915457
1796.28603915457
1796.28603915457
1796.28603915457
1796.28603915457
1796.28603915457
1796.28603915457
1796.28603915457
1796.28603915457
1796.28603915457
1796.28603915457
1796.28603915457
1796.28603915457
1796.28603915457
1796.28603915457
1796.28603915457
1796.28603915457
1796.28603915457
1796.28603915457
1796.28603915457
1796.28603915457
1796.28603915457
1796.28603915457
1796.28603915457
1796.28603915457
1796.28603915457
1796.28603915457
1796.28603915457
1796.28603915457
1796.28603915457
1796.28603915457
1796.28603915457
1796.28603915457
1796.28603915457
1796.28603915457
1796.28603915457
1796.28603915457
1796.28603915457
1796.28603915457
1796.28603915457
1796.28603915457
1796.28603915457
1796.28603915457
1796.28603915457
1796.28603915457
1796.28603915457
1796.28603915457
1796.28603915457
1796.28603915457
1796.28603915457
1796.28603915457
1796.28603915457
1796.28603915457
1796.28603915457
1796.28603915457
1796.28603915457
1796.28603915457
1796.28603915457
1796.28603915457
1796.28603915457
1796.28603915457
1796.28603915457
1796.28603915457
1796.28603915457
1796.28603915457
1796.28603915457
1796.28603915457
1796.28603915457
1796.28603915457
1796.28603915457
1796.28603915457
1796.28603915457
1796.28603915457
1796.28603915457
1796.28603915457
1796.28603915457
1796.28603915457
1796.28603915457
1796.28603915457
1796.28603915457
1796.28603915457
1796.28603915457
1796.28603915457
1796.28603915457
1796.28603915457
1796.28603915457
1796.28603915457
1796.28603915457
1796.28603915457
1796.28603915457
1796.28603915457
1796.28603915457
1796.28603915457
1796.28603915457
1796.28603915457
1796.28603915457
1796.28603915457
1796.28603915457
1796.28603915457
1796.28603915457
1796.28603915457
1796.28603915457
1796.28603915457
1796.28603915457

ave
2403.62801510959
2488.77153202343
2677.99287076764
2470.18279538592
2484.49597702273
2676.01610299795
2488.99974298638
2690.92517545736
2415.56710733516
2645.91719536399
2700.16488520799
2633.23524959521
2321.57067489360
2396.53320602902
2576.13216770918
2383.32491706801
2586.84381074536
2350.67294014828
2395.82976671874
2392.39374187439
2281.68646792286
2382.91354625875
2242.93449961671
2489.70879193099
2238.28861007747
2345.86800778785
2210.60090940403
2146.65273467125
2438.11305121911
2312.04328156519
2343.67955637487
2126.22920147624
2424.16959677916
2319.97710813439
2311.96837385814
2219.71517214411
2404.97120985110
2087.00099341643
2231.90183973936
2234.67763920798
2342.07107876676
2180.63405775609
2349.14067974762
2275.98229358752
2254.80198073279
2408.63495949878
2307.62632121047
2321.61861759529
2280.22199448487
2205.71996290800
2221.35953769893
2109.15432498350
2320.03186622569
2379.07850093181
2403.71080827589
2359.00058507649
2116.21077660312
2221.40513715254
2114.97354688703
2360.37704029448
2258.48676052768
2346.61158564863
2288.53817361074
2247.76311903243
2466.19261523119
2256.85822545838
2180.92124886583
2454.85395757297
2351.58874523494
2235.66303410687
2136.49410042907
2177.13226228834
2214.35593768418
2040.78070940456
2201.15028206009
2266.02769709445
2379.82425248381
2232.62453260940
2300.63985841493
2233.65611829545
2255.41173063078
2251.81820914817
2383.66426270584
2263.70865653702
2284.52244425743
2246.95689430853
2357.80428213387
2232.06743802855
2483.88440995909
2252.02774922321
2371.82860002165
2391.88400282137
2386.88076278948
2317.12947215819
2314.81655689186
2334.76993507510
2324.60562992370
2289.92621679111
2251.43718655490
2290.51885138084
2388.97573031186
2168.24975705354
2353.12418852579
2359.60726722688
2246.16325727258
2232.35830530516
2433.64605649805
2358.89636858562
2204.24914869164
2285.08244862264
2471.40748205193
2487.59403874135
2314.11952170241
2261.66184033987
2188.67948364745
2309.07361865856
2282.66542263273
2364.50923030942
2300.18117352913
2233.15242310096
2155.93041899927
2319.84599953253
2278.45348431075
2259.82674789288
2324.28615438706
2087.59602469370
2209.65717286683
2103.43360011859
2322.65543149947
2177.98278885052
2094.03724874703
2357.46535960841
2315.56661460500
2163.10495224388
2147.19625700616
2173.60458335517
2290.01586234683
2212.09497965604
2048.16875645787
2076.27252461521
2093.35086956951
2236.11379631876
2015.46097940376
2161.43261014446
2198.69999758948
2193.35073605116
2081.88396837761
2116.70107517430
2176.56645278202
2110.13580149612
2026.26314016955
2029.44206981237
2145.60759588608
2232.38145596911
2204.95224808268
2064.11916964527
2101.70024748412
2151.58752565342
2343.91738251949
2339.66361046399
2027.34731553560
2243.10573681994
1982.35466807471
1997.40992626400
1993.84227438840
2247.04783930438
2174.67936876805
2084.68501081408
2163.62581242443
2136.47720955139
2357.20229739163
2107.66864636044
2182.21375699335
2118.76382195430
2306.35732735137
2205.89636258829
2055.36650079876
2088.91425006186
2004.99108944703
2087.72179760111
2119.10632330782
1949.51714188143
2203.42495529791
2042.16505845137
2095.85846440586
2057.06810599157
2363.97585098584
2256.68477243695
2110.13554882964
2158.30698024428
1999.98421852192
2130.05219620858
2367.04888940639
1961.11190282809
2210.54593437848
2120.40655709202
2069.24621355142
2142.49788876260
2180.72754098575
1965.10969540344
2157.61595499096