最优解为:411.4428
最优解路径:

Best_route =

     0     0     0     0     0     0     0     0     0
     1     3     2     5     4     7     8     6     0

本次运算用时:2.278秒
算法在第21代时收敛

best
458.380898112529
458.380898112529
455.403074706959
455.403074706959
455.403074706959
455.403074706959
455.403074706959
455.403074706959
455.403074706959
455.403074706959
455.403074706959
455.403074706959
455.403074706959
414.489034950151
414.489034950151
414.489034950151
414.489034950151
414.489034950151
414.489034950151
414.489034950151
411.442757948652
411.442757948652
411.442757948652
411.442757948652
411.442757948652
411.442757948652
411.442757948652
411.442757948652
411.442757948652
411.442757948652
411.442757948652
411.442757948652
411.442757948652
411.442757948652
411.442757948652
411.442757948652
411.442757948652
411.442757948652
411.442757948652
411.442757948652
411.442757948652
411.442757948652
411.442757948652
411.442757948652
411.442757948652
411.442757948652
411.442757948652
411.442757948652
411.442757948652
411.442757948652
411.442757948652
411.442757948652
411.442757948652
411.442757948652
411.442757948652
411.442757948652
411.442757948652
411.442757948652
411.442757948652
411.442757948652
411.442757948652
411.442757948652
411.442757948652
411.442757948652
411.442757948652
411.442757948652
411.442757948652
411.442757948652
411.442757948652
411.442757948652
411.442757948652
411.442757948652
411.442757948652
411.442757948652
411.442757948652
411.442757948652
411.442757948652
411.442757948652
411.442757948652
411.442757948652
411.442757948652
411.442757948652
411.442757948652
411.442757948652
411.442757948652
411.442757948652
411.442757948652
411.442757948652
411.442757948652
411.442757948652
411.442757948652
411.442757948652
411.442757948652
411.442757948652
411.442757948652
411.442757948652
411.442757948652
411.442757948652
411.442757948652
411.442757948652

ave
760.104094172634
561.445192365528
576.354138372410
594.975768513720
667.971706383972
548.019118720699
598.073316317184
554.213759501358
552.903191116272
581.892173964799
565.062935587765
553.770441291463
557.796106384550
542.435415940741
564.158506548541
568.611884502128
602.665746323492
546.125190994535
532.057244646052
521.680308834688
518.857183339385
536.291788523047
542.507717580694
529.616420104316
513.007129740622
484.523195551031
462.746893266631
498.053108029932
517.395406881417
489.039388637186
475.114318641616
503.039878078106
460.758038786782
464.889346528018
479.930933276832
462.612532336239
500.627909448495
488.902111527670
474.675188214929
488.994087041057
492.991033851900
460.748609778730
460.748609778730
460.892399717175
460.748609778730
462.818978153374
460.748609778730
462.675188214929
489.896020519847
460.748609778730
460.748609778730
460.748609778730
472.417136044206
487.104889633563
472.417136044206
460.758038786782
460.748609778730
460.748609778730
460.748609778730
460.748609778730
460.748609778730
460.748609778730
460.748609778730
460.748609778730
460.748609778730
460.748609778730
460.748609778730
460.748609778730
460.748609778730
460.748609778730
460.748609778730
472.748609778730
460.748609778730
460.748609778730
460.748609778730
460.748609778730
460.748609778730
460.748609778730
460.748609778730
460.748609778730
460.748609778730
460.748609778730
472.748609778730
460.767467794835
472.748609778730
460.748609778730
460.748609778730
462.675188214929
460.748609778730
460.748609778730
460.758038786782
460.748609778730
460.748609778730
484.604210641750
460.748609778730
462.675188214929
460.748609778730
460.748609778730
460.748609778730
460.748609778730