最优解为:362.4621
最优解路径:

Best_route =

     0     0     0     0     0     0     0     0     0
     7     5     1     8     3     2     4     6     0

本次运算用时:2.254秒
算法在第4代时收敛

best
464.762745482401
464.762745482401
464.762745482401
362.462099856562
362.462099856562
362.462099856562
362.462099856562
362.462099856562
362.462099856562
362.462099856562
362.462099856562
362.462099856562
362.462099856562
362.462099856562
362.462099856562
362.462099856562
362.462099856562
362.462099856562
362.462099856562
362.462099856562
362.462099856562
362.462099856562
362.462099856562
362.462099856562
362.462099856562
362.462099856562
362.462099856562
362.462099856562
362.462099856562
362.462099856562
362.462099856562
362.462099856562
362.462099856562
362.462099856562
362.462099856562
362.462099856562
362.462099856562
362.462099856562
362.462099856562
362.462099856562
362.462099856562
362.462099856562
362.462099856562
362.462099856562
362.462099856562
362.462099856562
362.462099856562
362.462099856562
362.462099856562
362.462099856562
362.462099856562
362.462099856562
362.462099856562
362.462099856562
362.462099856562
362.462099856562
362.462099856562
362.462099856562
362.462099856562
362.462099856562
362.462099856562
362.462099856562
362.462099856562
362.462099856562
362.462099856562
362.462099856562
362.462099856562
362.462099856562
362.462099856562
362.462099856562
362.462099856562
362.462099856562
362.462099856562
362.462099856562
362.462099856562
362.462099856562
362.462099856562
362.462099856562
362.462099856562
362.462099856562
362.462099856562
362.462099856562
362.462099856562
362.462099856562
362.462099856562
362.462099856562
362.462099856562
362.462099856562
362.462099856562
362.462099856562
362.462099856562
362.462099856562
362.462099856562
362.462099856562
362.462099856562
362.462099856562
362.462099856562
362.462099856562
362.462099856562
362.462099856562

ave
695.315364738143
541.070239358419
671.205890622925
607.722559083632
505.770478180933
575.158308041978
552.808768107263
506.678409630088
560.631312133296
497.708126624310
516.174264310471
534.217678458813
557.583718620267
526.588495311679
529.695035341646
556.048866173775
495.459018849175
557.796645357630
532.944997208406
480.714171544722
518.826322357114
537.731507235948
566.662932696799
510.559468977520
506.475833448589
490.864393464062
494.425254990774
521.774710196298
513.625436862824
478.653612013171
488.861394507365
484.517032125016
461.323769532510
461.036189655620
461.467559470955
500.893665219108
460.892399717175
460.892399717175
478.390542236673
507.575346996467
460.892399717175
484.856266470892
461.036189655620
464.509526054809
472.865695478945
474.603103328187
472.417136044206
460.748609778730
460.892399717175
472.846837462840
476.420595683978
460.758038786782
472.417136044206
460.748609778730
472.748609778730
460.748609778730
460.748609778730
464.365736116364
472.417136044206
460.748609778730
460.748609778730
460.748609778730
464.221946177919
460.901828725227
460.892399717175
460.748609778730
460.748609778730
460.748609778730
460.758038786783
460.748609778730
460.748609778730
472.846837462840
460.748609778730
460.748609778730
476.430024692030
460.758038786782
460.748609778730
460.748609778730
460.748609778730
460.748609778730
460.748609778730
460.748609778730
476.430024692030
460.758038786783
460.748609778730
460.748609778730
462.675188214929
460.748609778730
460.748609778730
472.426565052258
460.748609778730
460.748609778730
460.748609778730
472.417136044206
460.748609778730
460.748609778730
488.420595683978
460.748609778730
460.758038786782
472.764290957506