最优解为:412.0186
最优解路径:

Best_route =

     1     7     3     4     5     2     8     6     0
     0     0     0     0     0     0     0     0     0

本次运算用时:2.181秒
算法在第2代时收敛

best
460.748609778731
412.018559376121
412.018559376121
412.018559376121
412.018559376121
412.018559376121
412.018559376121
412.018559376121
412.018559376121
412.018559376121
412.018559376121
412.018559376121
412.018559376121
412.018559376121
412.018559376121
412.018559376121
412.018559376121
412.018559376121
412.018559376121
412.018559376121
412.018559376121
412.018559376121
412.018559376121
412.018559376121
412.018559376121
412.018559376121
412.018559376121
412.018559376121
412.018559376121
412.018559376121
412.018559376121
412.018559376121
412.018559376121
412.018559376121
412.018559376121
412.018559376121
412.018559376121
412.018559376121
412.018559376121
412.018559376121
412.018559376121
412.018559376121
412.018559376121
412.018559376121
412.018559376121
412.018559376121
412.018559376121
412.018559376121
412.018559376121
412.018559376121
412.018559376121
412.018559376121
412.018559376121
412.018559376121
412.018559376121
412.018559376121
412.018559376121
412.018559376121
412.018559376121
412.018559376121
412.018559376121
412.018559376121
412.018559376121
412.018559376121
412.018559376121
412.018559376121
412.018559376121
412.018559376121
412.018559376121
412.018559376121
412.018559376121
412.018559376121
412.018559376121
412.018559376121
412.018559376121
412.018559376121
412.018559376121
412.018559376121
412.018559376121
412.018559376121
412.018559376121
412.018559376121
412.018559376121
412.018559376121
412.018559376121
412.018559376121
412.018559376121
412.018559376121
412.018559376121
412.018559376121
412.018559376121
412.018559376121
412.018559376121
412.018559376121
412.018559376121
412.018559376121
412.018559376121
412.018559376121
412.018559376121
412.018559376121

ave
649.855768910027
657.665073582602
669.247759927739
603.629072049120
564.667693734646
601.439914542115
613.272712195263
648.550259671035
640.292075746100
598.147103031456
470.418458321853
643.890634898751
499.763381894854
533.128010559105
527.391906306185
520.916811502742
489.646263845037
553.377571732192
560.374852828557
476.845548665432
466.537394260339
497.665491245647
496.604699512213
462.918970229233
474.612532336239
492.417162659780
466.454962507113
476.757891843136
520.321662421454
517.927514645579
510.629985668662
472.990627401285
498.087231878134
493.209676115243
472.417136044206
472.993804238614
460.767467794835
460.901828725227
460.748609778730
488.564385622423
460.748609778730
462.675188214929
460.748609778730
460.748609778730
472.846837462840
476.564385622423
460.748609778730
472.846837462840
460.892399717175
460.892399717175
460.892399717175
460.758038786782
460.748609778730
484.085662309682
460.748609778730
460.748609778730
460.776896802887
460.748609778730
460.748609778730
460.748609778730
460.748609778730
460.748609778730
472.417136044206
460.748609778730
460.748609778730
460.748609778730
460.748609778730
460.748609778730
460.748609778730
460.748609778730
460.748609778730
460.748609778730
460.892399717175
475.890472443395
460.748609778730
460.748609778730
460.748609778730
460.748609778730
464.221946177919
460.748609778730
460.748609778730
460.748609778730
460.748609778730
476.430024692030
460.892399717175
460.758038786782
460.748609778730
460.748609778730
460.748609778730
476.430024692030
460.748609778730
476.430024692030
472.846837462840
460.748609778730
472.426565052258
460.748609778730
460.748609778730
460.748609778730
472.417136044206
460.748609778730