最优解为:328.0032
最优解路径:

Best_route =

     0     0     0     0     0     0     0
     6     3     5     2     4     1     0

本次运算用时:2.969秒
算法在第1代时收敛

best
328.003197062820
328.003197062820
328.003197062820
328.003197062820
328.003197062820
328.003197062820
328.003197062820
328.003197062820
328.003197062820
328.003197062820
328.003197062820
328.003197062820
328.003197062820
328.003197062820
328.003197062820
328.003197062820
328.003197062820
328.003197062820
328.003197062820
328.003197062820
328.003197062820
328.003197062820
328.003197062820
328.003197062820
328.003197062820
328.003197062820
328.003197062820
328.003197062820
328.003197062820
328.003197062820
328.003197062820
328.003197062820
328.003197062820
328.003197062820
328.003197062820
328.003197062820
328.003197062820
328.003197062820
328.003197062820
328.003197062820
328.003197062820
328.003197062820
328.003197062820
328.003197062820
328.003197062820
328.003197062820
328.003197062820
328.003197062820
328.003197062820
328.003197062820
328.003197062820
328.003197062820
328.003197062820
328.003197062820
328.003197062820
328.003197062820
328.003197062820
328.003197062820
328.003197062820
328.003197062820
328.003197062820
328.003197062820
328.003197062820
328.003197062820
328.003197062820
328.003197062820
328.003197062820
328.003197062820
328.003197062820
328.003197062820
328.003197062820
328.003197062820
328.003197062820
328.003197062820
328.003197062820
328.003197062820
328.003197062820
328.003197062820
328.003197062820
328.003197062820
328.003197062820
328.003197062820
328.003197062820
328.003197062820
328.003197062820
328.003197062820
328.003197062820
328.003197062820
328.003197062820
328.003197062820
328.003197062820
328.003197062820
328.003197062820
328.003197062820
328.003197062820
328.003197062820
328.003197062820
328.003197062820
328.003197062820
328.003197062820
328.003197062820
328.003197062820
328.003197062820
328.003197062820
328.003197062820
328.003197062820
328.003197062820
328.003197062820
328.003197062820
328.003197062820
328.003197062820
328.003197062820
328.003197062820
328.003197062820
328.003197062820
328.003197062820
328.003197062820
328.003197062820
328.003197062820
328.003197062820
328.003197062820
328.003197062820
328.003197062820
328.003197062820
328.003197062820
328.003197062820
328.003197062820
328.003197062820
328.003197062820
328.003197062820
328.003197062820
328.003197062820
328.003197062820
328.003197062820
328.003197062820
328.003197062820
328.003197062820
328.003197062820
328.003197062820
328.003197062820
328.003197062820
328.003197062820
328.003197062820
328.003197062820
328.003197062820
328.003197062820
328.003197062820
328.003197062820
328.003197062820
328.003197062820
328.003197062820
328.003197062820
328.003197062820
328.003197062820
328.003197062820
328.003197062820
328.003197062820
328.003197062820
328.003197062820
328.003197062820
328.003197062820
328.003197062820
328.003197062820
328.003197062820
328.003197062820
328.003197062820
328.003197062820
328.003197062820
328.003197062820
328.003197062820
328.003197062820
328.003197062820
328.003197062820
328.003197062820
328.003197062820
328.003197062820
328.003197062820
328.003197062820
328.003197062820
328.003197062820
328.003197062820
328.003197062820
328.003197062820
328.003197062820
328.003197062820
328.003197062820
328.003197062820
328.003197062820
328.003197062820
328.003197062820
328.003197062820
328.003197062820
328.003197062820
328.003197062820
328.003197062820
328.003197062820
328.003197062820
328.003197062820
328.003197062820
328.003197062820

ave
350.491775692883
336.530930649390
332.903912005915
332.464322306984
366.965629563633
332.062715880362
333.725973795537
331.937474707633
332.329753278098
347.785175138872
333.449440270588
346.961116435233
329.380953168244
329.849571295366
345.139772001172
331.104945780315
329.536264096007
329.959964917681
329.889234446317
329.553754059760
330.344867063788
328.814035241034
328.589731579966
343.515870561437
328.566322938040
343.755010180591
329.561006470613
329.128857898227
328.003197062821
344.029259275821
358.582409991062
358.258852981704
343.713500899976
328.411958550532
343.435885671229
328.003197062821
343.292803526941
358.131456996205
328.003197062821
358.546000631182
328.003197062821
328.003197062821
328.003197062821
328.003197062821
328.003197062821
328.003197062821
328.003197062821
328.003197062821
328.003197062821
328.003197062821
328.003197062821
328.003197062821
328.149379938340
343.198620647870
342.969246517584
328.003197062821
328.003197062821
328.003197062821
328.003197062821
328.003197062821
328.003197062821
328.003197062821
328.003197062821
328.003197062821
343.152776947133
328.003197062821
328.727287412930
328.003197062821
328.003197062821
328.003197062821
328.003197062821
328.003197062821
328.003197062821
328.003197062821
328.003197062821
328.003197062821
328.003197062821
328.003197062821
328.003197062821
328.003197062821
328.003197062821
328.003197062821
328.003197062821
328.003197062821
328.003197062821
328.003197062821
328.003197062821
328.003197062821
328.003197062821
328.003197062821
328.003197062821
328.003197062821
328.003197062821
328.003197062821
328.003197062821
328.003197062821
328.003197062821
328.003197062821
328.003197062821
328.149379938340
328.003197062821
328.003197062821
328.727287412930
328.003197062821
328.003197062821
328.003197062821
328.003197062821
328.003197062821
328.003197062821
328.003197062821
328.003197062821
328.003197062821
328.003197062821
328.003197062821
343.152776947133
328.271979258099
328.003197062821
328.003197062821
328.003197062821
328.003197062821
328.003197062821
328.003197062821
328.003197062821
328.003197062821
328.003197062821
328.003197062821
343.198620647870
342.936033411155
328.003197062821
342.936033411155
328.003197062821
328.727287412930
328.003197062821
328.003197062821
328.003197062821
328.003197062821
328.003197062821
328.003197062821
328.003197062821
328.003197062821
328.003197062821
328.003197062821
328.003197062821
328.003197062821
328.003197062821
328.003197062821
343.152776947133
329.668011752211
328.003197062821
328.003197062821
328.003197062821
328.003197062821
328.003197062821
328.003197062821
328.003197062821
343.198620647870
328.003197062821
328.003197062821
343.214581095301
328.003197062821
328.003197062821
328.003197062821
343.152776947133
328.003197062821
328.003197062821
328.003197062821
328.003197062821
328.003197062821
328.003197062821
328.003197062821
328.003197062821
328.003197062821
328.003197062821
328.003197062821
328.003197062821
328.003197062821
343.198620647870
328.003197062821
328.003197062821
343.198620647870
328.003197062821
343.152776947133
328.003197062821
328.003197062821
328.003197062821
328.003197062821
328.003197062821
328.003197062821
328.003197062821
329.556834407193
328.571261547642
328.003197062821
328.003197062821
328.003197062821
328.003197062821
328.003197062821
328.003197062821
328.003197062821
328.003197062821
328.003197062821