最优解为:341.0699
最优解路径:

Best_route =

     0     0     0     0     0     0
     1     3     5     2     4     0

本次运算用时:1.422秒
算法在第3代时收敛

best
342.462895561899
342.462895561899
341.069857237060
341.069857237060
341.069857237060
341.069857237060
341.069857237060
341.069857237060
341.069857237060
341.069857237060
341.069857237060
341.069857237060
341.069857237060
341.069857237060
341.069857237060
341.069857237060
341.069857237060
341.069857237060
341.069857237060
341.069857237060
341.069857237060
341.069857237060
341.069857237060
341.069857237060
341.069857237060
341.069857237060
341.069857237060
341.069857237060
341.069857237060
341.069857237060
341.069857237060
341.069857237060
341.069857237060
341.069857237060
341.069857237060
341.069857237060
341.069857237060
341.069857237060
341.069857237060
341.069857237060
341.069857237060
341.069857237060
341.069857237060
341.069857237060
341.069857237060
341.069857237060
341.069857237060
341.069857237060
341.069857237060
341.069857237060
341.069857237060
341.069857237060
341.069857237060
341.069857237060
341.069857237060
341.069857237060
341.069857237060
341.069857237060
341.069857237060
341.069857237060
341.069857237060
341.069857237060
341.069857237060
341.069857237060
341.069857237060
341.069857237060
341.069857237060
341.069857237060
341.069857237060
341.069857237060
341.069857237060
341.069857237060
341.069857237060
341.069857237060
341.069857237060
341.069857237060
341.069857237060
341.069857237060
341.069857237060
341.069857237060
341.069857237060
341.069857237060
341.069857237060
341.069857237060
341.069857237060
341.069857237060
341.069857237060
341.069857237060
341.069857237060
341.069857237060
341.069857237060
341.069857237060
341.069857237060
341.069857237060
341.069857237060
341.069857237060
341.069857237060
341.069857237060
341.069857237060
341.069857237060

ave
356.478516847623
368.252271264122
343.687168747142
379.219391520443
343.994352322802
356.447694108326
355.962480956815
367.533779915269
343.627191931876
401.994205168275
342.849684426276
343.307554183727
343.142383751053
367.025752064075
355.147256538216
343.277264158634
354.936583514148
343.137424920419
354.834169596933
366.525637478766
354.366189632127
354.848008160827
341.893606566324
354.285250690084
353.873725812693
365.746863307862
389.100932777518
341.988468264840
377.573248728452
365.494049991805
353.632854321946
353.548414124794
342.100106802205
341.846746812469
342.015978409074
353.570058962939
353.501905573241
341.713208275224
341.713208275224
341.610978190677
353.443930161882
341.679131580375
341.645054885526
341.610978190677
341.778338261036
341.762363257602
341.666699723670
341.610978190677
341.610978190677
341.679131580375
341.610978190677
341.610978190677
341.610978190677
353.462470847701
341.610978190677
341.610978190677
341.610978190677
341.610978190677
341.610978190677
341.645054885526
341.666699723670
341.610978190677
341.610978190677
341.610978190677
341.610978190677
353.412107345398
341.610978190677
341.610978190677
341.610978190677
353.478006856730
341.610978190677
341.610978190677
341.610978190677
341.645054885526
341.610978190677
341.610978190677
341.610978190677
341.610978190677
341.610978190677
341.610978190677
341.610978190677
341.778338261036
341.610978190677
341.610978190677
341.610978190677
341.610978190677
353.779197316457
341.610978190677
341.610978190677
341.762363257602
341.716751421953
341.610978190677
341.610978190677
341.645054885526
341.610978190677
341.610978190677
341.762363257602
353.462470847701
341.610978190677
341.610978190677