最优解为:341.0699
最优解路径:

Best_route =

     0     0     0     0     0     0
     1     3     5     2     4     0

本次运算用时:1.297秒
算法在第15代时收敛

best
342.462895561899
342.462895561899
342.462895561899
342.010353276526
342.010353276526
342.010353276526
342.010353276526
342.010353276526
342.010353276526
342.010353276526
342.010353276526
342.010353276526
342.010353276526
341.610978190677
341.069857237060
341.069857237060
341.069857237060
341.069857237060
341.069857237060
341.069857237060
341.069857237060
341.069857237060
341.069857237060
341.069857237060
341.069857237060
341.069857237060
341.069857237060
341.069857237060
341.069857237060
341.069857237060
341.069857237060
341.069857237060
341.069857237060
341.069857237060
341.069857237060
341.069857237060
341.069857237060
341.069857237060
341.069857237060
341.069857237060
341.069857237060
341.069857237060
341.069857237060
341.069857237060
341.069857237060
341.069857237060
341.069857237060
341.069857237060
341.069857237060
341.069857237060
341.069857237060
341.069857237060
341.069857237060
341.069857237060
341.069857237060
341.069857237060
341.069857237060
341.069857237060
341.069857237060
341.069857237060
341.069857237060
341.069857237060
341.069857237060
341.069857237060
341.069857237060
341.069857237060
341.069857237060
341.069857237060
341.069857237060
341.069857237060
341.069857237060
341.069857237060
341.069857237060
341.069857237060
341.069857237060
341.069857237060
341.069857237060
341.069857237060
341.069857237060
341.069857237060
341.069857237060
341.069857237060
341.069857237060
341.069857237060
341.069857237060
341.069857237060
341.069857237060
341.069857237060
341.069857237060
341.069857237060
341.069857237060
341.069857237060
341.069857237060
341.069857237060
341.069857237060
341.069857237060
341.069857237060
341.069857237060
341.069857237060
341.069857237060

ave
368.385850355625
379.427970050484
379.132660529150
355.497042612961
355.099977074833
355.260966460025
343.764297608063
343.452170842399
355.616094649381
390.892993286988
343.459245449378
343.182651461827
355.679906871014
355.042911017501
367.491557629430
355.422573170116
367.707984675509
366.676449272516
354.680588732296
354.803502698402
343.724260512080
378.905198240228
354.653378753373
366.342625847703
342.943403423975
354.328708619642
366.946702433743
377.925920702414
378.518629463395
389.805369586463
378.178582495697
401.505477176562
401.794693501084
413.451424847593
377.937590121985
401.424891930160
413.208884390364
449.039278268989
472.320126670123
365.172301734882
376.906290548451
436.126458263460
388.383512006576
353.299164239713
352.998716265222
353.299164239713
388.846880188792
388.500820378652
400.139341129669
400.283847841959
376.627682883483
364.698823855321
352.942994732228
376.566096044401
352.825686360152
364.698823855321
376.571961350490
341.242887142129
341.415917047199
365.111213858008
341.125578770053
353.171746170292
341.221242303984
341.242887142129
352.825686360152
352.998716265222
353.289054542368
341.415917047199
341.242887142129
341.069857237059
352.825686360152
341.069857237059
352.881407893146
353.238076362840
352.825686360152
352.825686360152
341.069857237059
341.242887142129
341.336228516701
341.125578770053
353.238076362840
352.942994732228
341.476126771922
341.069857237059
341.069857237059
341.069857237059
341.069857237059
341.069857237059
341.069857237059
341.169319079456
341.069857237059
352.825686360152
341.069857237059
341.069857237059
341.069857237059
341.069857237059
352.870986391781
341.069857237059
341.242887142129
341.069857237059