最优解为:319.1666
最优解路径:

Best_route =

     0     0     0     0     0     0
     1     2     4     5     3     0

本次运算用时:1.405秒
算法在第1代时收敛

best
319.166558732064
319.166558732064
319.166558732064
319.166558732064
319.166558732064
319.166558732064
319.166558732064
319.166558732064
319.166558732064
319.166558732064
319.166558732064
319.166558732064
319.166558732064
319.166558732064
319.166558732064
319.166558732064
319.166558732064
319.166558732064
319.166558732064
319.166558732064
319.166558732064
319.166558732064
319.166558732064
319.166558732064
319.166558732064
319.166558732064
319.166558732064
319.166558732064
319.166558732064
319.166558732064
319.166558732064
319.166558732064
319.166558732064
319.166558732064
319.166558732064
319.166558732064
319.166558732064
319.166558732064
319.166558732064
319.166558732064
319.166558732064
319.166558732064
319.166558732064
319.166558732064
319.166558732064
319.166558732064
319.166558732064
319.166558732064
319.166558732064
319.166558732064
319.166558732064
319.166558732064
319.166558732064
319.166558732064
319.166558732064
319.166558732064
319.166558732064
319.166558732064
319.166558732064
319.166558732064
319.166558732064
319.166558732064
319.166558732064
319.166558732064
319.166558732064
319.166558732064
319.166558732064
319.166558732064
319.166558732064
319.166558732064
319.166558732064
319.166558732064
319.166558732064
319.166558732064
319.166558732064
319.166558732064
319.166558732064
319.166558732064
319.166558732064
319.166558732064
319.166558732064
319.166558732064
319.166558732064
319.166558732064
319.166558732064
319.166558732064
319.166558732064
319.166558732064
319.166558732064
319.166558732064
319.166558732064
319.166558732064
319.166558732064
319.166558732064
319.166558732064
319.166558732064
319.166558732064
319.166558732064
319.166558732064
319.166558732064

ave
357.268111317404
344.155880421445
320.113406585098
319.977655933585
331.793221780395
319.576046418494
319.522451573482
332.014459935222
331.869281419151
319.805012420949
319.228400732882
331.435571573482
319.417169572663
331.720409094622
331.355327571845
331.560071415060
343.392131573481
319.646951415060
319.250045571027
319.562498412444
319.333682733700
331.123118732064
331.246802733700
319.271840732882
319.228400732882
319.271840732882
319.228400732882
331.373729572663
319.411349414242
319.209998732064
319.166558732064
331.123118732064
319.271840732882
355.198916983624
319.166558732064
319.166558732064
319.166558732064
319.166558732064
319.228400732882
319.228400732882
343.079678732064
319.166558732064
319.266020574461
331.351934410808
331.123118732064
331.184960732882
331.123118732064
319.166558732064
343.222859858662
319.166558732064
319.166558732064
319.166558732064
319.166558732064
319.166558732064
319.166558732064
319.166558732064
319.166558732064
319.166558732064
319.228400732882
331.184960732882
331.184960732882
319.166558732064
319.247897857844
331.123118732064
331.166558732064
319.166558732064
319.166558732064
319.166558732064
319.166558732064
319.166558732064
319.166558732064
319.166558732064
319.166558732064
319.166558732064
319.228400732882
319.166558732064
331.123118732064
319.166558732064
319.166558732064
331.204457857844
319.166558732064
319.166558732064
319.166558732064
319.166558732064
319.166558732064
319.166558732064
319.166558732064
319.166558732064
319.166558732064
319.166558732064
319.166558732064
319.166558732064
319.166558732064
319.166558732064
319.166558732064
331.123118732064
319.166558732064
319.166558732064
319.166558732064
319.166558732064