最优解为:3580.7052
最优解路径:

Best_route =

  1 至 24 列

     7     8    43    17     3     4    33    34    55    56     0     0     0     0     0     0     0     0     0     0     0     0     0     0
    13    14    15    49    11     0     0     0     0     0     0     0     0     0     0     0     0     0     0     0     0     0     0     0
    51    52    27    28    16    35    36    12    31    32     0     0     0     0     0     0     0     0     0     0     0     0     0     0
     0     0     0     0     0     0     0     0     0     0     0     0     0     0     0     0     0     0     0     0     0     0     0     0
    37    38    25    26    29    30    50     0     0     0     0     0     0     0     0     0     0     0     0     0     0     0     0     0
    47    48    41    39    40     1    45    46    59    60     0     0     0     0     0     0     0     0     0     0     0     0     0     0
    53    54    44    23    24    42     9    10     0     0     0     0     0     0     0     0     0     0     0     0     0     0     0     0
    19    20    21    22    18     5     6     2    57    58     0     0     0     0     0     0     0     0     0     0     0     0     0     0

  25 至 48 列

     0     0     0     0     0     0     0     0     0     0     0     0     0     0     0     0     0     0     0     0     0     0     0     0
     0     0     0     0     0     0     0     0     0     0     0     0     0     0     0     0     0     0     0     0     0     0     0     0
     0     0     0     0     0     0     0     0     0     0     0     0     0     0     0     0     0     0     0     0     0     0     0     0
     0     0     0     0     0     0     0     0     0     0     0     0     0     0     0     0     0     0     0     0     0     0     0     0
     0     0     0     0     0     0     0     0     0     0     0     0     0     0     0     0     0     0     0     0     0     0     0     0
     0     0     0     0     0     0     0     0     0     0     0     0     0     0     0     0     0     0     0     0     0     0     0     0
     0     0     0     0     0     0     0     0     0     0     0     0     0     0     0     0     0     0     0     0     0     0     0     0
     0     0     0     0     0     0     0     0     0     0     0     0     0     0     0     0     0     0     0     0     0     0     0     0

  49 至 61 列

     0     0     0     0     0     0     0     0     0     0     0     0     0
     0     0     0     0     0     0     0     0     0     0     0     0     0
     0     0     0     0     0     0     0     0     0     0     0     0     0
     0     0     0     0     0     0     0     0     0     0     0     0     0
     0     0     0     0     0     0     0     0     0     0     0     0     0
     0     0     0     0     0     0     0     0     0     0     0     0     0
     0     0     0     0     0     0     0     0     0     0     0     0     0
     0     0     0     0     0     0     0     0     0     0     0     0     0

本次运算用时:498.657秒
算法在第382代时收敛

best
4026.37407960804
3670.17450114969
3597.32612201938
3597.32612201938
3597.32612201938
3597.32612201938
3597.32612201938
3597.32612201938
3597.32612201938
3597.32612201938
3597.32612201938
3597.32612201938
3597.32612201938
3597.32612201938
3597.32612201938
3597.32612201938
3597.32612201938
3597.32612201938
3597.32612201938
3597.32612201938
3597.32612201938
3597.32612201938
3597.32612201938
3597.32612201938
3597.32612201938
3597.32612201938
3597.32612201938
3597.32612201938
3597.32612201938
3597.32612201938
3597.32612201938
3597.32612201938
3597.32612201938
3597.32612201938
3597.32612201938
3597.32612201938
3597.32612201938
3597.32612201938
3597.32612201938
3597.32612201938
3597.32612201938
3597.32612201938
3597.32612201938
3597.32612201938
3597.32612201938
3597.32612201938
3597.32612201938
3597.32612201938
3597.32612201938
3597.32612201938
3597.32612201938
3597.32612201938
3597.32612201938
3597.32612201938
3597.32612201938
3597.32612201938
3597.32612201938
3597.32612201938
3597.32612201938
3597.32612201938
3597.32612201938
3597.32612201938
3597.32612201938
3597.32612201938
3597.32612201938
3597.32612201938
3597.32612201938
3597.32612201938
3597.32612201938
3597.32612201938
3597.32612201938
3597.32612201938
3597.32612201938
3597.32612201938
3597.32612201938
3597.32612201938
3597.32612201938
3597.32612201938
3597.32612201938
3597.32612201938
3597.32612201938
3597.32612201938
3597.32612201938
3597.32612201938
3597.32612201938
3597.32612201938
3597.32612201938
3597.32612201938
3597.32612201938
3597.32612201938
3597.32612201938
3597.32612201938
3597.32612201938
3597.32612201938
3597.32612201938
3597.32612201938
3597.32612201938
3597.32612201938
3597.32612201938
3597.32612201938
3597.32612201938
3597.32612201938
3597.32612201938
3597.32612201938
3597.32612201938
3597.32612201938
3597.32612201938
3597.32612201938
3597.32612201938
3597.32612201938
3597.32612201938
3597.32612201938
3597.32612201938
3597.32612201938
3597.32612201938
3597.32612201938
3597.32612201938
3597.32612201938
3597.32612201938
3597.32612201938
3597.32612201938
3597.32612201938
3597.32612201938
3597.32612201938
3597.32612201938
3597.32612201938
3597.32612201938
3597.32612201938
3597.32612201938
3597.32612201938
3597.32612201938
3597.32612201938
3597.32612201938
3597.32612201938
3597.32612201938
3597.32612201938
3597.32612201938
3597.32612201938
3597.32612201938
3597.32612201938
3597.32612201938
3597.32612201938
3597.32612201938
3597.32612201938
3597.32612201938
3597.32612201938
3597.32612201938
3597.32612201938
3597.32612201938
3597.32612201938
3597.32612201938
3597.32612201938
3597.32612201938
3597.32612201938
3597.32612201938
3597.32612201938
3597.32612201938
3597.32612201938
3597.32612201938
3597.32612201938
3597.32612201938
3597.32612201938
3597.32612201938
3597.32612201938
3597.32612201938
3597.32612201938
3597.32612201938
3597.32612201938
3597.32612201938
3597.32612201938
3597.32612201938
3597.32612201938
3597.32612201938
3597.32612201938
3597.32612201938
3597.32612201938
3597.32612201938
3597.32612201938
3597.32612201938
3597.32612201938
3597.32612201938
3597.32612201938
3597.32612201938
3597.32612201938
3597.32612201938
3597.32612201938
3597.32612201938
3597.32612201938
3597.32612201938
3597.32612201938
3597.32612201938
3597.32612201938
3597.32612201938
3597.32612201938
3597.32612201938
3597.32612201938
3597.32612201938
3597.32612201938
3597.32612201938
3597.32612201938
3597.32612201938
3597.32612201938
3597.32612201938
3597.32612201938
3597.32612201938
3597.32612201938
3597.32612201938
3597.32612201938
3597.32612201938
3597.32612201938
3597.32612201938
3597.32612201938
3597.32612201938
3597.32612201938
3597.32612201938
3597.32612201938
3597.32612201938
3597.32612201938
3597.32612201938
3597.32612201938
3597.32612201938
3597.32612201938
3597.32612201938
3597.32612201938
3597.32612201938
3597.32612201938
3597.32612201938
3597.32612201938
3597.32612201938
3597.32612201938
3597.32612201938
3597.32612201938
3597.32612201938
3597.32612201938
3597.32612201938
3597.32612201938
3597.32612201938
3597.32612201938
3597.32612201938
3597.32612201938
3597.32612201938
3597.32612201938
3597.32612201938
3597.32612201938
3597.32612201938
3597.32612201938
3597.32612201938
3597.32612201938
3597.32612201938
3597.32612201938
3597.32612201938
3597.32612201938
3597.32612201938
3597.32612201938
3597.32612201938
3597.32612201938
3597.32612201938
3597.32612201938
3597.32612201938
3597.32612201938
3597.32612201938
3597.32612201938
3597.32612201938
3597.32612201938
3597.32612201938
3597.32612201938
3597.32612201938
3597.32612201938
3597.32612201938
3597.32612201938
3597.32612201938
3597.32612201938
3597.32612201938
3597.32612201938
3597.32612201938
3597.32612201938
3597.32612201938
3597.32612201938
3597.32612201938
3597.32612201938
3597.32612201938
3597.32612201938
3597.32612201938
3597.32612201938
3597.32612201938
3597.32612201938
3597.32612201938
3597.32612201938
3597.32612201938
3597.32612201938
