最优解为:3568.5286
最优解路径:

Best_route =

  1 至 24 列

    57    58    47    48    44    53    54    18     0     0     0     0     0     0     0     0     0     0     0     0     0     0     0     0
    37    38    51    52    12     0     0     0     0     0     0     0     0     0     0     0     0     0     0     0     0     0     0     0
    41    39    40    27    28    35    36    19    20    16     0     0     0     0     0     0     0     0     0     0     0     0     0     0
     0     0     0     0     0     0     0     0     0     0     0     0     0     0     0     0     0     0     0     0     0     0     0     0
     3     4    43    21    22    34    55    56     2    45    46     0     0     0     0     0     0     0     0     0     0     0     0     0
    13    14    49    50    29    30     1    15    25    26     0     0     0     0     0     0     0     0     0     0     0     0     0     0
    33    23    24    11    59    17     7     8     0     0     0     0     0     0     0     0     0     0     0     0     0     0     0     0
    31    32    42     9    10    60     5     6     0     0     0     0     0     0     0     0     0     0     0     0     0     0     0     0

  25 至 48 列

     0     0     0     0     0     0     0     0     0     0     0     0     0     0     0     0     0     0     0     0     0     0     0     0
     0     0     0     0     0     0     0     0     0     0     0     0     0     0     0     0     0     0     0     0     0     0     0     0
     0     0     0     0     0     0     0     0     0     0     0     0     0     0     0     0     0     0     0     0     0     0     0     0
     0     0     0     0     0     0     0     0     0     0     0     0     0     0     0     0     0     0     0     0     0     0     0     0
     0     0     0     0     0     0     0     0     0     0     0     0     0     0     0     0     0     0     0     0     0     0     0     0
     0     0     0     0     0     0     0     0     0     0     0     0     0     0     0     0     0     0     0     0     0     0     0     0
     0     0     0     0     0     0     0     0     0     0     0     0     0     0     0     0     0     0     0     0     0     0     0     0
     0     0     0     0     0     0     0     0     0     0     0     0     0     0     0     0     0     0     0     0     0     0     0     0

  49 至 61 列

     0     0     0     0     0     0     0     0     0     0     0     0     0
     0     0     0     0     0     0     0     0     0     0     0     0     0
     0     0     0     0     0     0     0     0     0     0     0     0     0
     0     0     0     0     0     0     0     0     0     0     0     0     0
     0     0     0     0     0     0     0     0     0     0     0     0     0
     0     0     0     0     0     0     0     0     0     0     0     0     0
     0     0     0     0     0     0     0     0     0     0     0     0     0
     0     0     0     0     0     0     0     0     0     0     0     0     0

本次运算用时:415.121秒
算法在第1代时收敛

best
3568.52858083280
3568.52858083280
3568.52858083280
3568.52858083280
3568.52858083280
3568.52858083280
3568.52858083280
3568.52858083280
3568.52858083280
3568.52858083280
3568.52858083280
3568.52858083280
3568.52858083280
3568.52858083280
3568.52858083280
3568.52858083280
3568.52858083280
3568.52858083280
3568.52858083280
3568.52858083280
3568.52858083280
3568.52858083280
3568.52858083280
3568.52858083280
3568.52858083280
3568.52858083280
3568.52858083280
3568.52858083280
3568.52858083280
3568.52858083280
3568.52858083280
3568.52858083280
3568.52858083280
3568.52858083280
3568.52858083280
3568.52858083280
3568.52858083280
3568.52858083280
3568.52858083280
3568.52858083280
3568.52858083280
3568.52858083280
3568.52858083280
3568.52858083280
3568.52858083280
3568.52858083280
3568.52858083280
3568.52858083280
3568.52858083280
3568.52858083280
3568.52858083280
3568.52858083280
3568.52858083280
3568.52858083280
3568.52858083280
3568.52858083280
3568.52858083280
3568.52858083280
3568.52858083280
3568.52858083280
3568.52858083280
3568.52858083280
3568.52858083280
3568.52858083280
3568.52858083280
3568.52858083280
3568.52858083280
3568.52858083280
3568.52858083280
3568.52858083280
3568.52858083280
3568.52858083280
3568.52858083280
3568.52858083280
3568.52858083280
3568.52858083280
3568.52858083280
3568.52858083280
3568.52858083280
3568.52858083280
3568.52858083280
3568.52858083280
3568.52858083280
3568.52858083280
3568.52858083280
3568.52858083280
3568.52858083280
3568.52858083280
3568.52858083280
3568.52858083280
3568.52858083280
3568.52858083280
3568.52858083280
3568.52858083280
3568.52858083280
3568.52858083280
3568.52858083280
3568.52858083280
3568.52858083280
3568.52858083280
3568.52858083280
3568.52858083280
3568.52858083280
3568.52858083280
3568.52858083280
3568.52858083280
3568.52858083280
3568.52858083280
3568.52858083280
3568.52858083280
3568.52858083280
3568.52858083280
3568.52858083280
3568.52858083280
3568.52858083280
3568.52858083280
3568.52858083280
3568.52858083280
3568.52858083280
3568.52858083280
3568.52858083280
3568.52858083280
3568.52858083280
3568.52858083280
3568.52858083280
3568.52858083280
3568.52858083280
3568.52858083280
3568.52858083280
3568.52858083280
3568.52858083280
3568.52858083280
3568.52858083280
3568.52858083280
3568.52858083280
3568.52858083280
3568.52858083280
3568.52858083280
3568.52858083280
3568.52858083280
3568.52858083280
3568.52858083280
3568.52858083280
3568.52858083280
3568.52858083280
3568.52858083280
3568.52858083280
3568.52858083280
3568.52858083280
3568.52858083280
3568.52858083280
3568.52858083280
3568.52858083280
3568.52858083280
3568.52858083280
3568.52858083280
3568.52858083280
3568.52858083280
3568.52858083280
3568.52858083280
3568.52858083280
3568.52858083280
3568.52858083280
3568.52858083280
3568.52858083280
3568.52858083280
3568.52858083280
3568.52858083280
3568.52858083280
3568.52858083280
3568.52858083280
3568.52858083280
3568.52858083280
3568.52858083280
3568.52858083280
3568.52858083280
3568.52858083280
3568.52858083280
3568.52858083280
3568.52858083280
3568.52858083280
3568.52858083280
3568.52858083280
3568.52858083280
3568.52858083280
3568.52858083280
3568.52858083280
3568.52858083280
3568.52858083280
3568.52858083280
3568.52858083280
3568.52858083280
3568.52858083280
3568.52858083280
3568.52858083280
3568.52858083280
3568.52858083280
3568.52858083280
3568.52858083280
3568.52858083280
3568.52858083280
3568.52858083280
3568.52858083280
3568.52858083280
3568.52858083280
3568.52858083280
3568.52858083280
3568.52858083280
3568.52858083280
3568.52858083280
3568.52858083280
3568.52858083280
3568.52858083280
3568.52858083280
3568.52858083280
3568.52858083280
3568.52858083280
3568.52858083280
3568.52858083280
3568.52858083280
3568.52858083280
3568.52858083280
3568.52858083280
3568.52858083280
3568.52858083280
3568.52858083280
3568.52858083280
3568.52858083280
3568.52858083280
3568.52858083280
3568.52858083280
3568.52858083280
3568.52858083280
3568.52858083280
3568.52858083280
3568.52858083280
3568.52858083280
3568.52858083280
3568.52858083280
3568.52858083280
3568.52858083280
3568.52858083280
3568.52858083280
3568.52858083280
3568.52858083280
3568.52858083280
3568.52858083280
3568.52858083280
3568.52858083280
3568.52858083280
3568.52858083280
3568.52858083280
3568.52858083280
3568.52858083280
3568.52858083280
3568.52858083280
3568.52858083280
3568.52858083280
3568.52858083280
3568.52858083280
3568.52858083280
3568.52858083280
3568.52858083280
3568.52858083280
3568.52858083280
3568.52858083280
3568.52858083280
3568.52858083280
3568.52858083280
3568.52858083280
3568.52858083280
3568.52858083280
3568.52858083280
3568.52858083280
3568.52858083280
3568.52858083280
3568.52858083280
3568.52858083280
3568.52858083280
3568.52858083280
3568.52858083280
3568.52858083280
3568.52858083280
3568.52858083280
3568.52858083280
3568.52858083280
3568.52858083280
3568.52858083280
3568.52858083280
3568.52858083280
