最优解为:1414.4895
最优解路径:

Best_route =

  1 至 24 列

    14    28    21     2    15    16    22    26     0     0     0     0     0     0     0     0     0     0     0     0     0     0     0     0
     0     0     0     0     0     0     0     0     0     0     0     0     0     0     0     0     0     0     0     0     0     0     0     0
    13     9    10     3     4    20    30     5     6    12     0     0     0     0     0     0     0     0     0     0     0     0     0     0
    29     1    25    27    19    11    23    24     7     8    17    18     0     0     0     0     0     0     0     0     0     0     0     0

  25 至 31 列

     0     0     0     0     0     0     0
     0     0     0     0     0     0     0
     0     0     0     0     0     0     0
     0     0     0     0     0     0     0

本次运算用时:32.188秒
算法在第137代时收敛

best
1696.06704784724
1696.06704784724
1696.06704784724
1696.06704784724
1696.06704784724
1696.06704784724
1642.65478934594
1642.65478934594
1642.65478934594
1589.68019782572
1589.68019782572
1589.68019782572
1589.68019782572
1589.68019782572
1589.68019782572
1589.68019782572
1589.68019782572
1589.68019782572
1589.68019782572
1574.96487225454
1574.96487225454
1574.96487225454
1574.96487225454
1574.96487225454
1574.96487225454
1574.96487225454
1574.96487225454
1574.96487225454
1574.96487225454
1574.96487225454
1574.96487225454
1574.96487225454
1557.75120545814
1557.75120545814
1557.75120545814
1557.75120545814
1557.75120545814
1549.26775108475
1500.95748302219
1500.95748302219
1500.95748302219
1500.95748302219
1500.95748302219
1500.95748302219
1500.95748302219
1500.95748302219
1500.95748302219
1500.95748302219
1480.42771321621
1480.42771321621
1478.73709533887
1478.73709533887
1476.77950984585
1476.77950984585
1476.77950984585
1476.09201143754
1476.09201143754
1476.09201143754
1476.09201143754
1476.09201143754
1476.09201143754
1476.09201143754
1476.09201143754
1476.09201143754
1476.09201143754
1474.66459533887
1474.66459533887
1474.66459533887
1474.66459533887
1474.66459533887
1474.66459533887
1474.66459533887
1474.66459533887
1474.66459533887
1474.66459533887
1474.66459533887
1474.66459533887
1474.66459533887
1474.66459533887
1474.66459533887
1474.66459533887
1474.66459533887
1474.66459533887
1474.66459533887
1474.66459533887
1474.66459533887
1474.66459533887
1474.66459533887
1474.66459533887
1472.99658236189
1472.99658236189
1472.99658236189
1472.99658236189
1470.61932117745
1470.61932117745
1470.61932117745
1470.61932117745
1470.61932117745
1470.61932117745
1469.54966307027
1469.54966307027
1469.54966307027
1469.54966307027
1469.54966307027
1469.54966307027
1469.54966307027
1469.54966307027
1469.54966307027
1469.54966307027
1469.54966307027
1469.54966307027
1469.54966307027
1469.54966307027
1469.54966307027
1469.54966307027
1469.54966307027
1469.54966307027
1469.54966307027
1469.54966307027
1469.54966307027
1469.54966307027
1469.54966307027
1469.35002328736
1469.35002328736
1469.35002328736
1469.35002328736
1469.35002328736
1469.35002328736
1469.35002328736
1469.35002328736
1469.35002328736
1469.35002328736
1469.35002328736
1469.35002328736
1469.35002328736
1469.35002328736
1414.48952659495
1414.48952659495
1414.48952659495
1414.48952659495
1414.48952659495
1414.48952659495
1414.48952659495
1414.48952659495
1414.48952659495
1414.48952659495
1414.48952659495
1414.48952659495
1414.48952659495
1414.48952659495
1414.48952659495
1414.48952659495
1414.48952659495
1414.48952659495
1414.48952659495
1414.48952659495
1414.48952659495
1414.48952659495
1414.48952659495
1414.48952659495
1414.48952659495
1414.48952659495
1414.48952659495
1414.48952659495
1414.48952659495
1414.48952659495
1414.48952659495
1414.48952659495
1414.48952659495
1414.48952659495
1414.48952659495
1414.48952659495
1414.48952659495
1414.48952659495
1414.48952659495
1414.48952659495
1414.48952659495
1414.48952659495
1414.48952659495
1414.48952659495
1414.48952659495
1414.48952659495
1414.48952659495
1414.48952659495
1414.48952659495
1414.48952659495
1414.48952659495
1414.48952659495
1414.48952659495
1414.48952659495
1414.48952659495
1414.48952659495
1414.48952659495
1414.48952659495
1414.48952659495
1414.48952659495
1414.48952659495
1414.48952659495
1414.48952659495
1414.48952659495

ave
2246.91247613181
2195.06311816763
2203.74948750434
2283.45776766072
2300.30810961946
2211.63655261456
2263.71096482441
2173.82651660379
2232.76242587016
2259.95999185819
2220.80358358507
2163.68227754329
2279.48553239895
2227.59485290233
2218.88739417238
2306.46838057844
2236.57843823616
2264.61738440576
2237.54032783202
2165.02079049046
2298.61456778581
2452.52582948339
2211.43622516384
2226.04121668455
2355.80078077233
2224.36721490578
2374.72866708713
2265.15606684728
2195.09193910467
2195.92209898023
2153.86965565361
2189.01499956144
2200.89449564278
2116.56903150904
2266.85421451543
2295.10079585868
2179.25031753629
2109.85572232113
2220.62694200280
2011.81064311138
2123.53464576170
2167.09575342061
2018.87203032589
2273.00977087807
2056.50587668601
2054.46883574036
1880.79934205910
1964.84460325308
1934.81511288912
1971.91664145676
1996.49725507028
1947.28995773952
2000.64775365032
2028.67727213485
1823.54575480072
1847.22284154359
1859.07831066811
1875.81805804925
1876.26479268663
1841.86429107161
1774.72812304476
1927.30215361567
1697.92643528779
1809.05636199716
1978.37075392831
1736.43016565964
1754.51306732719
1808.09012040185
1813.50826763395
1754.56789107842
1646.81451270501
1855.33995844543
1750.34138953496
1814.25975401801
1670.15566210741
1752.81701981512
1759.28258224520
1670.73277540052
1794.14022694785
1794.61312668452
1715.58603687117
1674.17466875176
1777.09349949459
1618.46002893501
1616.30384995532
1698.34209783636
1664.42938947014
1653.89861300999
1974.69473602775
1774.04319839765
1733.88308619888
1687.74705617713
1808.95735625291
1519.68999815009
1616.11259409643
1935.82951700708
1820.09940646719
1944.51741758348
1733.51532517585
1867.36957092155
1605.56374555250
1790.10131925286
1859.79924753103
1805.71367674580
1868.30602999463
1697.41856752388
1680.10556731957
1757.99615323163
1736.39749658115
1740.08872742731
1790.89395434264
1754.23278929584
1700.66748200166
1666.44354297416
1778.88567762894
1718.72857584075
1752.60649913968
1759.19468277143
1744.08601935065
1736.37975851794
1589.84548650281
1612.86962131437
1791.33816036480
1599.23072870644
1757.20011489053
1701.19235315534
1599.50622741324
1687.96576143301
1742.63863486530
1715.45686486455
1751.78217477820
1731.37580065562
1670.64561678154
1786.48270172761
1683.92888086745
1855.36143911839
1651.23693493956
1826.45330182318
1641.04060229171
1788.39274928136
1610.42051535801
1670.54155254702
1682.49969900889
1713.13670353702
1675.97730275716
1762.86776591055
1736.63225238321
1785.25019066057
1615.27715335539
1749.51498261005
1815.19339556994
1761.60728061353
1774.20101374771
1713.39583141857
1737.80108167416
1702.03481784031
1723.44224145193
1760.25218360429
1759.93175595516
1621.61849291196
1805.50630768679
1873.38296059924
1770.79659524249
1719.28246619866
1714.98036385789
1747.34911633642
1763.56480123236
1693.48819857653
1743.43612539835
1722.01736771702
1916.08106113867
1697.74060223286
1847.85495224557
1735.50161230764
1718.97886937091
1835.17296483324
1697.43021819775
1733.66658385870
1789.16393834818
1739.09861829166
1718.91966453380
1811.54509688165
1675.49687774488
1630.42960065113
1725.28037085376
1641.65172909079
1755.09684401665
1793.48292867637
1662.73393703450
1745.87350284395
1772.36813792449
1688.30580748756
1720.80029822303
1654.56342342802
1810.56653592555
1664.89668246927
1725.06319268536
1689.53177615675
1869.17639170966
1887.99393625346