最优解为:701.2803
最优解路径:

Best_route =

  1 至 24 列

    19    28     1    34    15    14    30     9     3    17    16    38    13    27    18     7    24    20    29    23     8    12     0     0
     0     0     0     0     0     0     0     0     0     0     0     0     0     0     0     0     0     0     0     0     0     0     0     0
     0     0     0     0     0     0     0     0     0     0     0     0     0     0     0     0     0     0     0     0     0     0     0     0
     0     0     0     0     0     0     0     0     0     0     0     0     0     0     0     0     0     0     0     0     0     0     0     0
     0     0     0     0     0     0     0     0     0     0     0     0     0     0     0     0     0     0     0     0     0     0     0     0
     0     0     0     0     0     0     0     0     0     0     0     0     0     0     0     0     0     0     0     0     0     0     0     0
    33     6    37    22    26    10    40     2    31    11    36    25    39     4    21    35     5    32     0     0     0     0     0     0
     0     0     0     0     0     0     0     0     0     0     0     0     0     0     0     0     0     0     0     0     0     0     0     0
     0     0     0     0     0     0     0     0     0     0     0     0     0     0     0     0     0     0     0     0     0     0     0     0
     0     0     0     0     0     0     0     0     0     0     0     0     0     0     0     0     0     0     0     0     0     0     0     0

  25 至 41 列

     0     0     0     0     0     0     0     0     0     0     0     0     0     0     0     0     0
     0     0     0     0     0     0     0     0     0     0     0     0     0     0     0     0     0
     0     0     0     0     0     0     0     0     0     0     0     0     0     0     0     0     0
     0     0     0     0     0     0     0     0     0     0     0     0     0     0     0     0     0
     0     0     0     0     0     0     0     0     0     0     0     0     0     0     0     0     0
     0     0     0     0     0     0     0     0     0     0     0     0     0     0     0     0     0
     0     0     0     0     0     0     0     0     0     0     0     0     0     0     0     0     0
     0     0     0     0     0     0     0     0     0     0     0     0     0     0     0     0     0
     0     0     0     0     0     0     0     0     0     0     0     0     0     0     0     0     0
     0     0     0     0     0     0     0     0     0     0     0     0     0     0     0     0     0

本次运算用时:219.43秒
算法在第148代时收敛

best
1046.45452871375
1039.23242382679
1039.23242382679
1030.15534362472
1030.15534362472
1030.15534362472
1030.15534362472
1030.15534362472
1030.15534362472
737.539378996756
737.539378996756
728.114432208493
728.114432208493
724.611886047900
724.611886047900
724.611886047900
723.746793339050
723.746793339050
723.746793339050
723.746793339050
722.156382163323
716.585621551205
716.585621551205
716.585621551205
716.585621551205
709.318292751550
709.318292751550
709.318292751550
709.318292751550
709.318292751550
709.318292751550
708.378203734966
708.378203734966
708.378203734966
708.378203734966
708.378203734966
708.378203734966
708.378203734966
708.378203734966
708.378203734966
708.378203734966
706.867972752232
706.867972752232
706.867972752232
706.867972752232
706.867972752232
702.793784714294
702.793784714294
702.793784714294
702.793784714294
702.793784714294
702.793784714294
702.793784714294
702.793784714294
702.793784714294
702.793784714294
702.793784714294
702.793784714294
702.793784714294
702.793784714294
702.793784714294
702.793784714294
702.793784714294
702.793784714294
702.793784714294
702.793784714294
702.793784714294
702.793784714294
702.793784714294
702.793784714294
702.793784714294
702.793784714294
702.793784714294
702.793784714294
702.793784714294
702.793784714294
702.793784714294
702.793784714294
702.793784714294
702.793784714294
702.793784714294
702.793784714294
702.793784714294
702.793784714294
702.793784714294
702.793784714294
702.793784714294
702.793784714294
702.793784714294
702.793784714294
702.793784714294
702.793784714294
702.793784714294
702.793784714294
702.793784714294
702.793784714294
702.793784714294
702.793784714294
702.793784714294
702.793784714294
702.793784714294
702.793784714294
702.793784714294
702.793784714294
702.793784714294
702.793784714294
702.793784714294
702.793784714294
702.793784714294
702.793784714294
702.793784714294
702.793784714294
702.793784714294
702.793784714294
702.793784714294
702.793784714294
702.793784714294
702.793784714294
702.793784714294
702.793784714294
702.793784714294
702.793784714294
702.793784714294
702.793784714294
702.101420924189
702.101420924189
702.101420924189
702.101420924189
702.101420924189
702.101420924189
702.101420924189
702.101420924189
702.101420924189
702.101420924189
702.101420924189
702.101420924189
702.101420924189
702.101420924189
702.101420924189
702.101420924189
702.101420924189
702.101420924189
702.101420924189
702.101420924189
702.101420924189
702.101420924189
702.101420924189
701.280345997893
701.280345997893
701.280345997893
701.280345997893
701.280345997893
701.280345997893
701.280345997893
701.280345997893
701.280345997893
701.280345997893
701.280345997893
701.280345997893
701.280345997893
701.280345997893
701.280345997893
701.280345997893
701.280345997893
701.280345997893
701.280345997893
701.280345997893
701.280345997893
701.280345997893
701.280345997893
701.280345997893
701.280345997893
701.280345997893
701.280345997893
701.280345997893
701.280345997893
701.280345997893
701.280345997893
701.280345997893
701.280345997893
701.280345997893
701.280345997893
701.280345997893
701.280345997893
701.280345997893
701.280345997893
701.280345997893
701.280345997893
701.280345997893
701.280345997893
701.280345997893
701.280345997893
701.280345997893
701.280345997893
701.280345997893
701.280345997893
701.280345997893
701.280345997893
701.280345997893
701.280345997893
701.280345997893
701.280345997893
701.280345997893
701.280345997893
701.280345997893
701.280345997893
701.280345997893
701.280345997893
701.280345997893
701.280345997893
701.280345997893
701.280345997893
701.280345997893
701.280345997893
701.280345997893
701.280345997893
701.280345997893
701.280345997893
701.280345997893
701.280345997893
701.280345997893
701.280345997893
701.280345997893
701.280345997893
701.280345997893
701.280345997893
701.280345997893
701.280345997893
701.280345997893
701.280345997893
701.280345997893
701.280345997893
701.280345997893
701.280345997893
701.280345997893
701.280345997893
701.280345997893
701.280345997893
701.280345997893
701.280345997893
701.280345997893
701.280345997893
701.280345997893
701.280345997893
701.280345997893
701.280345997893
701.280345997893
701.280345997893
701.280345997893
701.280345997893
701.280345997893
701.280345997893
701.280345997893
701.280345997893
701.280345997893
701.280345997893
701.280345997893
701.280345997893
701.280345997893
701.280345997893
701.280345997893
701.280345997893
701.280345997893
701.280345997893
701.280345997893
701.280345997893
701.280345997893
701.280345997893
701.280345997893
701.280345997893
701.280345997893
701.280345997893
701.280345997893
701.280345997893
701.280345997893
701.280345997893
701.280345997893
701.280345997893
701.280345997893
701.280345997893
701.280345997893
701.280345997893
701.280345997893
701.280345997893
701.280345997893
701.280345997893
701.280345997893
701.280345997893
701.280345997893
701.280345997893
701.280345997893
701.280345997893
701.280345997893
701.280345997893
701.280345997893
701.280345997893
701.280345997893
701.280345997893
701.280345997893
701.280345997893
701.280345997893
701.280345997893
701.280345997893
701.280345997893
701.280345997893
701.280345997893
701.280345997893
701.280345997893
701.280345997893
701.280345997893
701.280345997893
701.280345997893
701.280345997893
701.280345997893
701.280345997893
701.280345997893
701.280345997893
701.280345997893
701.280345997893
