最优解为:1241.4643
最优解路径:

Best_route =

  1 至 24 列

    32    21    35    36    25    17    16     7    29    23     0     0     0     0     0     0     0     0     0     0     0     0     0     0
     0     0     0     0     0     0     0     0     0     0     0     0     0     0     0     0     0     0     0     0     0     0     0     0
    11     9     3    34    30    27    13    39     4    33     0     0     0     0     0     0     0     0     0     0     0     0     0     0
    19    40    10    14    15     5     2    37     8    26    22     0     0     0     0     0     0     0     0     0     0     0     0     0
     0     0     0     0     0     0     0     0     0     0     0     0     0     0     0     0     0     0     0     0     0     0     0     0
     0     0     0     0     0     0     0     0     0     0     0     0     0     0     0     0     0     0     0     0     0     0     0     0
     0     0     0     0     0     0     0     0     0     0     0     0     0     0     0     0     0     0     0     0     0     0     0     0
     0     0     0     0     0     0     0     0     0     0     0     0     0     0     0     0     0     0     0     0     0     0     0     0
     0     0     0     0     0     0     0     0     0     0     0     0     0     0     0     0     0     0     0     0     0     0     0     0
    28     1    20    24    38    18    31     6    12     0     0     0     0     0     0     0     0     0     0     0     0     0     0     0

  25 至 41 列

     0     0     0     0     0     0     0     0     0     0     0     0     0     0     0     0     0
     0     0     0     0     0     0     0     0     0     0     0     0     0     0     0     0     0
     0     0     0     0     0     0     0     0     0     0     0     0     0     0     0     0     0
     0     0     0     0     0     0     0     0     0     0     0     0     0     0     0     0     0
     0     0     0     0     0     0     0     0     0     0     0     0     0     0     0     0     0
     0     0     0     0     0     0     0     0     0     0     0     0     0     0     0     0     0
     0     0     0     0     0     0     0     0     0     0     0     0     0     0     0     0     0
     0     0     0     0     0     0     0     0     0     0     0     0     0     0     0     0     0
     0     0     0     0     0     0     0     0     0     0     0     0     0     0     0     0     0
     0     0     0     0     0     0     0     0     0     0     0     0     0     0     0     0     0

本次运算用时:231.863秒
算法在第262代时收敛

best
1276.82267182235
1269.62078168998
1269.62078168998
1268.17440526645
1268.17440526645
1268.17440526645
1266.95513503203
1257.51698223886
1257.51698223886
1256.44854050974
1256.44854050974
1256.44854050974
1256.44854050974
1255.23694207246
1255.23694207246
1247.15552876159
1247.15552876159
1247.15552876159
1247.15552876159
1247.15552876159
1247.15552876159
1247.15552876159
1247.15552876159
1247.15552876159
1247.15552876159
1246.85976407457
1246.85976407457
1246.85976407457
1246.85976407457
1246.85976407457
1246.85976407457
1246.85976407457
1245.56602532810
1245.56602532810
1245.56602532810
1245.56602532810
1245.56602532810
1244.43275729934
1244.43275729934
1244.43275729934
1244.43275729934
1244.43275729934
1244.43275729934
1244.43275729934
1244.43275729934
1244.43275729934
1244.43275729934
1244.43275729934
1244.43275729934
1244.43275729934
1244.43275729934
1244.43275729934
1244.43275729934
1244.43275729934
1244.43275729934
1244.43275729934
1244.43275729934
1244.43275729934
1244.34651856323
1244.34651856323
1243.11308360362
1242.86456185155
1242.86456185155
1242.86456185155
1242.86456185155
1242.86456185155
1242.86456185155
1242.86456185155
1242.86456185155
1242.86456185155
1242.86456185155
1242.86456185155
1242.86456185155
1242.86456185155
1242.86456185155
1242.86456185155
1242.86456185155
1242.86456185155
1242.86456185155
1242.86456185155
1242.86456185155
1242.86456185155
1242.86456185155
1242.86456185155
1242.86456185155
1242.86456185155
1242.86456185155
1242.86456185155
1242.86456185155
1242.86456185155
1242.86456185155
1242.86456185155
1242.86456185155
1242.86456185155
1242.86456185155
1242.86456185155
1242.86456185155
1242.86456185155
1242.86456185155
1242.86456185155
1242.86456185155
1242.86456185155
1242.86456185155
1242.86456185155
1242.86456185155
1242.86456185155
1242.86456185155
1242.86456185155
1242.86456185155
1242.86456185155
1242.86456185155
1242.86456185155
1242.86456185155
1242.86456185155
1242.86456185155
1242.86456185155
1242.86456185155
1242.86456185155
1242.86456185155
1242.86456185155
1242.86456185155
1242.86456185155
1242.86456185155
1242.86456185155
1242.86456185155
1242.86456185155
1242.86456185155
1242.86456185155
1242.86456185155
1242.86456185155
1242.86456185155
1242.86456185155
1242.86456185155
1242.86456185155
1242.86456185155
1242.86456185155
1242.86456185155
1242.86456185155
1242.86456185155
1242.86456185155
1242.86456185155
1242.86456185155
1242.86456185155
1242.86456185155
1242.86456185155
1242.86456185155
1242.86456185155
1242.86456185155
1242.86456185155
1242.86456185155
1242.77817285798
1242.77817285798
1242.77817285798
1242.77817285798
1242.77817285798
1242.77817285798
1242.77817285798
1242.77817285798
1242.77817285798
1242.77817285798
1242.77817285798
1242.77817285798
1242.77817285798
1242.65945951050
1242.65945951050
1242.65945951050
1242.65945951050
1242.65945951050
1242.65945951050
1242.65945951050
1242.65945951050
1242.44608359427
1242.44608359427
1242.44608359427
1242.44608359427
1242.44608359427
1242.44608359427
1242.44608359427
1242.11350783738
1242.11350783738
1242.11350783738
1242.11350783738
1242.11350783738
1242.11350783738
1242.11350783738
1242.11350783738
1242.11350783738
1242.11350783738
1242.11350783738
1242.11350783738
1242.11350783738
1242.11350783738
1242.11350783738
1242.11350783738
1242.11350783738
1242.11350783738
1242.11350783738
1242.11350783738
1242.11350783738
1242.11350783738
1242.11350783738
1242.11350783738
1242.11350783738
1242.11350783738
1242.11350783738
1242.11350783738
1242.11350783738
1242.11350783738
1242.11350783738
1242.11350783738
1242.11350783738
1241.90485819488
1241.90485819488
1241.90485819488
1241.90485819488
1241.90485819488
1241.90485819488
1241.90485819488
1241.90485819488
1241.90485819488
1241.90485819488
1241.90485819488
1241.90485819488
1241.90485819488
1241.90485819488
1241.90485819488
1241.90485819488
1241.90485819488
1241.90485819488
1241.90485819488
1241.90485819488
1241.90485819488
1241.90485819488
1241.90485819488
1241.90485819488
1241.90485819488
1241.90485819488
1241.90485819488
1241.90485819488
1241.90485819488
1241.90485819488
1241.90485819488
1241.90485819488
1241.90485819488
1241.90485819488
1241.90485819488
1241.90485819488
1241.90485819488
1241.90485819488
1241.90485819488
1241.90485819488
1241.90485819488
1241.90485819488
1241.90485819488
1241.90485819488
1241.90485819488
1241.90485819488
1241.90485819488
1241.90485819488
1241.90485819488
1241.90485819488
1241.46433227934
1241.46433227934
1241.46433227934
1241.46433227934
1241.46433227934
1241.46433227934
1241.46433227934
1241.46433227934
1241.46433227934
1241.46433227934
1241.46433227934
1241.46433227934
1241.46433227934
1241.46433227934
1241.46433227934
1241.46433227934
1241.46433227934
1241.46433227934
1241.46433227934
1241.46433227934
1241.46433227934
1241.46433227934
1241.46433227934
1241.46433227934
1241.46433227934
1241.46433227934
1241.46433227934
1241.46433227934
1241.46433227934
1241.46433227934
1241.46433227934
1241.46433227934
1241.46433227934
1241.46433227934
1241.46433227934
1241.46433227934
1241.46433227934
1241.46433227934
1241.46433227934
1241.46433227934
1241.46433227934
1241.46433227934
1241.46433227934
1241.46433227934
1241.46433227934
1241.46433227934
1241.46433227934
1241.46433227934
1241.46433227934
1241.46433227934
1241.46433227934
1241.46433227934
1241.46433227934
1241.46433227934
1241.46433227934
1241.46433227934
1241.46433227934
