最优解为:907.4011
最优解路径:

Best_route =

     1     7     2     5     8    11     3     4     0     0     0     0     0     0     0     0     0
    13    14     9    10     6    15    16    12     0     0     0     0     0     0     0     0     0

本次运算用时:7.89秒
算法在第116代时收敛

best
1008.63843546157
959.376660475182
959.376660475182
959.376660475182
959.376660475182
959.376660475182
959.376660475182
959.376660475182
959.376660475182
959.376660475182
959.376660475182
959.376660475182
959.376660475182
959.376660475182
959.376660475182
959.376660475182
959.376660475182
954.488192985393
954.488192985393
954.488192985393
954.488192985393
954.488192985393
954.488192985393
954.488192985393
954.488192985393
954.488192985393
954.488192985393
954.488192985393
954.488192985393
954.488192985393
954.488192985393
954.488192985393
954.488192985393
954.488192985393
954.488192985393
954.488192985393
954.488192985393
954.488192985393
954.488192985393
954.488192985393
954.488192985393
954.488192985393
954.488192985393
954.488192985393
954.488192985393
954.488192985393
954.488192985393
954.488192985393
954.488192985393
954.488192985393
954.488192985393
954.488192985393
954.488192985393
954.488192985393
954.488192985393
954.488192985393
954.488192985393
954.488192985393
954.488192985393
954.488192985393
954.488192985393
954.488192985393
954.488192985393
954.488192985393
954.488192985393
954.488192985393
954.488192985393
954.488192985393
954.488192985393
954.488192985393
954.488192985393
954.488192985393
954.488192985393
954.488192985393
954.488192985393
954.488192985393
954.488192985393
954.488192985393
954.488192985393
954.488192985393
954.488192985393
949.798118011922
949.798118011922
949.798118011922
949.798118011922
949.798118011922
949.798118011922
949.798118011922
949.798118011922
949.798118011922
949.798118011922
949.798118011922
949.798118011922
949.798118011922
949.798118011922
949.798118011922
949.798118011922
946.579770477761
946.579770477761
946.579770477761
946.579770477761
946.579770477761
946.579770477761
946.579770477761
946.579770477761
946.579770477761
943.919413167296
943.919413167296
943.919413167296
943.919413167296
943.919413167296
943.919413167296
943.919413167296
943.919413167296
943.919413167296
907.401071133126
907.401071133126
907.401071133126
907.401071133126
907.401071133126
907.401071133126
907.401071133126
907.401071133126
907.401071133126
907.401071133126
907.401071133126
907.401071133126
907.401071133126
907.401071133126
907.401071133126
907.401071133126
907.401071133126
907.401071133126
907.401071133126
907.401071133126
907.401071133126
907.401071133126
907.401071133126
907.401071133126
907.401071133126
907.401071133126
907.401071133126
907.401071133126
907.401071133126
907.401071133126
907.401071133126
907.401071133126
907.401071133126
907.401071133126
907.401071133126
907.401071133126
907.401071133126
907.401071133126
907.401071133126
907.401071133126
907.401071133126
907.401071133126
907.401071133126
907.401071133126
907.401071133126
907.401071133126
907.401071133126
907.401071133126
907.401071133126
907.401071133126
907.401071133126
907.401071133126
907.401071133126
907.401071133126
907.401071133126
907.401071133126
907.401071133126
907.401071133126
907.401071133126
907.401071133126
907.401071133126
907.401071133126
907.401071133126
907.401071133126
907.401071133126
907.401071133126
907.401071133126
907.401071133126
907.401071133126
907.401071133126
907.401071133126
907.401071133126
907.401071133126
907.401071133126
907.401071133126
907.401071133126
907.401071133126
907.401071133126
907.401071133126
907.401071133126
907.401071133126
907.401071133126
907.401071133126
907.401071133126
907.401071133126

ave
1168.11647439843
1132.98644731474
1147.39554148825
1198.93189206281
1131.81735164026
1178.20137439464
1215.67341640815
1148.58973866186
1134.45893264735
1166.99418765560
1163.51181019887
1128.59756142970
1103.69769937935
1125.42741353757
1077.04082503128
1089.70276291253
1071.50250860877
1067.71439125590
1107.66846849733
1102.09942814333
1111.78513382075
1087.48539912305
1112.05706490842
1122.22661857204
1092.87413548626
1045.94696953098
1086.03712924008
1123.91280831769
1068.67557539696
1079.75698939297
1061.62074507361
1074.41290395713
1053.42806030505
1069.02545922290
1060.63112507824
1039.15777267816
1057.57699207519
1033.63836220595
1050.56924973587
1033.83548721451
1004.25835772164
1029.49200377320
1012.43905328569
1013.40511361383
1008.33613201650
1021.46373985954
1014.10116240040
1011.60957788909
1003.05983189157
1009.93730965296
1018.41226275493
995.141482151873
1018.40545580121
997.087503612352
997.286778003159
1007.13283448816
1017.92606918151
1001.55147362046
999.607983353807
1002.25917152795
996.740271280402
1001.06271157448
1016.16800784759
995.793122406611
1019.39671303701
992.030676788010
1000.86595129194
994.499703832774
998.804705483559
993.718581368522
1010.73878970044
994.249023857603
995.362977449297
1018.83544147236
997.256048433969
990.396314306482
995.038824327196
996.580562415259
991.397745940595
998.323478123222
995.434307700801
991.281183932701
992.494344121090
991.136807926852
995.458558430469
990.641938790770
1000.89635058359
1001.98616260738
996.914630845043
994.152586593667
996.710443222667
1002.39258305211
990.644454157967
992.720813582142
1001.33552987008
991.877563633574
1011.53856161647
991.133070718462
995.802218924422
992.003403040507
1003.38586932391
1009.28057833630
994.291749556212
1000.75259715442
996.069635505999
989.195995960580
987.063480755421
978.329915794168
988.228593233832
986.020655966067
982.202364415428
986.922470858404
966.464035975140
975.136337447789
988.067939313259
958.824809059968
961.309222849866
976.256239319421
961.430324079523
967.135743136950
966.350325324218
956.906578144327
970.173784499507
974.042060576727
969.769941730029
968.399781210413
961.212489134039
967.550759235092
956.195383331289
976.026975079432
963.341679191514
998.444055139868
971.839728541331
964.919917503378
958.818772575416
982.757033000396
992.021657647984
965.334885153301
966.034275446926
961.756174344883
978.499895564117
957.105128321282
961.144941387732
947.134127400864
988.867226043341
972.801790696671
968.627610175251
966.088502649822
947.964502754015
952.113335072328
951.096461780780
959.866990072204
944.328564908204
964.885398811537
955.385849935325
949.442126442317
953.774374505771
955.770046504907
955.290434336474
971.476849501595
952.093724114192
952.965353745464
945.524550775342
957.377842713166
953.483658582381
946.107250481580
960.020918343795
950.076776165025
948.780835076623
955.889982309873
996.458472621383
950.389083519485
948.605700823846
950.622346915215
951.731930059240
946.360110268415
962.780556086022
963.035202097773
957.790843044995
969.343406430732
955.905606075839
948.965259709914
954.034139244819
968.659687599079
952.852305523790
953.037182612330
958.889820070833
958.430457498541
963.120645324392
950.395648648390
963.525952233886
973.551724464187
945.171145111975
965.128006886153
973.277809567561
976.903909330143
953.596077009277
962.919283685029
950.580887963355
951.600573579111