最优解为:902.2538
最优解路径:

Best_route =

     5     1     7     2    11    12     9     8     0     0     0     0     0     0     0     0     0
    15    16     6     3     4    13    14    10     0     0     0     0     0     0     0     0     0

本次运算用时:8.704秒
算法在第182代时收敛

best
997.406171110031
996.951667668483
996.951667668483
990.827685271996
990.827685271996
990.827685271996
990.827685271996
990.827685271996
990.827685271996
990.827685271996
990.827685271996
990.827685271996
990.827685271996
990.827685271996
990.827685271996
990.827685271996
990.827685271996
990.827685271996
990.827685271996
990.827685271996
990.827685271996
990.827685271996
990.827685271996
990.827685271996
958.366906478928
958.366906478928
958.366906478928
958.366906478928
958.366906478928
958.366906478928
958.366906478928
958.366906478928
958.366906478928
958.366906478928
958.366906478928
958.366906478928
958.366906478928
958.366906478928
958.366906478928
957.775439071911
957.775439071911
957.775439071911
957.775439071911
957.775439071911
957.775439071911
957.775439071911
957.775439071911
957.775439071911
957.775439071911
952.743165206648
952.743165206648
952.743165206648
952.743165206648
952.743165206648
949.798118011922
949.798118011922
949.798118011922
949.798118011922
949.798118011922
949.798118011922
949.798118011922
949.798118011922
949.259159538503
949.259159538503
949.259159538503
949.259159538503
949.259159538503
949.259159538503
949.259159538503
949.259159538503
949.259159538503
949.259159538503
949.259159538503
949.259159538503
949.259159538503
949.259159538503
949.259159538503
949.259159538503
949.259159538503
949.259159538503
949.259159538503
949.259159538503
949.259159538503
949.259159538503
949.259159538503
949.259159538503
949.259159538503
949.259159538503
949.259159538503
949.259159538503
949.259159538503
949.259159538503
949.259159538503
949.259159538503
949.259159538503
949.259159538503
949.259159538503
949.259159538503
949.259159538503
949.259159538503
949.259159538503
949.259159538503
949.259159538503
949.259159538503
949.259159538503
949.259159538503
949.259159538503
949.259159538503
949.259159538503
948.339404418417
948.339404418417
948.339404418417
948.339404418417
948.339404418417
948.339404418417
948.339404418417
948.339404418417
948.339404418417
948.339404418417
948.339404418417
948.339404418417
948.339404418417
948.339404418417
948.339404418417
948.339404418417
948.339404418417
948.339404418417
948.339404418417
948.339404418417
948.339404418417
948.339404418417
948.339404418417
948.339404418417
948.339404418417
948.339404418417
948.339404418417
948.339404418417
948.339404418417
948.339404418417
948.339404418417
948.339404418417
948.339404418417
948.339404418417
948.339404418417
948.339404418417
948.339404418417
948.339404418417
948.339404418417
948.339404418417
948.339404418417
948.339404418417
948.339404418417
948.339404418417
948.339404418417
948.339404418417
948.339404418417
948.339404418417
948.339404418417
948.339404418417
948.339404418417
948.339404418417
948.339404418417
948.339404418417
948.339404418417
948.339404418417
948.339404418417
948.339404418417
948.339404418417
948.339404418417
948.339404418417
948.339404418417
948.339404418417
948.339404418417
948.339404418417
948.339404418417
948.339404418417
948.339404418417
948.339404418417
948.339404418417
948.339404418417
948.339404418417
902.253752328141
902.253752328141
902.253752328141
902.253752328141
902.253752328141
902.253752328141
902.253752328141
902.253752328141
902.253752328141
902.253752328141
902.253752328141
902.253752328141
902.253752328141
902.253752328141
902.253752328141
902.253752328141
902.253752328141
902.253752328141
902.253752328141

ave
1157.67120084231
1122.19193244764
1107.06198814497
1133.58207493820
1096.35338021265
1065.53090070833
1100.90273228267
1114.68310776513
1137.83575824682
1092.64862339496
1088.67359751616
1090.32105433389
1103.94530128583
1120.47425213010
1091.78092694512
1105.00747748072
1087.81129974265
1081.78731189812
1072.26070162279
1101.29405980846
1101.67733637061
1056.53732094725
1113.35790110791
1063.80703349437
1102.57281925187
1054.75345288847
1064.14568612144
1082.36444675144
1066.85382688907
1044.42891569234
1061.39887378245
1073.72914763035
1065.98492698330
1081.38628103471
1094.85438445522
1043.99213038461
1047.89758900737
1042.95166002684
1049.73131530701
1045.54559475450
1042.74410398051
1070.21043242047
1044.47028893598
1038.99269640863
1059.83856968249
1055.36211247950
1035.07355650738
1063.99512636372
1030.82175005586
1043.74656320868
1015.10748225379
1019.70363993758
1014.55366088218
1022.85477058075
1021.56607130073
1046.75842594767
1024.98175039879
1023.82496336391
1017.41300426444
1014.35295821891
1006.75621500603
993.199224504099
996.945461635621
1007.72616834551
1019.35304441116
980.847635108594
987.999338753284
1010.30760524537
1010.36895835499
985.489594915141
997.046187423019
1023.67915646375
992.096285605169
1013.99000299787
989.972830976881
1016.49823860638
1006.76601156659
1010.08164434063
992.769245994639
1031.70667695806
1078.62644291506
1066.31082913005
1070.74679076603
1071.03342706041
1058.68545414777
1083.01530644190
966.851308879027
1051.52264069943
973.534514174365
992.620296685663
975.069328878058
965.400380211644
959.067982810716
974.228374059654
973.426520988343
967.735522138313
979.335005630785
962.849503659389
992.755221600103
964.090006621558
970.124107408518
954.663971575633
975.919721681271
973.301281590170
972.740380047053
954.299043863073
967.439951989130
966.374655931445
967.806505413519
962.315938804573
982.568054798410
966.957711893871
967.865995433951
976.106777487085
963.421628615048
993.936844377890
953.084202536455
971.659695064687
971.824746487321
967.941034035794
965.355823367913
955.228442135092
957.802497959596
959.329670260445
977.176107712282
964.324328570056
970.937283788041
972.106040084060
957.318953196468
963.116239971301
982.454397334507
965.762763529248
974.724070821572
967.216847508888
963.939694991586
958.144415492390
962.308465718601
954.952260951951
964.141137180396
972.322503922837
974.180471503968
956.012773651837
985.756362552557
969.388296927371
962.261868460369
975.096576614123
954.542559752350
956.419346218331
967.088921448477
964.768640019900
956.976204565884
960.285975616662
973.681780922671
968.970934733465
956.376087972418
955.236616597053
958.323231996698
959.416835787595
961.862209596941
962.941500592206
957.981719831725
965.708754018680
956.891432495973
950.343901429401
963.269591727488
952.538062741365
964.084529414225
956.038162553639
963.711668853376
972.545843128965
958.892204955655
956.736721064314
958.190456423304
960.104251727432
960.056839882193
962.839372717283
958.585587570327
961.699759996711
954.352895451371
958.734750034189
950.343901429401
956.766476234449
954.542559752350
975.874567812950
982.548414826113
955.154577719187
967.817945773370
962.447927549113
974.753015187005
956.376087972418
968.329400327983
986.172407567879
950.343901429401
986.473922205340
972.931138041469
962.278245158693
967.246833930240
956.323102669479
963.704257007696
987.451264780159