实验环境：
VeiNum = 2
Q_ant =130（空重箱分开时，70）
AntNum = 25 
iter_max = 200

cus：
40	50
40	50
40	50
48	40
25	85
65	85
47	35
44	5
0	40
45	68
15	80

task：
3	4	3	0	1
4	2	4	1	0
3	5	3	0	1
5	2	4	3	0
2	6	1	0	1
6	3	2	5	0
3	7	3	0	1
7	2	4	7	0
3	8	3	0	1
8	2	4	9	0
2	9	1	0	1
9	3	2	11	0
3	10	3	0	1
10	2	4	13	0
3	11	3	0	1
11	2	4	15	0


抽取的客户节点编号为

Cus_select =

    65    12    93    66    53    38     1    19

各任务对应的的客户节点编号为

Task_Cus =

    65    12    93    66    53    38     1    19


Task_size: 16

vNum:2

Tasktime:
0
0.166666666666667
0.986822878538309
0.166666666666667
1.61863830489966
1.74195732504700
0.166666666666667
0.166666666666667
1.08049030059784
0.166666666666667
1.79610236647432
1.69744307307108
0.166666666666667
0.166666666666667
1.13370520897340
0.166666666666667
1.64294787615500


Linktime:
0	0.820156211871642	0.320156211871642	1.45197163823299	0.951971638232989	0	1.07529065838033	0.913823633931171	0.413823633931171	1.62943569980765	1.12943569980765	0	1.03077640640442	0.967038542306735	0.467038542306735	1.47628120948833	0.976281209488332
0.320156211871642	1.30697909040995	0	1.93879451677130	1.26342787684933	0.486822878538309	1.20260134708057	1.40064651246948	0.127475487839820	2.11625857834596	0.880695747690427	0.486822878538309	1.20000000000000	1.45386142084504	0.704006392016436	1.96310408802664	1.29638921624642
0	0.820156211871642	0.486822878538309	1.45197163823299	1.11863830489966	0	1.24195732504700	0.913823633931171	0.580490300597838	1.62943569980765	1.29610236647432	0	1.19744307307108	0.967038542306735	0.633705208973402	1.47628120948833	1.14294787615500
0.951971638232989	1.93879451677130	1.26342787684933	2.57060994313264	0	1.11863830489966	1	2.03246193883083	1.36565002837477	2.74807400470731	2.05563250606717	1.11863830489966	1.28695376762338	2.08567684720639	0.656220237420334	2.59491951438799	0.279508497187474
0	0.820156211871642	0.486822878538309	1.45197163823299	1.11863830489966	0	1.24195732504700	0.913823633931171	0.580490300597838	1.62943569980765	1.29610236647432	0	1.19744307307108	0.967038542306735	0.633705208973402	1.47628120948833	1.14294787615500
1.07529065838033	2.06211353691864	1.20260134708057	2.69392896327998	1	1.24195732504700	0	2.15578095897817	1.32853302555864	2.87139302485465	2.06775844817522	1.24195732504700	79.0569415042095	2.20899586735373	0.656220237420334	2.71823853453533	1.25623445264011
1.57529065838033	1.20260134708057	2.06211353691864	1	2.69392896327998	1.57529065838033	2.81724798342732	1.32853302555864	2.15578095897817	2.06775844817522	2.87139302485465	1.57529065838033	2.77273373145141	0.656220237420334	2.20899586735373	1.25623445264011	2.71823853453533
0.413823633931171	1.40064651246948	0.127475487839820	2.03246193883083	1.36565002837477	0.580490300597838	1.32853302555864	1.49431393452901	0	2.20992600040549	0.753740671584067	0.580490300597838	1.18163022980965	1.54752884290457	0.826513762740827	2.05677151008617	1.38044376922785
0	0.820156211871642	0.486822878538309	1.45197163823299	1.11863830489966	0	1.24195732504700	0.913823633931171	0.580490300597838	1.62943569980765	1.29610236647432	0	1.19744307307108	0.967038542306735	0.633705208973402	1.47628120948833	1.14294787615500
1.12943569980765	2.11625857834596	0.880695747690427	2.74807400470731	2.05563250606717	1.29610236647432	2.06775844817522	2.20992600040549	0.753740671584067	2.92553806628197	0	1.29610236647432	1.40556927968706	2.26314090878105	1.57519840020234	2.77238357596265	2.01028604929746
0	0.820156211871642	0.486822878538309	1.45197163823299	1.11863830489966	0	1.24195732504700	0.913823633931171	0.580490300597838	1.62943569980765	1.29610236647432	0	1.19744307307108	0.967038542306735	0.633705208973402	1.47628120948833	1.14294787615500
1.03077640640442	2.01759928494272	1.20000000000000	2.64941471130407	1.28695376762338	1.19744307307108	79.0569415042095	2.11126670700225	1.18163022980965	2.82687877287873	1.40556927968706	1.19744307307108	0	2.16448161537782	1.32500000000000	2.67372428255941	1.06800046816469
1.53077640640442	1.20000000000000	2.01759928494272	1.28695376762338	2.64941471130407	1.53077640640442	2.77273373145141	1.18163022980965	2.11126670700225	1.40556927968706	2.82687877287873	1.53077640640442	2.72821947947550	1.32500000000000	2.16448161537782	1.06800046816469	2.67372428255941
0.467038542306735	1.45386142084504	0.704006392016436	2.08567684720639	0.656220237420334	0.633705208973402	0.656220237420334	1.54752884290457	0.826513762740827	2.26314090878105	1.57519840020234	0.633705208973402	1.32500000000000	1.60074375128014	0	2.10998641846173	0.807774721070176
0	0.820156211871642	0.486822878538309	1.45197163823299	1.11863830489966	0	1.24195732504700	0.913823633931171	0.580490300597838	1.62943569980765	1.29610236647432	0	1.19744307307108	0.967038542306735	0.633705208973402	1.47628120948833	1.14294787615500
0.976281209488332	1.96310408802664	1.29638921624642	2.59491951438799	0.279508497187474	1.14294787615500	1.25623445264011	2.05677151008617	1.38044376922785	2.77238357596265	2.01028604929746	1.14294787615500	1.06800046816469	2.10998641846173	0.807774721070176	2.61922908564333	0
0	0.820156211871642	0.486822878538309	1.45197163823299	1.11863830489966	0	1.24195732504700	0.913823633931171	0.580490300597838	1.62943569980765	1.29610236647432	0	1.19744307307108	0.967038542306735	0.633705208973402	1.47628120948833	1.14294787615500


linktime（task1）
0	0.320156211871642	0.951971638232989	0	0.413823633931171	1.12943569980765	0	0.467038542306735	0.976281209488332
0	0.486822878538309	1.11863830489966	0	0.580490300597838	1.29610236647432	0	0.633705208973402	1.14294787615500
0	0.486822878538309	1.11863830489966	0	0.580490300597838	1.29610236647432	0	0.633705208973402	1.14294787615500
1.07529065838033	1.20260134708057	1	1.24195732504700	1.32853302555864	2.06775844817522	1.24195732504700	0.656220237420334	1.25623445264011
0	0.486822878538309	1.11863830489966	0	0.580490300597838	1.29610236647432	0	0.633705208973402	1.14294787615500
0	0.486822878538309	1.11863830489966	0	0.580490300597838	1.29610236647432	0	0.633705208973402	1.14294787615500
1.03077640640442	1.20000000000000	1.28695376762338	1.19744307307108	1.18163022980965	1.40556927968706	1.19744307307108	1.32500000000000	1.06800046816469
0	0.486822878538309	1.11863830489966	0	0.580490300597838	1.29610236647432	0	0.633705208973402	1.14294787615500
0	0.486822878538309	1.11863830489966	0	0.580490300597838	1.29610236647432	0	0.633705208973402	1.14294787615500


linktime（task2）
0	0.820156211871642	1.45197163823299	1.07529065838033	0.913823633931171	1.62943569980765	1.03077640640442	0.967038542306735	1.47628120948833
0.320156211871642	1.30697909040995	1.93879451677130	1.20260134708057	1.40064651246948	2.11625857834596	1.20000000000000	1.45386142084504	1.96310408802664
0.951971638232989	1.93879451677130	2.57060994313264	1	2.03246193883083	2.74807400470731	1.28695376762338	2.08567684720639	2.59491951438799
1.57529065838033	1.20260134708057	1	2.81724798342732	1.32853302555864	2.06775844817522	2.77273373145141	0.656220237420334	1.25623445264011
0.413823633931171	1.40064651246948	2.03246193883083	1.32853302555864	1.49431393452901	2.20992600040549	1.18163022980965	1.54752884290457	2.05677151008617
1.12943569980765	2.11625857834596	2.74807400470731	2.06775844817522	2.20992600040549	2.92553806628197	1.40556927968706	2.26314090878105	2.77238357596265
1.53077640640442	1.20000000000000	1.28695376762338	2.77273373145141	1.18163022980965	1.40556927968706	2.72821947947550	1.32500000000000	1.06800046816469
0.467038542306735	1.45386142084504	2.08567684720639	0.656220237420334	1.54752884290457	2.26314090878105	1.32500000000000	1.60074375128014	2.10998641846173
0.976281209488332	1.96310408802664	2.59491951438799	1.25623445264011	2.05677151008617	2.77238357596265	1.06800046816469	2.10998641846173	2.61922908564333



tasktime（1）
0
0.986822878538309
1.61863830489966
1.74195732504700
1.08049030059784
1.79610236647432
1.69744307307108
1.13370520897340
1.64294787615500


tasktime（2）
0
0.166666666666667
0.166666666666667
0.166666666666667
0.166666666666667
0.166666666666667
0.166666666666667
0.166666666666667
0.166666666666667