最优解为:399.3078
最优解路径:

Best_route =

     0     0     0     0     0     0     0     0     0
     1     5     7     6     3     4     8     2     0

本次运算用时:2.031秒
算法在第23代时收敛

best
444.708031893131
444.708031893131
443.965194716198
443.965194716198
443.965194716198
443.965194716198
443.965194716198
443.965194716198
443.965194716198
443.965194716198
443.965194716198
443.965194716198
443.965194716198
443.965194716198
443.965194716198
443.965194716198
443.965194716198
443.965194716198
443.965194716198
443.965194716198
443.965194716198
443.965194716198
399.307750843276
399.307750843276
399.307750843276
399.307750843276
399.307750843276
399.307750843276
399.307750843276
399.307750843276
399.307750843276
399.307750843276
399.307750843276
399.307750843276
399.307750843276
399.307750843276
399.307750843276
399.307750843276
399.307750843276
399.307750843276
399.307750843276
399.307750843276
399.307750843276
399.307750843276
399.307750843276
399.307750843276
399.307750843276
399.307750843276
399.307750843276
399.307750843276
399.307750843276
399.307750843276
399.307750843276
399.307750843276
399.307750843276
399.307750843276
399.307750843276
399.307750843276
399.307750843276
399.307750843276
399.307750843276
399.307750843276
399.307750843276
399.307750843276
399.307750843276
399.307750843276
399.307750843276
399.307750843276
399.307750843276
399.307750843276
399.307750843276
399.307750843276
399.307750843276
399.307750843276
399.307750843276
399.307750843276
399.307750843276
399.307750843276
399.307750843276
399.307750843276
399.307750843276
399.307750843276
399.307750843276
399.307750843276
399.307750843276
399.307750843276
399.307750843276
399.307750843276
399.307750843276
399.307750843276
399.307750843276
399.307750843276
399.307750843276
399.307750843276
399.307750843276
399.307750843276
399.307750843276
399.307750843276
399.307750843276
399.307750843276

ave
508.163333980526
489.515038023737
464.044360028820
487.946850762131
463.001037422590
451.763389353900
475.249642606314
475.521718391948
452.421167326965
475.739511856214
468.638558539016
473.758789987940
472.948402045796
452.364290606886
502.055187296020
467.313366795633
480.321863990265
457.577513398864
452.338917620560
451.852144340025
471.603473920980
464.529613928118
492.113234072138
454.106450880807
447.175219098961
454.143285970148
444.380190932207
444.380190932207
447.616940194168
461.219994173793
474.559955331841
446.695742605897
494.036481580524
446.925698728912
444.046775221362
489.518648157450
443.965194716198
444.155387375230
473.783405300461
474.009633362516
444.039478433891
458.965194716198
459.039478433891
491.562119897438
473.929159313175
488.964309822345
459.002336575044
482.441552770343
459.039478433891
474.002336575044
443.965194716198
459.481506298603
443.965194716198
459.002336575044
444.009633362515
458.965194716198
444.039478433891
444.039478433891
459.002336575044
497.367269052650
474.518648157450
459.002336575044
473.892017454328
459.002336575044
443.965194716198
459.002336575044
458.965194716198
444.444364439757
444.002336575044
443.965194716198
443.965194716198
444.002336575044
443.965194716198
444.002336575044
459.110948728912
459.071815520389
465.261308833050
443.965194716198
458.965194716198
443.965194716198
443.965194716198
443.965194716198
444.009633362515
443.965194716198
444.009633362515
443.965194716198
458.783405300461
443.965194716198
475.057254349735
444.009633362515
443.965194716198
444.444364439757
443.965194716198
443.965194716198
443.965194716198
443.965194716198
444.002336575044
443.965194716198
443.965194716198
463.323212375230