最优解为:388.4242
最优解路径:

Best_route =

     0     0     0     0     0     0     0     0     0
     1     5     2     7     6     8     3     4     0

本次运算用时:2.03秒
算法在第6代时收敛

best
441.662859996902
441.662859996902
398.299177819186
398.299177819186
397.135507765919
388.424173776374
388.424173776374
388.424173776374
388.424173776374
388.424173776374
388.424173776374
388.424173776374
388.424173776374
388.424173776374
388.424173776374
388.424173776374
388.424173776374
388.424173776374
388.424173776374
388.424173776374
388.424173776374
388.424173776374
388.424173776374
388.424173776374
388.424173776374
388.424173776374
388.424173776374
388.424173776374
388.424173776374
388.424173776374
388.424173776374
388.424173776374
388.424173776374
388.424173776374
388.424173776374
388.424173776374
388.424173776374
388.424173776374
388.424173776374
388.424173776374
388.424173776374
388.424173776374
388.424173776374
388.424173776374
388.424173776374
388.424173776374
388.424173776374
388.424173776374
388.424173776374
388.424173776374
388.424173776374
388.424173776374
388.424173776374
388.424173776374
388.424173776374
388.424173776374
388.424173776374
388.424173776374
388.424173776374
388.424173776374
388.424173776374
388.424173776374
388.424173776374
388.424173776374
388.424173776374
388.424173776374
388.424173776374
388.424173776374
388.424173776374
388.424173776374
388.424173776374
388.424173776374
388.424173776374
388.424173776374
388.424173776374
388.424173776374
388.424173776374
388.424173776374
388.424173776374
388.424173776374
388.424173776374
388.424173776374
388.424173776374
388.424173776374
388.424173776374
388.424173776374
388.424173776374
388.424173776374
388.424173776374
388.424173776374
388.424173776374
388.424173776374
388.424173776374
388.424173776374
388.424173776374
388.424173776374
388.424173776374
388.424173776374
388.424173776374
388.424173776374

ave
477.993873233623
469.473920412188
475.159493002183
472.530603727319
499.662940198273
452.052331200219
477.528089385172
457.648983693885
547.393232942752
468.122907538377
457.125386829012
450.892335581849
475.211867358966
455.726255412021
492.742811835850
445.783802045828
475.662318316464
449.924795918409
452.736403166734
537.847821796678
453.365501687584
452.447744151462
487.237918636122
471.586018695724
449.297341221234
444.370283819348
469.536053699745
449.611035098833
445.101288748587
449.213605214888
479.363524543147
444.098510655151
444.236967880394
444.622119025028
441.443652227530
444.009633362515
444.098510655151
476.476504561808
443.965194716198
444.002336575044
446.524978038591
443.965194716198
458.827843946778
444.009633362515
444.488803086074
446.524978038591
444.054072008833
444.054072008833
444.009633362515
443.965194716198
459.262575024020
448.860251545527
444.009633362515
444.009633362515
443.965194716198
443.965194716198
443.965194716198
443.965194716198
443.965194716198
444.009633362515
443.965194716198
443.965194716198
459.118245516383
443.965194716198
444.009633362515
443.965194716198
443.965194716198
444.444364439757
443.965194716198
444.481506298603
443.965194716198
446.524978038591
443.965194716198
443.965194716198
443.965194716198
443.965194716198
443.965194716198
443.965194716198
443.965194716198
458.783405300461
443.965194716198
443.965194716198
459.071815520389
444.002336575044
444.009633362515
444.009633362515
458.965194716198
443.965194716198
458.827843946778
459.071815520389
443.965194716198
446.524978038591
459.009633362515
443.965194716198
443.965194716198
443.965194716198
443.965194716198
443.965194716198
461.524978038591
443.965194716198