实验环境：
VeiNum = 2
Q_ant = 60
AntNum = 20 
iter_max = 100

抽取的客户节点编号为

Cus_select =

    76    12    28    61

各任务对应的的客户节点编号为

Task_Cus =

    76    12    28    61

cus：
35	35
35	35
35	35
49	42
50	35
41	37
12	24


task：
3	4	3	0	1
4	2	4	1	0
3	5	3	0	1
5	2	4	3	0
3	6	3	0	1
6	2	4	5	0
2	7	1	0	1
7	3	2	7	0


linktime
0	0.891311896062463	0.391311896062463	0.875000000000000	0.375000000000000	0.658113883008419	0.158113883008419	0	0.637377439199098
0.391311896062463	1.44929045879159	0	1.43297856272913	0.176776695296637	1.21609244573755	0.235849528301415	0.557978562729130	1.02865203057205
0	0.891311896062463	0.557978562729130	0.875000000000000	0.541666666666667	0.658113883008419	0.324780549675086	0	0.804044105865765
0.375000000000000	1.43297856272913	0.176776695296637	1.41666666666667	0	1.19978054967509	0.230488611432322	0.541666666666667	0.989002022242624
0	0.891311896062463	0.557978562729130	0.875000000000000	0.541666666666667	0.658113883008419	0.324780549675086	0	0.804044105865765
0.158113883008419	1.21609244573755	0.235849528301415	1.19978054967509	0.230488611432322	0.982894432683505	0	0.324780549675086	0.794512429103535
0	0.891311896062463	0.557978562729130	0.875000000000000	0.541666666666667	0.658113883008419	0.324780549675086	0	0.804044105865765
0.637377439199098	1.69535600192823	1.02865203057205	1.67904410586576	0.989002022242624	1.46215798887418	0.794512429103535	0.804044105865765	0
1.13737743919910	1.02865203057205	1.69535600192823	0.989002022242624	1.67904410586577	0.794512429103535	1.46215798887418	1.13737743919910	1.94142154506486

tasktime
0
0.166666666666667
1.05797856272913
0.166666666666667
1.04166666666667
0.166666666666667
0.824780549675086
1.30404410586577
0.166666666666667


1
4	2	4	0	0
5	2	4	0	0
6	2	4	0	0
2	7	1	0	1


2
3	4	3	0	1
3	5	3	0	1
3	6	3	0	1
7	3	2	0	0



linktime1
0	0.391311896062463	0.375000000000000	0.158113883008419	0
0	0.557978562729130	0.541666666666667	0.324780549675086	0
0	0.557978562729130	0.541666666666667	0.324780549675086	0
0	0.557978562729130	0.541666666666667	0.324780549675086	0
0.637377439199098	1.02865203057205	0.989002022242624	0.794512429103535	0.804044105865765

tasktime1
0
1.05797856272913
1.04166666666667
0.824780549675086
1.30404410586577


linktime2
0	0.891311896062463	0.875000000000000	0.658113883008419	0.637377439199098
0.391311896062463	1.44929045879159	1.43297856272913	1.21609244573755	1.02865203057205
0.375000000000000	1.43297856272913	1.41666666666667	1.19978054967509	0.989002022242624
0.158113883008419	1.21609244573755	1.19978054967509	0.982894432683505	0.794512429103535
1.13737743919910	1.02865203057205	0.989002022242624	0.794512429103535	1.94142154506486


tasktime2
0
0.166666666666667
0.166666666666667
0.166666666666667
0.166666666666667