实验环境：
VeiNum = 2
Q_ant = 100
AntNum = 20 
iter_max = 200
抽取的客户节点编号为

Cus_select =

    28    93    87    72    57    44

各任务对应的的客户节点编号为

Task_Cus =

    28    93    87    72    57    44

cus
40	50
40	50
40	50
92	30
61	52
12	24
63	65
30	25
55	82

task
3	4	3	0	1
4	2	4	1	0
2	5	1	0	1
5	3	2	3	0
3	6	3	0	1
6	2	4	5	0
2	7	1	0	1
7	3	2	7	0
3	8	3	0	1
8	2	4	9	0
3	9	3	0	1
9	2	4	11	0

linktime
0	1.89283882771841	1.39283882771841	0	0.527375577743225	1.45524865872714	0.955248658727140	0	0.686476510887299	1.17314560089181	0.673145600891813	1.38352985235361	0.883529852353615
1.39283882771841	3.45234432210349	0	1.55950549438508	0.950328890437411	3.01475415311222	2.00561711201316	1.55950549438508	1.13633181773635	2.73265109527689	1.55503215400840	2.94303534673869	1.59550148856089
0	1.89283882771841	1.55950549438508	0	0.694042244409891	1.45524865872714	1.12191532539381	0	0.853143177553966	1.17314560089181	0.839812267558480	1.38352985235361	1.05019651902028
0.527375577743225	2.58688107212830	0.950328890437411	0.694042244409891	0	2.14929090313703	1.41089510595225	0.694042244409891	13.1529464379659	1.86718784530170	1.02774023955472	2.07757209676351	0.764852927038918
1.02737557774322	0.950328890437411	2.58688107212830	1.02737557774322	1.72141782215312	1.41089510595225	2.14929090313703	1.02737557774322	1.88051875529719	1.02774023955472	1.86718784530170	0.764852927038918	2.07757209676351
0.955248658727140	3.01475415311222	2.00561711201316	1.12191532539381	1.41089510595225	2.57716398412095	0	1.12191532539381	1.63592481489829	2.29506092628562	0.450693909432999	2.50544517774742	1.80502770061847
0	1.89283882771841	1.55950549438508	0	0.694042244409891	1.45524865872714	1.12191532539381	0	0.853143177553966	1.17314560089181	0.839812267558480	1.38352985235361	1.05019651902028
0.686476510887299	2.74598200527238	1.13633181773635	0.853143177553966	13.1529464379659	2.30839183628111	1.63592481489829	0.853143177553966	0	2.02628877844578	1.29638921624642	2.23667302990758	0.469707355701398
1.18647651088730	1.13633181773635	2.74598200527238	1.18647651088730	1.88051875529719	1.63592481489829	2.30839183628111	1.18647651088730	2.03961968844127	1.29638921624642	2.02628877844578	0.469707355701398	2.23667302990758
0.673145600891813	2.73265109527689	1.55503215400840	0.839812267558480	1.02774023955472	2.29506092628562	0.450693909432999	0.839812267558480	1.29638921624642	2.01295786845029	0	2.22334211991209	1.55603663195954
0	1.89283882771841	1.55950549438508	0	0.694042244409891	1.45524865872714	1.12191532539381	0	0.853143177553966	1.17314560089181	0.839812267558480	1.38352985235361	1.05019651902028
0.883529852353615	2.94303534673869	1.59550148856089	1.05019651902028	0.764852927038918	2.50544517774742	1.80502770061847	1.05019651902028	0.469707355701398	2.22334211991209	1.55603663195954	2.43372637137390	0
0	1.89283882771841	1.55950549438508	0	0.694042244409891	1.45524865872714	1.12191532539381	0	0.853143177553966	1.17314560089181	0.839812267558480	1.38352985235361	1.05019651902028


tasktime
0
0.166666666666667
2.05950549438508
1.19404224440989
0.166666666666667
0.166666666666667
1.62191532539381
1.35314317755397
0.166666666666667
0.166666666666667
1.33981226755848
0.166666666666667
1.55019651902028


1
4	2	4	0	0
2	5	1	0	1
6	2	4	0	0
2	7	1	0	1
8	2	4	0	0
9	2	4	0	0


2
3	4	3	0	1
5	3	2	0	0
3	6	3	0	1
7	3	2	0	0
3	8	3	0	1
3	9	3	0	1


linktime1
0	1.39283882771841	0	0.955248658727140	0	0.673145600891813	0.883529852353615
0	1.55950549438508	0	1.12191532539381	0	0.839812267558480	1.05019651902028
0.527375577743225	0.950328890437411	0.694042244409891	1.41089510595225	0.694042244409891	1.02774023955472	0.764852927038918
0	1.55950549438508	0	1.12191532539381	0	0.839812267558480	1.05019651902028
0.686476510887299	1.13633181773635	0.853143177553966	1.63592481489829	0.853143177553966	1.29638921624642	0.469707355701398
0	1.55950549438508	0	1.12191532539381	0	0.839812267558480	1.05019651902028
0	1.55950549438508	0	1.12191532539381	0	0.839812267558480	1.05019651902028

tasktime1
0
2.05950549438508
1.19404224440989
1.62191532539381
1.35314317755397
1.33981226755848
1.55019651902028

linktime2
0	1.89283882771841	0.527375577743225	1.45524865872714	0.686476510887299	1.17314560089181	1.38352985235361
1.39283882771841	3.45234432210349	0.950328890437411	3.01475415311222	1.13633181773635	2.73265109527689	2.94303534673869
1.02737557774322	0.950328890437411	1.72141782215312	1.41089510595225	1.88051875529719	1.02774023955472	0.764852927038918
0.955248658727140	3.01475415311222	1.41089510595225	2.57716398412095	1.63592481489829	2.29506092628562	2.50544517774742
1.18647651088730	1.13633181773635	1.88051875529719	1.63592481489829	2.03961968844127	1.29638921624642	0.469707355701398
0.673145600891813	2.73265109527689	1.02774023955472	2.29506092628562	1.29638921624642	2.01295786845029	2.22334211991209
0.883529852353615	2.94303534673869	0.764852927038918	2.50544517774742	0.469707355701398	2.22334211991209	2.43372637137390

tasktime2
0
0.166666666666667
0.166666666666667
0.166666666666667
0.166666666666667
0.166666666666667
0.166666666666667