最优解为:587.9828
最优解路径:

Best_route =

     0     0     0     0     0     0     0     0     0     0     0
     0     0     0     0     0     0     0     0     0     0     0
     1     2     5     6     7     8     9    10     3     4     0

本次运算用时:2.843秒
算法在第1代时收敛

best
587.982813331758
587.982813331758
587.982813331758
587.982813331758
587.982813331758
587.982813331758
587.982813331758
587.982813331758
587.982813331758
587.982813331758
587.982813331758
587.982813331758
587.982813331758
587.982813331758
587.982813331758
587.982813331758
587.982813331758
587.982813331758
587.982813331758
587.982813331758
587.982813331758
587.982813331758
587.982813331758
587.982813331758
587.982813331758
587.982813331758
587.982813331758
587.982813331758
587.982813331758
587.982813331758
587.982813331758
587.982813331758
587.982813331758
587.982813331758
587.982813331758
587.982813331758
587.982813331758
587.982813331758
587.982813331758
587.982813331758
587.982813331758
587.982813331758
587.982813331758
587.982813331758
587.982813331758
587.982813331758
587.982813331758
587.982813331758
587.982813331758
587.982813331758
587.982813331758
587.982813331758
587.982813331758
587.982813331758
587.982813331758
587.982813331758
587.982813331758
587.982813331758
587.982813331758
587.982813331758
587.982813331758
587.982813331758
587.982813331758
587.982813331758
587.982813331758
587.982813331758
587.982813331758
587.982813331758
587.982813331758
587.982813331758
587.982813331758
587.982813331758
587.982813331758
587.982813331758
587.982813331758
587.982813331758
587.982813331758
587.982813331758
587.982813331758
587.982813331758
587.982813331758
587.982813331758
587.982813331758
587.982813331758
587.982813331758
587.982813331758
587.982813331758
587.982813331758
587.982813331758
587.982813331758
587.982813331758
587.982813331758
587.982813331758
587.982813331758
587.982813331758
587.982813331758
587.982813331758
587.982813331758
587.982813331758
587.982813331758

ave
794.530647114095
777.157992471629
768.935285039019
700.323620302101
784.654811702879
694.095327520833
742.927768687593
683.478235250977
718.305478234787
676.355022467174
793.499378370166
790.537735245526
663.946196044127
673.118699490739
676.148125313507
617.618964228685
675.820916523007
647.467089935016
603.457514340375
665.202841753549
649.910027520542
602.779962536853
619.336437767522
620.987730591078
633.028842984105
662.373744284253
603.628308462036
619.048173066317
649.121174954612
646.985181632326
633.859974964278
604.072142078893
604.219887884012
680.717173908843
648.141395137699
641.193276152327
640.388766668839
617.982813331759
605.172978306318
618.439385483145
604.138832948455
605.261188636476
635.156852524269
633.787001903859
648.728853294953
650.399931096679
588.642314677536
588.439385483145
633.431892401062
648.565945229248
587.982813331759
633.584393620856
615.660722709468
603.759269477056
603.439706394533
619.302098864655
619.044409652090
588.650763579031
589.766837076194
604.392475905451
605.002184184656
589.040644860855
634.352004944119
640.076881743775
634.776715689973
603.448990429727
603.551937636740
588.584072709468
589.887838131284
628.912929782120
603.448990429727
619.364575110335
603.899722425767
685.135123711843
604.356126208840
588.895957634532
632.982813331759
600.914686577852
603.551937636740
587.982813331759
604.790806088771
589.077315468854
633.849929359195
588.584072709468
618.765430543791
656.726473042374
603.968038826793
618.335294210259
618.701027508989
619.424622957393
634.728670408208
669.950323374682
604.302098864655
619.049093762350
634.189546711061
618.642314677536
589.384621582541
619.957706497937
602.856254962665
589.465081939513