最优解为:535.1785
最优解路径:

Best_route =

     0     0     0     0     0     0     0     0     0
     7     8     3     4     1     2     5     6     0

本次运算用时:3.546秒
算法在第1代时收敛

best
535.178466420385
535.178466420385
535.178466420385
535.178466420385
535.178466420385
535.178466420385
535.178466420385
535.178466420385
535.178466420385
535.178466420385
535.178466420385
535.178466420385
535.178466420385
535.178466420385
535.178466420385
535.178466420385
535.178466420385
535.178466420385
535.178466420385
535.178466420385
535.178466420385
535.178466420385
535.178466420385
535.178466420385
535.178466420385
535.178466420385
535.178466420385
535.178466420385
535.178466420385
535.178466420385
535.178466420385
535.178466420385
535.178466420385
535.178466420385
535.178466420385
535.178466420385
535.178466420385
535.178466420385
535.178466420385
535.178466420385
535.178466420385
535.178466420385
535.178466420385
535.178466420385
535.178466420385
535.178466420385
535.178466420385
535.178466420385
535.178466420385
535.178466420385
535.178466420385
535.178466420385
535.178466420385
535.178466420385
535.178466420385
535.178466420385
535.178466420385
535.178466420385
535.178466420385
535.178466420385
535.178466420385
535.178466420385
535.178466420385
535.178466420385
535.178466420385
535.178466420385
535.178466420385
535.178466420385
535.178466420385
535.178466420385
535.178466420385
535.178466420385
535.178466420385
535.178466420385
535.178466420385
535.178466420385
535.178466420385
535.178466420385
535.178466420385
535.178466420385
535.178466420385
535.178466420385
535.178466420385
535.178466420385
535.178466420385
535.178466420385
535.178466420385
535.178466420385
535.178466420385
535.178466420385
535.178466420385
535.178466420385
535.178466420385
535.178466420385
535.178466420385
535.178466420385
535.178466420385
535.178466420385
535.178466420385
535.178466420385

ave
599.294207190849
600.119299880101
551.380809708483
586.209877242464
610.242104842941
598.318687993246
645.294825318168
562.168926422895
621.431384427513
609.012377448772
573.562922973491
573.039889908535
561.226464840511
560.733832748019
560.450484041823
535.665306441154
561.222381235307
548.378520055156
548.884979331338
535.720758914113
548.381271065486
536.523284856057
535.954447219073
548.276104039030
535.385609582089
548.541450684023
535.361815449163
535.403775410054
535.629084399724
535.648582822563
535.178466420385
536.182507219073
535.409403715015
535.747304057369
535.992111469878
536.431610341668
535.992111469878
536.290551540159
535.293935067700
535.178466420385
535.831931851341
547.521995067700
535.637463715014
535.992111469878
547.270140934774
535.178466420385
547.729138229404
547.178466420385
535.178466420385
560.048872743793
535.862772704684
535.862772704684
536.206301351999
547.720758914113
535.519244057369
535.403775410054
547.385609582089
535.178466420385
535.178466420385
535.403775410054
535.972613047039
535.519244057369
535.744553047039
547.270140934774
535.490776608545
535.519244057369
535.873891812233
535.747304057369
535.519244057369
535.403775410054
535.270140934774
547.385609582089
547.615591887657
559.812433428502
535.403775410054
535.521995067700
536.090832704684
547.495449924443
559.587124438832
535.178466420385
535.613669582089
535.747304057369
535.270140934774
535.954447219073
536.046121733462
535.521995067700
535.519244057369
535.385609582089
535.495449924443
535.270140934774
535.403775410054
535.972613047039
535.495449924443
547.495449924443
536.014903274307
548.292473845727
547.361815449163
535.747304057369
548.295224856057
559.361815449163