实验环境：
VeiNum = 2
Q_ant = 100
AntNum = 20 
iter_max = 200
抽取的客户节点编号为

Cus_select =

    83    89    66    58    92    69

各任务对应的的客户节点编号为

Task_Cus =

    83    89    66    58    92    69

cus
40	50
40	50
40	50
37	31
67	5
41	37
15	10
53	43
31	52

task
3	4	3	0	1
4	2	4	1	0
3	5	3	0	1
5	2	4	3	0
2	6	1	0	1
6	3	2	5	0
3	7	3	0	1
7	2	4	7	0
2	8	1	0	1
8	3	2	9	0
2	9	1	0	1
9	3	2	11	0

linktime
0	0.980884601541784	0.480884601541784	1.81196417634019	1.31196417634019	0	0.325960120260133	1.67924764150708	1.17924764150708	0	0.369120576505835	0	0.230488611432322
0.480884601541784	1.62843586975023	0	2.45951544454864	0.992471662063960	0.647551268208450	0.180277563773199	2.32679890971553	0.760345316287278	0.647551268208450	0.500000000000000	0.647551268208450	0.546008241696039
0	0.980884601541784	0.647551268208450	1.81196417634019	1.47863084300686	0	0.492626786926799	1.67924764150708	1.34591430817374	0	0.535787243172502	0	0.397155278098989
1.31196417634019	2.45951544454864	0.992471662063960	3.29059501934705	0	1.47863084300686	1.03077640640442	3.15787848451394	1.30599578866090	1.47863084300686	1.01242283656583	1.47863084300686	1.48007601156157
0	0.980884601541784	0.647551268208450	1.81196417634019	1.47863084300686	0	0.492626786926799	1.67924764150708	1.34591430817374	0	0.535787243172502	0	0.397155278098989
0.325960120260133	1.47351138846858	0.180277563773199	2.30459096326699	1.03077640640442	0.492626786926799	0	2.17187442843388	0.937083240699566	0.492626786926799	13.4164078649987	0.492626786926799	18.0277563773199
0.825960120260133	0.180277563773199	1.47351138846858	1.03077640640442	2.30459096326699	0.825960120260133	1.31858690718693	0.937083240699566	2.17187442843388	0.825960120260133	1.36174736343263	0.825960120260133	1.22311539835912
1.17924764150708	2.32679890971553	0.760345316287278	3.15787848451394	1.30599578866090	1.34591430817374	0.937083240699566	3.02516194968082	0	1.34591430817374	1.25822295321616	1.34591430817374	1.12361025271221
0	0.980884601541784	0.647551268208450	1.81196417634019	1.47863084300686	0	0.492626786926799	1.67924764150708	1.34591430817374	0	0.535787243172502	0	0.397155278098989
0.369120576505835	1.51667184471429	0.500000000000000	2.34775141951269	1.01242283656583	0.535787243172502	13.4164078649987	2.21503488467958	1.25822295321616	0.535787243172502	0	0.535787243172502	23.7697286480094
0.869120576505835	0.500000000000000	1.51667184471429	1.01242283656583	2.34775141951269	0.869120576505835	1.36174736343263	1.25822295321616	2.21503488467958	0.869120576505835	1.40490781967834	0.869120576505835	1.26627585460482
0.230488611432322	1.37803987964077	0.546008241696039	2.20911945443918	1.48007601156157	0.397155278098989	18.0277563773199	2.07640291960606	1.12361025271221	0.397155278098989	23.7697286480094	0.397155278098989	0
0.730488611432322	0.546008241696039	1.37803987964077	1.48007601156157	2.20911945443918	0.730488611432322	1.22311539835912	1.12361025271221	2.07640291960606	0.730488611432322	1.26627585460482	0.730488611432322	1.12764388953131

tasktime
0
0.166666666666667
1.14755126820845
0.166666666666667
1.97863084300686
0.992626786926799
0.166666666666667
0.166666666666667
1.84591430817374
1.03578724317250
0.166666666666667
0.897155278098989
0.166666666666667


1
4	2	4	0	0
5	2	4	0	0
2	6	1	0	1
7	2	4	0	0
2	8	1	0	1
2	9	1	0	1


2
3	4	3	0	1
3	5	3	0	1
6	3	2	0	0
3	7	3	0	1
8	3	2	0	0
9	3	2	0	0

linktime1
0	0.480884601541784	1.31196417634019	0	1.17924764150708	0	0
0	0.647551268208450	1.47863084300686	0	1.34591430817374	0	0
0	0.647551268208450	1.47863084300686	0	1.34591430817374	0	0
0.325960120260133	0.180277563773199	1.03077640640442	0.492626786926799	0.937083240699566	0.492626786926799	0.492626786926799
0	0.647551268208450	1.47863084300686	0	1.34591430817374	0	0
0.369120576505835	0.500000000000000	1.01242283656583	0.535787243172502	1.25822295321616	0.535787243172502	0.535787243172502
0.230488611432322	0.546008241696039	1.48007601156157	0.397155278098989	1.12361025271221	0.397155278098989	0.397155278098989

tasktime1
0
1.14755126820845
1.97863084300686
0.992626786926799
1.84591430817374
1.03578724317250
0.897155278098989

linktime2
0	0.980884601541784	1.81196417634019	0.325960120260133	1.67924764150708	0.369120576505835	0.230488611432322
0.480884601541784	1.62843586975023	2.45951544454864	0.180277563773199	2.32679890971553	0.500000000000000	0.546008241696039
1.31196417634019	2.45951544454864	3.29059501934705	1.03077640640442	3.15787848451394	1.01242283656583	1.48007601156157
0.825960120260133	0.180277563773199	1.03077640640442	1.31858690718693	0.937083240699566	1.36174736343263	1.22311539835912
1.17924764150708	2.32679890971553	3.15787848451394	0.937083240699566	3.02516194968082	1.25822295321616	1.12361025271221
0.869120576505835	0.500000000000000	1.01242283656583	1.36174736343263	1.25822295321616	1.40490781967834	1.26627585460482
0.730488611432322	0.546008241696039	1.48007601156157	1.22311539835912	1.12361025271221	1.26627585460482	1.12764388953131

tasktime2
0
0.166666666666667
0.166666666666667
0.166666666666667
0.166666666666667
0.166666666666667
0.166666666666667