最优解为:679.3873
最优解路径:

Best_route =

  1 至 24 列

     0     0     0     0     0     0     0     0     0     0     0     0     0     0     0     0     0     0     0     0     0     0     0     0
     0     0     0     0     0     0     0     0     0     0     0     0     0     0     0     0     0     0     0     0     0     0     0     0
     0     0     0     0     0     0     0     0     0     0     0     0     0     0     0     0     0     0     0     0     0     0     0     0
     0     0     0     0     0     0     0     0     0     0     0     0     0     0     0     0     0     0     0     0     0     0     0     0
     0     0     0     0     0     0     0     0     0     0     0     0     0     0     0     0     0     0     0     0     0     0     0     0
    17    12    19    28    22    23     3    14    21    20    27    30    26     1     0     0     0     0     0     0     0     0     0     0
     8    13    18     7    24    11     9    16     5     4    10    29    25     6    15     2     0     0     0     0     0     0     0     0

  25 至 31 列

     0     0     0     0     0     0     0
     0     0     0     0     0     0     0
     0     0     0     0     0     0     0
     0     0     0     0     0     0     0
     0     0     0     0     0     0     0
     0     0     0     0     0     0     0
     0     0     0     0     0     0     0

本次运算用时:101.077秒
算法在第60代时收敛

best
690.467146606346
690.467146606346
690.467146606346
690.467146606346
690.467146606346
690.467146606346
690.467146606346
690.467146606346
690.467146606346
690.467146606346
690.467146606346
690.467146606346
690.467146606346
690.467146606346
688.202146645088
688.202146645088
688.202146645088
688.058559487114
688.058559487114
688.058559487114
688.058559487114
686.109189861385
686.109189861385
686.109189861385
684.703849952740
684.703849952740
684.703849952740
684.703849952740
684.703849952740
684.703849952740
684.703849952740
684.703849952740
683.004798200590
682.886709851703
680.892254500023
680.892254500023
680.892254500023
680.892254500023
680.892254500023
680.892254500023
680.892254500023
680.892254500023
680.892254500023
680.892254500023
680.892254500023
680.892254500023
680.892254500023
680.892254500023
680.892254500023
680.892254500023
680.892254500023
680.892254500023
680.892254500023
680.892254500023
680.892254500023
680.892254500023
680.892254500023
680.892254500023
680.892254500023
679.387265465929
679.387265465929
679.387265465929
679.387265465929
679.387265465929
679.387265465929
679.387265465929
679.387265465929
679.387265465929
679.387265465929
679.387265465929
679.387265465929
679.387265465929
679.387265465929
679.387265465929
679.387265465929
679.387265465929
679.387265465929
679.387265465929
679.387265465929
679.387265465929
679.387265465929
679.387265465929
679.387265465929
679.387265465929
679.387265465929
679.387265465929
679.387265465929
679.387265465929
679.387265465929
679.387265465929
679.387265465929
679.387265465929
679.387265465929
679.387265465929
679.387265465929
679.387265465929
679.387265465929
679.387265465929
679.387265465929
679.387265465929
679.387265465929
679.387265465929
679.387265465929
679.387265465929
679.387265465929
679.387265465929
679.387265465929
679.387265465929
679.387265465929
679.387265465929
679.387265465929
679.387265465929
679.387265465929
679.387265465929
679.387265465929
679.387265465929
679.387265465929
679.387265465929
679.387265465929
679.387265465929
679.387265465929
679.387265465929
679.387265465929
679.387265465929
679.387265465929
679.387265465929
679.387265465929
679.387265465929
679.387265465929
679.387265465929
679.387265465929
679.387265465929
679.387265465929
679.387265465929
679.387265465929
679.387265465929
679.387265465929
679.387265465929
679.387265465929
679.387265465929
679.387265465929
679.387265465929
679.387265465929
679.387265465929
679.387265465929
679.387265465929
679.387265465929
679.387265465929
679.387265465929
679.387265465929
679.387265465929
679.387265465929
679.387265465929
679.387265465929
679.387265465929
679.387265465929
679.387265465929
679.387265465929
679.387265465929
679.387265465929
679.387265465929
679.387265465929
679.387265465929
679.387265465929
679.387265465929
679.387265465929
679.387265465929
679.387265465929
679.387265465929
679.387265465929
679.387265465929
679.387265465929
679.387265465929
679.387265465929
679.387265465929
679.387265465929
679.387265465929
679.387265465929
679.387265465929
679.387265465929
679.387265465929
679.387265465929
679.387265465929
679.387265465929
679.387265465929
679.387265465929
679.387265465929
679.387265465929
679.387265465929
679.387265465929
679.387265465929
679.387265465929
679.387265465929
679.387265465929
679.387265465929
679.387265465929
679.387265465929
679.387265465929
679.387265465929
679.387265465929
679.387265465929
679.387265465929
679.387265465929
679.387265465929
679.387265465929
679.387265465929
679.387265465929
679.387265465929
679.387265465929
679.387265465929
679.387265465929
679.387265465929
679.387265465929
679.387265465929
679.387265465929
679.387265465929
679.387265465929
679.387265465929
679.387265465929
679.387265465929
679.387265465929
679.387265465929
679.387265465929
679.387265465929
679.387265465929
679.387265465929
679.387265465929
679.387265465929
679.387265465929
679.387265465929
679.387265465929
679.387265465929
679.387265465929
679.387265465929
679.387265465929
679.387265465929
679.387265465929
679.387265465929
679.387265465929
679.387265465929
679.387265465929
679.387265465929
679.387265465929
679.387265465929
679.387265465929
679.387265465929
679.387265465929
679.387265465929
679.387265465929
679.387265465929
679.387265465929
679.387265465929
679.387265465929
679.387265465929
679.387265465929
679.387265465929
679.387265465929
679.387265465929
679.387265465929
679.387265465929
679.387265465929
679.387265465929
679.387265465929
679.387265465929
679.387265465929
679.387265465929
679.387265465929
679.387265465929
679.387265465929
679.387265465929
679.387265465929
679.387265465929
679.387265465929
679.387265465929
679.387265465929
679.387265465929
679.387265465929
679.387265465929
679.387265465929
679.387265465929
679.387265465929
679.387265465929
679.387265465929
679.387265465929
679.387265465929
679.387265465929
679.387265465929
679.387265465929
679.387265465929
679.387265465929
679.387265465929
679.387265465929
679.387265465929
679.387265465929
679.387265465929
679.387265465929
679.387265465929
679.387265465929
679.387265465929
679.387265465929
679.387265465929
679.387265465929
679.387265465929
679.387265465929
679.387265465929
679.387265465929
679.387265465929
679.387265465929
679.387265465929
679.387265465929
679.387265465929
679.387265465929
679.387265465929
679.387265465929
679.387265465929
679.387265465929
679.387265465929
679.387265465929
679.387265465929
679.387265465929
679.387265465929
679.387265465929
679.387265465929
679.387265465929
679.387265465929
679.387265465929
679.387265465929
679.387265465929
679.387265465929
679.387265465929
679.387265465929
679.387265465929
679.387265465929
679.387265465929
679.387265465929
679.387265465929
679.387265465929
679.387265465929
679.387265465929
679.387265465929
679.387265465929
679.387265465929
679.387265465929
679.387265465929
679.387265465929
679.387265465929
679.387265465929
679.387265465929
679.387265465929
679.387265465929
679.387265465929
679.387265465929
679.387265465929
679.387265465929
679.387265465929
679.387265465929
679.387265465929
679.387265465929
679.387265465929
679.387265465929
679.387265465929
679.387265465929
679.387265465929
679.387265465929
679.387265465929
679.387265465929
679.387265465929
679.387265465929
679.387265465929
679.387265465929
679.387265465929
679.387265465929
679.387265465929
679.387265465929
679.387265465929
679.387265465929
679.387265465929
679.387265465929
679.387265465929
679.387265465929
679.387265465929
679.387265465929
679.387265465929
679.387265465929
679.387265465929
679.387265465929
679.387265465929
