最优解为:937.4013
最优解路径:

Best_route =

  1 至 24 列

     0     0     0     0     0     0     0     0     0     0     0     0     0     0     0     0     0     0     0     0     0     0     0     0
     0     0     0     0     0     0     0     0     0     0     0     0     0     0     0     0     0     0     0     0     0     0     0     0
     0     0     0     0     0     0     0     0     0     0     0     0     0     0     0     0     0     0     0     0     0     0     0     0
    18    13    24    16    22    28    27    20    10    29     5     0     0     0     0     0     0     0     0     0     0     0     0     0
    14    25     6    26     1    17    12    15     2     8     7     0     0     0     0     0     0     0     0     0     0     0     0     0
     0     0     0     0     0     0     0     0     0     0     0     0     0     0     0     0     0     0     0     0     0     0     0     0
     4    19    23     9    11    21    30     3     0     0     0     0     0     0     0     0     0     0     0     0     0     0     0     0

  25 至 31 列

     0     0     0     0     0     0     0
     0     0     0     0     0     0     0
     0     0     0     0     0     0     0
     0     0     0     0     0     0     0
     0     0     0     0     0     0     0
     0     0     0     0     0     0     0
     0     0     0     0     0     0     0

本次运算用时:101.031秒
算法在第308代时收敛

best
962.268752422654
962.268752422654
956.789666522659
956.789666522659
951.998396622104
951.683352432871
951.683352432871
949.852557718164
949.852557718164
946.635552193203
943.804978378464
943.804978378464
943.804978378464
943.804978378464
943.689795374814
938.469515543596
938.469515543596
938.469515543596
938.469515543596
938.469515543596
938.469515543596
938.469515543596
938.469515543596
937.846554346541
937.846554346541
937.846554346541
937.846554346541
937.846554346541
937.846554346541
937.846554346541
937.846554346541
937.846554346541
937.846554346541
937.403597866630
937.403597866630
937.403597866630
937.403597866630
937.403597866630
937.403597866630
937.403597866630
937.403597866630
937.403597866630
937.403597866630
937.403597866630
937.403597866630
937.403597866630
937.403597866630
937.403597866630
937.403597866630
937.403597866630
937.403597866630
937.403597866630
937.403597866630
937.403597866630
937.403597866630
937.403597866630
937.403597866630
937.403597866630
937.403597866630
937.403597866630
937.403597866630
937.403597866630
937.403597866630
937.403597866630
937.403597866630
937.403597866630
937.403597866630
937.403597866630
937.403597866630
937.403597866630
937.403597866630
937.403597866630
937.403597866630
937.403597866630
937.403597866630
937.403597866630
937.403597866630
937.403597866630
937.403597866630
937.403597866630
937.403597866630
937.403597866630
937.403597866630
937.403597866630
937.403597866630
937.403597866630
937.403597866630
937.403597866630
937.403597866630
937.403597866630
937.403597866630
937.403597866630
937.403597866630
937.403597866630
937.403597866630
937.403597866630
937.403597866630
937.403597866630
937.403597866630
937.403597866630
937.403597866630
937.403597866630
937.403597866630
937.403597866630
937.403597866630
937.403597866630
937.403597866630
937.403597866630
937.403597866630
937.403597866630
937.403597866630
937.403597866630
937.403597866630
937.403597866630
937.403597866630
937.403597866630
937.403597866630
937.403597866630
937.403597866630
937.403597866630
937.403597866630
937.403597866630
937.403597866630
937.403597866630
937.403597866630
937.403597866630
937.403597866630
937.403597866630
937.403597866630
937.403597866630
937.403597866630
937.403597866630
937.403597866630
937.403597866630
937.403597866630
937.403597866630
937.403597866630
937.403597866630
937.403597866630
937.403597866630
937.403597866630
937.403597866630
937.403597866630
937.403597866630
937.403597866630
937.403597866630
937.403597866630
937.403597866630
937.403597866630
937.403597866630
937.403597866630
937.403597866630
937.403597866630
937.403597866630
937.403597866630
937.403597866630
937.403597866630
937.403597866630
937.403597866630
937.403597866630
937.403597866630
937.403597866630
937.403597866630
937.403597866630
937.403597866630
937.403597866630
937.403597866630
937.403597866630
937.403597866630
937.403597866630
937.403597866630
937.403597866630
937.403597866630
937.403597866630
937.403597866630
937.403597866630
937.403597866630
937.403597866630
937.403597866630
937.403597866630
937.403597866630
937.403597866630
937.403597866630
937.403597866630
937.403597866630
937.403597866630
937.403597866630
937.403597866630
937.403597866630
937.403597866630
937.403597866630
937.403597866630
937.403597866630
937.403597866630
937.403597866630
937.403597866630
937.403597866630
937.403597866630
937.403597866630
937.403597866630
937.403597866630
937.403597866630
937.403597866630
937.403597866630
937.403597866630
937.403597866630
937.403597866630
937.403597866630
937.403597866630
937.403597866630
937.403597866630
937.403597866630
937.403597866630
937.403597866630
937.403597866630
937.403597866630
937.403597866630
937.403597866630
937.403597866630
937.403597866630
937.403597866630
937.403597866630
937.403597866630
937.403597866630
937.403597866630
937.403597866630
937.403597866630
937.403597866630
937.403597866630
937.403597866630
937.403597866630
937.403597866630
937.403597866630
937.403597866630
937.403597866630
937.403597866630
937.403597866630
937.403597866630
937.403597866630
937.403597866630
937.403597866630
937.403597866630
937.403597866630
937.403597866630
937.403597866630
937.403597866630
937.403597866630
937.403597866630
937.403597866630
937.403597866630
937.403597866630
937.403597866630
937.403597866630
937.403597866630
937.403597866630
937.403597866630
937.403597866630
937.403597866630
937.403597866630
937.403597866630
937.403597866630
937.403597866630
937.403597866630
937.403597866630
937.403597866630
937.403597866630
937.403597866630
937.403597866630
937.403597866630
937.403597866630
937.403597866630
937.403597866630
937.403597866630
937.403597866630
937.403597866630
937.403597866630
937.403597866630
937.403597866630
937.403597866630
937.403597866630
937.403597866630
937.403597866630
937.403597866630
937.403597866630
937.403597866630
937.403597866630
937.403597866630
937.403597866630
937.403597866630
937.403597866630
937.403597866630
937.403597866630
937.403597866630
937.403597866630
937.403597866630
937.403597866630
937.403597866630
937.403597866630
937.403597866630
937.403597866630
937.403597866630
937.403597866630
937.403597866630
937.403597866630
937.403597866630
937.403597866630
937.403597866630
937.401317337785
937.401317337785
937.401317337785
937.401317337785
937.401317337785
937.401317337785
937.401317337785
937.401317337785
937.401317337785
937.401317337785
937.401317337785
937.401317337785
937.401317337785
937.401317337785
937.401317337785
937.401317337785
937.401317337785
937.401317337785
937.401317337785
937.401317337785
937.401317337785
937.401317337785
937.401317337785
937.401317337785
937.401317337785
937.401317337785
937.401317337785
937.401317337785
937.401317337785
937.401317337785
937.401317337785
937.401317337785
937.401317337785
937.401317337785
937.401317337785
937.401317337785
937.401317337785
937.401317337785
937.401317337785
937.401317337785
937.401317337785
937.401317337785
937.401317337785
937.401317337785
937.401317337785
937.401317337785
937.401317337785
937.401317337785
937.401317337785
937.401317337785
937.401317337785
937.401317337785
937.401317337785
937.401317337785
937.401317337785
937.401317337785
937.401317337785
937.401317337785
937.401317337785
937.401317337785
937.401317337785
937.401317337785
937.401317337785
937.401317337785
937.401317337785
937.401317337785
937.401317337785
937.401317337785
937.401317337785
937.401317337785
937.401317337785
937.401317337785
937.401317337785
937.401317337785
937.401317337785
937.401317337785
937.401317337785
937.401317337785
937.401317337785
937.401317337785
