最优解为:914.1321
最优解路径:

Best_route =

     1     2     7     8     5     0     0     0     0     0     0     0     0
     3     4    11    12     9    10     6     0     0     0     0     0     0

本次运算用时:5.994秒
算法在第10代时收敛

best
915.246633080410
914.132117388496
914.132117388496
914.132117388495
914.132117388495
914.132117388495
914.132117388495
914.132117388495
914.132117388495
914.132117388495
914.132117388495
914.132117388495
914.132117388495
914.132117388495
914.132117388495
914.132117388495
914.132117388495
914.132117388495
914.132117388495
914.132117388495
914.132117388495
914.132117388495
914.132117388495
914.132117388495
914.132117388495
914.132117388495
914.132117388495
914.132117388495
914.132117388495
914.132117388495
914.132117388495
914.132117388495
914.132117388495
914.132117388495
914.132117388495
914.132117388495
914.132117388495
914.132117388495
914.132117388495
914.132117388495
914.132117388495
914.132117388495
914.132117388495
914.132117388495
914.132117388495
914.132117388495
914.132117388495
914.132117388495
914.132117388495
914.132117388495
914.132117388495
914.132117388495
914.132117388495
914.132117388495
914.132117388495
914.132117388495
914.132117388495
914.132117388495
914.132117388495
914.132117388495
914.132117388495
914.132117388495
914.132117388495
914.132117388495
914.132117388495
914.132117388495
914.132117388495
914.132117388495
914.132117388495
914.132117388495
914.132117388495
914.132117388495
914.132117388495
914.132117388495
914.132117388495
914.132117388495
914.132117388495
914.132117388495
914.132117388495
914.132117388495
914.132117388495
914.132117388495
914.132117388495
914.132117388495
914.132117388495
914.132117388495
914.132117388495
914.132117388495
914.132117388495
914.132117388495
914.132117388495
914.132117388495
914.132117388495
914.132117388495
914.132117388495
914.132117388495
914.132117388495
914.132117388495
914.132117388495
914.132117388495
914.132117388495
914.132117388495
914.132117388495
914.132117388495
914.132117388495
914.132117388495
914.132117388495
914.132117388495
914.132117388495
914.132117388495
914.132117388495
914.132117388495
914.132117388495
914.132117388495
914.132117388495
914.132117388495
914.132117388495
914.132117388495
914.132117388495
914.132117388495
914.132117388495
914.132117388495
914.132117388495
914.132117388495
914.132117388495
914.132117388495
914.132117388495
914.132117388495
914.132117388495
914.132117388495
914.132117388495
914.132117388495
914.132117388495
914.132117388495
914.132117388495
914.132117388495
914.132117388495
914.132117388495
914.132117388495
914.132117388495
914.132117388495
914.132117388495
914.132117388495
914.132117388495
914.132117388495
914.132117388495
914.132117388495
914.132117388495
914.132117388495
914.132117388495
914.132117388495
914.132117388495
914.132117388495
914.132117388495
914.132117388495
914.132117388495
914.132117388495
914.132117388495
914.132117388495
914.132117388495
914.132117388495
914.132117388495
914.132117388495
914.132117388495
914.132117388495
914.132117388495
914.132117388495
914.132117388495
914.132117388495
914.132117388495
914.132117388495
914.132117388495
914.132117388495
914.132117388495
914.132117388495
914.132117388495
914.132117388495
914.132117388495
914.132117388495
914.132117388495
914.132117388495
914.132117388495
914.132117388495
914.132117388495
914.132117388495
914.132117388495
914.132117388495
914.132117388495
914.132117388495
914.132117388495
914.132117388495
914.132117388495
914.132117388495
914.132117388495
914.132117388495
914.132117388495
914.132117388495
914.132117388495
914.132117388495
914.132117388495

ave
948.920247518978
986.454713083464
953.509680286831
951.833427342735
1012.84216849050
982.169384088234
1005.75082758649
1090.58238804530
1041.95743536821
977.490993618942
1003.63356248788
1124.10009490469
1042.15515625972
1011.01319321243
982.181850149326
1008.83703962736
1044.08381199394
983.416838118461
998.260339823577
985.441033773448
1068.19956787981
973.314856244126
982.992479521106
1014.72324178489
973.533233357342
1039.16539310022
1003.67115412013
1031.76504795264
969.282055524174
993.120218685839
1030.13829329411
972.544284719050
1006.88700058115
936.411638956702
968.186345173308
937.451304574021
971.123422403245
945.329394414502
941.007591106520
943.387183067869
938.355726543820
932.373018823729
975.186217624752
967.543893766580
997.678826865281
931.743065622454
936.186355962177
939.250622485182
929.721378614257
950.175723699406
965.388985393726
938.130125487229
936.229939078762
933.471268977149
940.226673987780
940.709128122024
944.746401771201
943.246221891207
934.133558667421
945.791869159504
961.384953779202
948.714641186840
940.011736934586
943.906748128001
979.407730894453
967.974219098454
969.169773889498
970.735491896145
940.336444054590
970.828649170445
938.958693074589
933.992243390886
962.160196786548
970.479770952602
1021.53402801584
961.040997369901
932.631533684683
936.613072713786
958.506035578532
940.155453415703
942.772842184490
944.957109891821
961.708827301518
941.370713005092
942.927114750699
940.285559059150
1002.44493826748
971.513055050606
972.689167966806
944.404762617913
936.282489309836
935.996183493537
956.897189635188
977.229737634509
940.371313184801
972.131559306457
938.629759962349
970.382184286957
948.140805979801
937.006524179377
967.143536017086
946.114695856575
960.895737944349
945.233077806444
943.162380177788
941.383078573440
983.850459082261
941.481030747567
938.750837940143
931.591844424715
964.742300795074
939.607907530079
974.216090368366
934.566853158036
948.499473257802
936.090397805636
938.164887339771
947.360839190320
971.934641913761
940.428125256737
925.167997132633
925.466532593806
933.937064298257
928.327421980188
925.208597633997
922.873696525759
932.334886516325
925.980052949542
933.411366195751
928.081864207986
969.617217556467
929.565504524111
929.073739487931
928.765624914643
946.705225016064
922.619853711712
921.064302681593
980.408078916676
950.720778457113
955.297177026436
929.468492925354
927.233102799640
933.163313812878
929.281596605894
930.789920583254
923.681048278538
974.795231079713
934.014886104977
927.023242088009
950.852670508221
955.337371730463
927.299879051072
935.867375217450
925.741944118302
994.461701254014
925.416481196055
926.859053233585
937.757989919034
935.403381218415
947.679187769500
929.356019228492
952.904067614265
1004.46412595730
951.561716004029
958.816846323593
925.331060992220
973.379263004038
929.883764946976
952.554782966693
958.282400901257
929.668182393421
925.555981449740
929.681791761913
923.718862523876
956.594801133952
929.873703403393
951.301641804364
948.994650883714
934.662754398362
964.197897697707
929.545586270836
947.316077183152
947.573038525706
920.588618854894
924.821653838991
918.730775136916
930.045424290353
934.484788496859
925.243195349130
964.463636239855
954.916771826331
933.469319804196
923.396075288902
929.939570596646
926.751486354321
929.928155224983
933.385187930792
925.656353184182
923.160583858301
962.675734381958