最优解为:1110.2877
最优解路径:

Best_route =

    11    12    17    18     9    10     3     4    19    20     0     0     0     0     0     0     0     0     0     0     0     0
    15     1    16     5     6    21     2     7     8    13    14     0     0     0     0     0     0     0     0     0     0     0
     0     0     0     0     0     0     0     0     0     0     0     0     0     0     0     0     0     0     0     0     0     0

本次运算用时:32.671秒
算法在第163代时收敛

best
1374.37499670859
1374.37499670859
1374.37499670859
1374.37499670859
1374.37499670859
1374.37499670859
1374.37499670859
1370.67852007866
1370.67852007866
1370.67852007866
1370.67852007866
1370.67852007866
1370.67852007866
1370.67852007866
1370.67852007866
1370.67852007866
1370.67852007866
1366.55743983193
1366.55743983193
1366.55743983193
1366.55743983193
1366.55743983193
1366.55743983193
1366.55743983193
1366.55743983193
1366.55743983193
1366.55743983193
1191.88928234639
1191.88928234639
1191.88928234639
1191.88928234639
1191.88928234639
1191.88928234639
1191.88928234639
1191.88928234639
1191.88928234639
1191.88928234639
1191.88928234639
1191.88928234639
1191.88928234639
1191.88928234639
1191.88928234639
1191.88928234639
1191.88928234639
1191.88928234639
1191.88928234639
1191.88928234639
1191.88928234639
1191.88928234639
1191.88928234639
1191.88928234639
1191.88928234639
1191.88928234639
1191.88928234639
1191.88928234639
1191.88928234639
1191.88928234639
1113.20043744931
1113.20043744931
1113.20043744931
1113.20043744931
1113.20043744931
1113.20043744931
1113.20043744931
1113.20043744931
1113.20043744931
1113.20043744931
1113.20043744931
1113.20043744931
1113.20043744931
1113.20043744931
1113.20043744931
1113.20043744931
1113.20043744931
1111.42479150100
1111.42479150100
1111.42479150100
1111.42479150100
1111.42479150100
1111.42479150100
1111.42479150100
1111.42479150100
1111.42479150100
1111.42479150100
1111.42479150100
1111.42479150100
1111.42479150100
1111.42479150100
1111.42479150100
1111.42479150100
1111.42479150100
1111.42479150100
1111.42479150100
1111.42479150100
1111.42479150100
1111.42479150100
1111.42479150100
1111.42479150100
1111.42479150100
1111.42479150100
1111.42479150100
1111.42479150100
1111.42479150100
1111.42479150100
1111.42479150100
1111.42479150100
1111.42479150100
1111.42479150100
1111.42479150100
1111.42479150100
1111.42479150100
1111.42479150100
1111.42479150100
1111.42479150100
1111.42479150100
1111.42479150100
1111.42479150100
1111.42479150100
1111.42479150100
1111.42479150100
1111.42479150100
1111.27984110254
1111.27984110254
1111.27984110254
1111.27984110254
1111.27984110254
1111.27984110254
1111.27984110254
1111.27984110254
1111.27984110254
1111.27984110254
1111.27984110254
1111.27984110254
1111.27984110254
1111.27984110254
1111.27984110254
1111.27984110254
1111.27984110254
1111.27984110254
1111.27984110254
1111.27984110254
1111.27984110254
1111.27984110254
1111.27984110254
1111.27984110254
1111.27984110254
1111.27984110254
1111.27984110254
1111.27984110254
1111.27984110254
1111.27984110254
1111.27984110254
1111.27984110254
1111.27984110254
1111.27984110254
1111.27984110254
1111.27984110254
1111.27984110254
1111.27984110254
1111.27984110254
1111.27984110254
1111.27984110254
1110.28769851272
1110.28769851272
1110.28769851272
1110.28769851272
1110.28769851272
1110.28769851272
1110.28769851272
1110.28769851272
1110.28769851272
1110.28769851272
1110.28769851272
1110.28769851272
1110.28769851272
1110.28769851272
1110.28769851272
1110.28769851272
1110.28769851272
1110.28769851272
1110.28769851272
1110.28769851272
1110.28769851272
1110.28769851272
1110.28769851272
1110.28769851272
1110.28769851272
1110.28769851272
1110.28769851272
1110.28769851272
1110.28769851272
1110.28769851272
1110.28769851272
1110.28769851272
1110.28769851272
1110.28769851272
1110.28769851272
1110.28769851272
1110.28769851272
1110.28769851272

ave
1728.17273428800
1719.50469352254
1755.22435345647
1850.72790463031
1791.70260108218
1815.10725427508
1882.30192128610
1845.13116421743
1768.44632767628
1754.91045137403
1796.62871496976
1829.10182897584
1723.63714336608
1841.27953864451
1800.58180231133
1821.20906135665
1757.79867935448
1843.09205318702
1851.63227471952
1748.38537236144
1678.35219401607
1809.18927127292
1614.95316155895
1812.98920696838
1658.61942398180
1734.09485367374
1596.52334496337
1591.75559933668
1742.97130507673
1620.14971837184
1802.97100152904
1720.84285210475
1691.47072914569
1689.10597485183
1725.20472891386
1827.91934138680
1690.50693153088
1708.37871979116
1716.76155817548
1653.37449412687
1651.90448790789
1589.22192494912
1650.43909165688
1574.85144903391
1585.81245005512
1665.79307812872
1689.17184953168
1756.66486417459
1720.72577294918
1697.38032845380
1731.61141731973
1669.81538177073
1553.42855961101
1744.46985631185
1551.11841907745
1747.22401958998
1582.32760477856
1585.01149064940
1657.69622692631
1589.44501301206
1558.34073643052
1630.77082746221
1615.26857782542
1553.39600953357
1730.02876724692
1507.64702914581
1457.61362869903
1546.05283410002
1546.58207561423
1602.35818318531
1530.86843429626
1493.42551227808
1503.64673282453
1605.78206889575
1753.01927415793
1657.02728132991
1809.98359122997
1628.74306840781
1784.61238347809
1519.17646697899
1548.64031885686
1451.70950883366
1978.70204778114
1574.45148606225
1600.54371403377
1637.89920672432
1517.50952084661
1511.15448051167
1465.24760485781
1390.23645176715
1308.42223198372
1294.75855863343
1346.19419368414
1518.10814624975
1476.54793129855
1372.37571265459
1412.78663317451
1373.72958137946
1298.91930408072
1308.90421411316
1269.49556200150
1473.10464974994
1373.53974765303
1459.48725596270
1448.56803436610
1173.79327714090
1294.67286073939
1344.80999717604
1393.50168160659
1499.20609156767
1559.79700452073
1425.64555740819
1544.16947762530
1377.87778121102
1356.71207300286
1452.52201006466
1491.74863803159
1402.75520252271
1323.00055809009
1318.26312934115
1477.68197224165
1260.54589250435
1444.20240447589
1570.99786056816
1364.38676362203
1366.03469313556
1340.22727060976
1319.76748377118
1340.22211486642
1305.15055976548
1380.79489741699
1407.47389204115
1520.92765375243
1435.65696023511
1295.13358925054
1339.71942411103
1411.95715310188
1269.92795845881
1453.86927710397
1306.69907214896
1361.17346081471
1339.41828922672
1477.61540959936
1450.26675806375
1289.21555714052
1205.20307265174
1264.94954535042
1403.47768097699
1307.44705327828
1396.96158286396
1226.46625061057
1293.99136589171
1317.08700179611
1332.19259045957
1280.66134781660
1355.28291843142
1402.87070181008
1465.99018904902
1238.86584572735
1223.21428936817
1251.22545462589
1253.50409223381
1209.00244629894
1342.28964400213
1266.23441948382
1450.29667658834
1415.11856935906
1239.21271930626
1373.47939976693
1464.36471737002
1309.87427444473
1318.18876082776
1397.49240248041
1411.81556845699
1226.49966223481
1230.26695999967
1334.19456050519
1535.67568959250
1256.67941248906
1228.50213754058
1563.43931544553
1304.23988761126
1242.35117874380
1286.81919746373
1158.77038727236
1286.76846026726
1535.74533149830
1508.04262436666
1626.66154711508
1380.39938617498
1318.67112817650
1168.69339292539
1481.66404215522
1167.47972466743
1399.54068118488
1302.46872080171
1399.68496528204
1388.89457343530
1388.18362474865
1294.39546474139