最优解为:1115.1709
最优解路径:

Best_route =

     0     0     0     0     0     0     0     0     0     0     0     0     0     0     0     0     0     0     0     0     0     0
     1    11    12    16     5     6    17    18     7     8     0     0     0     0     0     0     0     0     0     0     0     0
    19    20    15     2    21     3     4     9    10    13    14     0     0     0     0     0     0     0     0     0     0     0

本次运算用时:13.115秒
算法在第33代时收敛

best
1230.26579641522
1230.26579641522
1230.26579641522
1230.26579641522
1230.26579641522
1230.26579641522
1230.26579641522
1230.26579641522
1230.26579641522
1230.26579641522
1230.26579641522
1230.26579641522
1230.26579641522
1230.26579641522
1230.26579641522
1230.26579641522
1230.26579641522
1230.26579641522
1230.26579641522
1230.26579641522
1230.26579641522
1230.26579641522
1230.26579641522
1230.26579641522
1230.26579641522
1230.26579641522
1230.26579641522
1230.26579641522
1230.26579641522
1230.26579641522
1230.26579641522
1230.26579641522
1115.17090408488
1115.17090408488
1115.17090408488
1115.17090408488
1115.17090408488
1115.17090408488
1115.17090408488
1115.17090408488
1115.17090408488
1115.17090408488
1115.17090408488
1115.17090408488
1115.17090408488
1115.17090408488
1115.17090408488
1115.17090408488
1115.17090408488
1115.17090408488
1115.17090408488
1115.17090408488
1115.17090408488
1115.17090408488
1115.17090408488
1115.17090408488
1115.17090408488
1115.17090408488
1115.17090408488
1115.17090408488
1115.17090408488
1115.17090408488
1115.17090408488
1115.17090408488
1115.17090408488
1115.17090408488
1115.17090408488
1115.17090408488
1115.17090408488
1115.17090408488
1115.17090408488
1115.17090408488
1115.17090408488
1115.17090408488
1115.17090408488
1115.17090408488
1115.17090408488
1115.17090408488
1115.17090408488
1115.17090408488
1115.17090408488
1115.17090408488
1115.17090408488
1115.17090408488
1115.17090408488
1115.17090408488
1115.17090408488
1115.17090408488
1115.17090408488
1115.17090408488
1115.17090408488
1115.17090408488
1115.17090408488
1115.17090408488
1115.17090408488
1115.17090408488
1115.17090408488
1115.17090408488
1115.17090408488
1115.17090408488
1115.17090408488
1115.17090408488
1115.17090408488
1115.17090408488
1115.17090408488
1115.17090408488
1115.17090408488
1115.17090408488
1115.17090408488
1115.17090408488
1115.17090408488
1115.17090408488
1115.17090408488
1115.17090408488
1115.17090408488
1115.17090408488
1115.17090408488
1115.17090408488
1115.17090408488
1115.17090408488
1115.17090408488
1115.17090408488
1115.17090408488
1115.17090408488
1115.17090408488
1115.17090408488
1115.17090408488
1115.17090408488
1115.17090408488
1115.17090408488
1115.17090408488
1115.17090408488
1115.17090408488
1115.17090408488
1115.17090408488
1115.17090408488
1115.17090408488
1115.17090408488
1115.17090408488
1115.17090408488
1115.17090408488
1115.17090408488
1115.17090408488
1115.17090408488
1115.17090408488
1115.17090408488
1115.17090408488
1115.17090408488
1115.17090408488
1115.17090408488
1115.17090408488
1115.17090408488
1115.17090408488
1115.17090408488
1115.17090408488
1115.17090408488
1115.17090408488
1115.17090408488
1115.17090408488
1115.17090408488
1115.17090408488
1115.17090408488
1115.17090408488
1115.17090408488
1115.17090408488
1115.17090408488
1115.17090408488
1115.17090408488
1115.17090408488
1115.17090408488
1115.17090408488
1115.17090408488
1115.17090408488
1115.17090408488
1115.17090408488
1115.17090408488
1115.17090408488
1115.17090408488
1115.17090408488
1115.17090408488
1115.17090408488
1115.17090408488
1115.17090408488
1115.17090408488
1115.17090408488
1115.17090408488
1115.17090408488
1115.17090408488
1115.17090408488
1115.17090408488
1115.17090408488
1115.17090408488
1115.17090408488
1115.17090408488
1115.17090408488
1115.17090408488
1115.17090408488
1115.17090408488
1115.17090408488
1115.17090408488

ave
1909.69723129086
1858.19536161210
1798.83868204094
1933.90596574206
1838.99701505935
1654.38451364126
1843.63842064443
1806.75009932991
2009.46556993518
1792.32662817456
1777.89400581960
1931.13031304192
1828.08634497919
1853.69293889209
1817.42383487461
1815.61552771186
1889.34946641309
1835.78758613499
1826.65651700345
1833.57188233080
1829.83659215891
1947.82039721615
1862.03227736185
1917.91884587393
1730.04045146357
1919.09234761376
1824.71212120633
1825.60616934666
1915.89452162427
1837.89162718449
1793.41848038561
2003.51139736581
1857.38766113214
1731.09828157491
1757.96596269291
1881.61383835539
1712.62389798004
1842.20683854062
1884.39766097173
1738.37235313168
1959.80150387055
1875.28123638131
1865.90305144096
1575.57282665280
1824.47552786181
1797.14327746884
1708.21577268276
1762.59888540640
1708.62629314491
1870.56268544118
2009.85620714166
1717.99337537320
1825.82580357877
1911.54007913992
2047.31170588642
2016.29652464206
1962.84644949341
1993.20561385488
1880.94547129883
1889.78507680703
1951.27111305310
2011.21432712393
1962.62184419070
1894.23957129945
1998.29370011813
2010.19193347153
1999.76157451162
1913.64693845726
1872.15582346719
1805.62219857896
1912.51705448870
1931.15046999520
2189.14695860820
1864.55784309373
1880.18895755725
1942.17711191409
1962.69639663801
1963.89432092868
1947.27832802813
1834.03886667471
1826.50758604580
1946.95942134864
1958.23180067532
2041.70197348258
1736.83973406995
1380.38129267421
1375.08686492835
1471.30692803068
1489.27065803152
1276.58805645791
1366.96952071693
1388.57754521091
1289.63274237224
1350.88928835078
1313.13722587830
1426.33669266430
1428.05401935268
1405.16372320924
1273.27729969214
1413.79150586551
1323.12699557198
1366.65609866077
1278.91862396035
1275.35984552184
1382.23172793045
1363.81235336472
1305.00255854075
1316.57426850292
1300.55021233890
1297.04965836883
1307.06344327943
1264.87278119036
1299.68563673194
1366.44179839048
1468.95988000015
1227.91778406364
1299.41261709814
1429.82252972778
1330.51493464743
1326.22941043037
1436.93448606031
1445.51111158948
1468.69373631499
1391.35795077827
1487.38493618036
1422.66035386554
1426.54876689935
1319.46601438321
1302.30099878745
1380.76779469458
1385.87344569228
1322.70846681676
1349.09386688377
1419.39708730851
1363.79155827313
1603.11672607048
1466.69517388809
1445.21397910750
1498.31112425928
1277.46926408064
1259.13179365621
1475.14569180275
1450.48711002728
1484.33669362734
1410.17732502584
1400.26201465553
1382.96059491218
1407.10028645735
1311.47746179252
1401.30014961915
1290.65221555138
1510.83582723501
1317.83774092059
1398.95776591411
1412.64037928521
1397.70970634241
1499.40117423162
1361.77345588468
1357.00475283349
1303.65674078325
1392.55073508137
1416.31911909119
1538.06521795836
1399.39788112261
1357.42562204463
1454.21114238341
1289.92134535801
1334.53864120984
1276.05954562173
1401.60384698611
1266.53342820352
1402.96589524283
1225.67886939704
1390.27126466076
1395.52581810101
1287.08638904032
1315.13288066763
1572.71195156557
1347.52574482016
1398.53546993965
1351.21925595268
1381.99166772775
1342.84104872576
1591.60688792824
1544.57751538068
1455.45809324664
1461.76620968966
1389.98725514190
1420.04068900119
1400.61209502790
1261.86441124755
1395.36096730472
1341.32068728318
1378.67769158768
1413.94197419585
1335.13500928759
1349.36700648301
1322.97989412706
1428.03721458452
1381.17807756812