实验环境：
VeiNum =6（drop7）
Q_ant = 350
AntNum = 20 
iter_max = 500

抽取的客户节点编号为

Cus_select =

  1 至 25 列

    63    31    39    91    58    88   100    74    17    45    61    12    15    30    52    93    53    72    68    32    20    25     3     5     7

  26 至 30 列

    64    66    80    48    90

各任务对应的的客户节点编号为

Task_Cus =

  1 至 25 列

    63    31    39    91    58    88   100    74    17    45    61    12    15    30    52    93    53    72    68    32    20    25     3     5     7

  26 至 30 列

    64    66    80    48    90

cus：
35	35
35	35
35	35
27	69
31	52
60	12
15	19
36	26
26	52
18	18
46	13
5	30
6	38
12	24
50	35
30	5
40	60
27	43
18	24
37	31
47	16
56	39
35	69
45	65
65	20
55	45
15	30
20	50
15	77
49	73
56	37
13	52
31	67


task：
3	4	3	0	1
4	2	4	1	0
3	5	3	0	1
5	2	4	3	0
2	6	1	0	1
6	3	2	5	0
3	7	3	0	1
7	2	4	7	0
2	8	1	0	1
8	3	2	9	0
3	9	3	0	1
9	2	4	11	0
3	10	3	0	1
10	2	4	13	0
2	11	1	0	1
11	3	2	15	0
2	12	1	0	1
12	3	2	17	0
2	13	1	0	1
13	3	2	19	0
3	14	3	0	1
14	2	4	21	0
3	15	3	0	1
15	2	4	23	0
3	16	3	0	1
16	2	4	25	0
3	17	3	0	1
17	2	4	27	0
2	18	1	0	1
18	3	2	29	0
3	19	3	0	1
19	2	4	31	0
2	20	1	0	1
20	3	2	33	0
2	21	1	0	1
21	3	2	35	0
2	22	1	0	1
22	3	2	37	0
3	23	3	0	1
23	2	4	39	0
2	24	1	0	1
24	3	2	41	0
2	25	1	0	1
25	3	2	43	0
3	26	3	0	1
26	2	4	45	0
2	27	1	0	1
27	3	2	47	0
2	28	1	0	1
28	3	2	49	0
2	29	1	0	1
29	3	2	51	0
2	30	1	0	1
30	3	2	53	0
3	31	3	0	1
31	2	4	55	0
3	32	3	0	1
32	2	4	57	0
3	33	3	0	1
33	2	4	59	0


linktime
0	1.37321245982865	0.873212459828649	0.936606229914325	0.436606229914325	0	0.849264387573152	1.14031242374329	0.640312423743285	0	0.226384628453435	0.980884601541784	0.480884601541784	1.10104076400857	0.601040764008565	0	0.614918693812442	0	0.760345316287278	0	0.728868986855663	1.13737743919910	0.637377439199098	0.875000000000000	0.375000000000000	1.26034531628728	0.760345316287278	1.13737743919910	0.637377439199098	0	0.282842712474619	1.00621141828291	0.506211418282915	0	0.111803398874990	0	0.561805126356106	0	0.534438958160799	1.35000000000000	0.850000000000000	0	0.790569415042095	0	0.838525491562421	1.05901699437495	0.559016994374948	0	0.515388203202208	0	0.530330085889911	0	1.16297033496130	0	1.01242283656583	1.02737557774322	0.527375577743225	1.19507193872289	0.695071938722892	1.30622577482986	0.806225774829855
0.873212459828649	2.41309158632397	0	1.97648535640964	0.436606229914325	1.03987912649532	1.64658738000751	2.18019155023860	1.28549601321824	1.03987912649532	1.09829413182444	2.02076372803710	0.425734659148160	2.14091989050388	1.29470073762241	1.03987912649532	1.47838594419725	1.03987912649532	1.11943065886191	1.03987912649532	0.936082261342453	2.17725656569441	1.18585412256314	1.91487912649532	1.02621878758869	2.30022444278259	1.60175684796413	2.17725656569441	0.395284707521047	1.03987912649532	0.650000000000000	2.04609054477823	1.14727939055838	1.03987912649532	0.982344135219425	1.03987912649532	1.41620090382685	1.03987912649532	1.04313230225125	2.38987912649532	0.200000000000000	1.03987912649532	0.460977222864644	1.03987912649532	1.55020159979275	2.09889612087026	0.921954445729289	1.03987912649532	1.02011028815516	1.03987912649532	0.506211418282915	1.03987912649532	0.360555127546399	1.03987912649532	0.559016994374948	2.06725470423854	1.07964114408446	2.23495106521821	0.550567888638631	2.34610490132517	0.111803398874990
0	1.37321245982865	1.03987912649532	0.936606229914325	0.603272896580991	0	1.01593105423982	1.14031242374329	0.806979090409952	0	0.393051295120102	0.980884601541784	0.647551268208450	1.10104076400857	0.767707430675232	0	0.781585360479109	0	0.927011982953944	0	0.895535653522329	1.13737743919910	0.804044105865765	0.875000000000000	0.541666666666667	1.26034531628728	0.927011982953944	1.13737743919910	0.804044105865765	0	0.449509379141286	1.00621141828291	0.672878084949581	0	0.278470065541656	0	0.728471793022772	0	0.701105624827465	1.35000000000000	1.01666666666667	0	0.957236081708762	0	1.00519215822909	1.05901699437495	0.725683661041614	0	0.682054869868874	0	0.696996752556577	0	1.32963700162797	0	1.17908950323250	1.02737557774322	0.694042244409891	1.19507193872289	0.861738605389559	1.30622577482986	0.972892441496522
0.436606229914325	1.97648535640964	0.436606229914325	1.53987912649532	0	0.603272896580991	1.23516193270356	1.74358532032428	0.916856041044613	0.603272896580991	0.661910114743686	1.58415749812277	0.125000000000000	1.70431366058956	0.910013736160065	0.603272896580991	1.04462912078881	0.603272896580991	0.851469318296320	0.603272896580991	0.716327439094720	1.74065033578009	0.845946215784432	1.47827289658099	0.637377439199098	1.86361821286827	1.17526592735432	1.74065033578009	0.301039864469807	0.603272896580991	0.246221445044903	1.60948431486391	0.771767452021657	0.603272896580991	0.546008241696039	0.603272896580991	0.984885780179611	0.603272896580991	0.704450140180269	1.95327289658099	0.436606229914325	0.603272896580991	0.477624329363570	0.603272896580991	1.16726175299288	1.66228989095594	0.625000000000000	0.603272896580991	0.680073525436772	0.603272896580991	0.279508497187474	0.603272896580991	0.742041103982792	0.603272896580991	0.691465834296967	1.63064847432422	0.728868986855663	1.79834483530388	0.450000000000000	1.90949867141085	0.375000000000000
0	1.37321245982865	1.03987912649532	0.936606229914325	0.603272896580991	0	1.01593105423982	1.14031242374329	0.806979090409952	0	0.393051295120102	0.980884601541784	0.647551268208450	1.10104076400857	0.767707430675232	0	0.781585360479109	0	0.927011982953944	0	0.895535653522329	1.13737743919910	0.804044105865765	0.875000000000000	0.541666666666667	1.26034531628728	0.927011982953944	1.13737743919910	0.804044105865765	0	0.449509379141286	1.00621141828291	0.672878084949581	0	0.278470065541656	0	0.728471793022772	0	0.701105624827465	1.35000000000000	1.01666666666667	0	0.957236081708762	0	1.00519215822909	1.05901699437495	0.725683661041614	0	0.682054869868874	0	0.696996752556577	0	1.32963700162797	0	1.17908950323250	1.02737557774322	0.694042244409891	1.19507193872289	0.861738605389559	1.30622577482986	0.972892441496522
0.849264387573152	2.38914351406847	1.64658738000751	1.95253728415414	1.23516193270356	1.01593105423982	0	2.15624347798310	1.13852975367357	1.01593105423982	27.7848879788996	1.99681565578160	1.31244047484067	2.11697181824838	1.06066017177982	1.01593105423982	14.0356688476182	1.01593105423982	57.8705451849212	1.01593105423982	59.9332962550868	2.15330849343892	1.23693168768530	1.89093105423982	0.626996810199223	2.27627637052710	0.770146090037468	2.15330849343892	1.30000000000000	1.01593105423982	45.2769256906871	2.02214247252273	1.09201648339208	1.01593105423982	29.8328677803526	1.01593105423982	13.6014705087354	1.01593105423982	27.2946881279124	2.36593105423982	1.55603663195954	1.01593105423982	55.0817574156816	1.01593105423982	9.43398113205660	2.07494804861477	0.834415963413932	1.01593105423982	48.4664832642105	1.01593105423982	55.1724568965349	1.01593105423982	79.0569415042095	1.01593105423982	61.9838688692469	2.04330663198304	0.632949445058608	2.21100299296271	1.54292741242095	2.32215682906967	1.55442915567098
