最优解为:2314.5638
最优解路径:

Best_route =

  1 至 24 列

    35    36    13    14    17    18    25    26    37     0     0     0     0     0     0     0     0     0     0     0     0     0     0     0
     0     0     0     0     0     0     0     0     0     0     0     0     0     0     0     0     0     0     0     0     0     0     0     0
    31    32    19    20     5     6    33    34    39    40    38     7     8     0     0     0     0     0     0     0     0     0     0     0
    27    28    11    12    29    30     1     2     3     4     0     0     0     0     0     0     0     0     0     0     0     0     0     0
    21    22    15    16     9    10    23    24     0     0     0     0     0     0     0     0     0     0     0     0     0     0     0     0

  25 至 41 列

     0     0     0     0     0     0     0     0     0     0     0     0     0     0     0     0     0
     0     0     0     0     0     0     0     0     0     0     0     0     0     0     0     0     0
     0     0     0     0     0     0     0     0     0     0     0     0     0     0     0     0     0
     0     0     0     0     0     0     0     0     0     0     0     0     0     0     0     0     0
     0     0     0     0     0     0     0     0     0     0     0     0     0     0     0     0     0

本次运算用时:87.253秒
算法在第227代时收敛

best
2394.58992287359
2371.21534839758
2371.21534839758
2371.21534839758
2370.58536697435
2370.58536697435
2370.58536697435
2370.58536697435
2370.58536697435
2370.58536697435
2370.58536697435
2370.58536697435
2370.58536697435
2370.58536697435
2369.70889303053
2369.70889303053
2369.70889303053
2369.63802007268
2369.63802007268
2369.63802007268
2369.63802007268
2369.63802007268
2365.04991442743
2365.04991442743
2365.04991442743
2365.04991442743
2365.04991442743
2365.04991442743
2365.04991442743
2365.04991442743
2365.04991442743
2365.04991442743
2365.04991442743
2365.04991442743
2365.04991442743
2365.04991442743
2365.04991442743
2365.04991442743
2365.04991442743
2365.04991442743
2365.04991442743
2365.04991442743
2365.04991442743
2365.04991442743
2365.04991442743
2365.04991442743
2365.04991442743
2365.04991442743
2365.04991442743
2365.04991442743
2365.04991442743
2365.04991442743
2365.04991442743
2365.04991442743
2365.04991442743
2365.04991442743
2365.04991442743
2363.99499938696
2363.99499938696
2363.99499938696
2363.99499938696
2363.99499938696
2327.14873321629
2327.14873321629
2327.14873321629
2327.14873321629
2327.14873321629
2327.14873321629
2327.14873321629
2327.14873321629
2327.14873321629
2327.14873321629
2327.14873321629
2327.14873321629
2327.14873321629
2327.14873321629
2327.14873321629
2327.14873321629
2327.14873321629
2327.14873321629
2327.14873321629
2327.14873321629
2327.14873321629
2327.14873321629
2327.14873321629
2327.14873321629
2315.86698475681
2315.86698475681
2315.86698475681
2315.86698475681
2315.86698475681
2315.86698475681
2315.86698475681
2315.86698475681
2315.86698475681
2315.86698475681
2315.86698475681
2315.86698475681
2315.86698475681
2315.86698475681
2315.86698475681
2315.86698475681
2315.86698475681
2315.86698475681
2315.86698475681
2315.86698475681
2315.86698475681
2315.86698475681
2315.86698475681
2315.86698475681
2315.86698475681
2315.86698475681
2315.86698475681
2315.86698475681
2315.86698475681
2315.86698475681
2315.86698475681
2315.86698475681
2315.86698475681
2315.86698475681
2315.86698475681
2315.86698475681
2315.86698475681
2315.86698475681
2315.86698475681
2315.86698475681
2315.86698475681
2315.86698475681
2315.86698475681
2315.86698475681
2315.86698475681
2315.86698475681
2315.86698475681
2315.86698475681
2315.86698475681
2315.86698475681
2315.86698475681
2315.86698475681
2315.86698475681
2315.86698475681
2315.86698475681
2315.86698475681
2315.86698475681
2315.86698475681
2315.86698475681
2315.86698475681
2315.86698475681
2315.86698475681
2315.86698475681
2315.86698475681
2315.86698475681
2315.86698475681
2315.86698475681
2315.86698475681
2315.86698475681
2315.86698475681
2315.86698475681
2315.86698475681
2315.86698475681
2315.86698475681
2315.86698475681
2315.86698475681
2315.86698475681
2315.86698475681
2315.86698475681
2315.86698475681
2315.86698475681
2315.86698475681
2315.86698475681
2315.86698475681
2315.86698475681
2315.86698475681
2315.86698475681
2315.86698475681
2315.86698475681
2315.86698475681
2315.86698475681
2315.86698475681
2315.86698475681
2315.86698475681
2315.86698475681
2315.86698475681
2315.86698475681
2315.86698475681
2315.86698475681
2315.86698475681
2315.86698475681
2315.86698475681
2315.86698475681
2315.86698475681
2315.86698475681
2315.86698475681
2315.86698475681
2315.86698475681
2315.86698475681
2315.86698475681
2315.86698475681
2315.86698475681
2315.86698475681
2315.86698475681
2315.86698475681
2315.86698475681
2315.86698475681
2315.86698475681
2315.86698475681
2315.86698475681
2315.86698475681
2315.86698475681
2315.86698475681
2315.86698475681
2315.86698475681
2315.86698475681
2315.86698475681
2315.86698475681
2315.86698475681
2315.86698475681
2315.86698475681
2315.86698475681
2315.86698475681
2315.86698475681
2315.86698475681
2315.86698475681
2315.86698475681
2315.86698475681
2315.86698475681
2315.86698475681
2314.56378475681
2314.56378475681
2314.56378475681
2314.56378475681
2314.56378475681
2314.56378475681
2314.56378475681
2314.56378475681
2314.56378475681
2314.56378475681
2314.56378475681
2314.56378475681
2314.56378475681
2314.56378475681
2314.56378475681
2314.56378475681
2314.56378475681
2314.56378475681
2314.56378475681
2314.56378475681
2314.56378475681
2314.56378475681
2314.56378475681
2314.56378475681
2314.56378475681
2314.56378475681
2314.56378475681
2314.56378475681
2314.56378475681
2314.56378475681
2314.56378475681
2314.56378475681
2314.56378475681
2314.56378475681
2314.56378475681
2314.56378475681
2314.56378475681
2314.56378475681
2314.56378475681
2314.56378475681
2314.56378475681
2314.56378475681
2314.56378475681
2314.56378475681
2314.56378475681
2314.56378475681
2314.56378475681
2314.56378475681
2314.56378475681
2314.56378475681
2314.56378475681
2314.56378475681
2314.56378475681
2314.56378475681
2314.56378475681
2314.56378475681
2314.56378475681
2314.56378475681
2314.56378475681
2314.56378475681
2314.56378475681
2314.56378475681
2314.56378475681
2314.56378475681
2314.56378475681
2314.56378475681
2314.56378475681
2314.56378475681
2314.56378475681
2314.56378475681
2314.56378475681
2314.56378475681
2314.56378475681
2314.56378475681
2314.56378475681
2314.56378475681
2314.56378475681
2314.56378475681
2314.56378475681
2314.56378475681
2314.56378475681
2314.56378475681
2314.56378475681
2314.56378475681
2314.56378475681
2314.56378475681
2314.56378475681
2314.56378475681
2314.56378475681
2314.56378475681
2314.56378475681
2314.56378475681
2314.56378475681
2314.56378475681
2314.56378475681
2314.56378475681
2314.56378475681
2314.56378475681
2314.56378475681
2314.56378475681
2314.56378475681
2314.56378475681
2314.56378475681
2314.56378475681
2314.56378475681
2314.56378475681
2314.56378475681
2314.56378475681
2314.56378475681
2314.56378475681
2314.56378475681
2314.56378475681
2314.56378475681
2314.56378475681
2314.56378475681
2314.56378475681
2314.56378475681
2314.56378475681
2314.56378475681
2314.56378475681
2314.56378475681
2314.56378475681
2314.56378475681
2314.56378475681
2314.56378475681
2314.56378475681
2314.56378475681
2314.56378475681
2314.56378475681
2314.56378475681
2314.56378475681
2314.56378475681
2314.56378475681
2314.56378475681
2314.56378475681
2314.56378475681
2314.56378475681
2314.56378475681
2314.56378475681
2314.56378475681
2314.56378475681
2314.56378475681
2314.56378475681
2314.56378475681
2314.56378475681
2314.56378475681
2314.56378475681
2314.56378475681
2314.56378475681
2314.56378475681
2314.56378475681
2314.56378475681
2314.56378475681
2314.56378475681
2314.56378475681
2314.56378475681
2314.56378475681
2314.56378475681
2314.56378475681
2314.56378475681
2314.56378475681
2314.56378475681
2314.56378475681
2314.56378475681
2314.56378475681
