最优解为:334.4718
最优解路径:

Best_route =

     0     0     0     0     0
     4     2     1     3     0

本次运算用时:1.047秒
算法在第1代时收敛
>> 
best
334.471787977320
334.471787977320
334.471787977320
334.471787977320
334.471787977320
334.471787977320
334.471787977320
334.471787977320
334.471787977320
334.471787977320
334.471787977320
334.471787977320
334.471787977320
334.471787977320
334.471787977320
334.471787977320
334.471787977320
334.471787977320
334.471787977320
334.471787977320
334.471787977320
334.471787977320
334.471787977320
334.471787977320
334.471787977320
334.471787977320
334.471787977320
334.471787977320
334.471787977320
334.471787977320
334.471787977320
334.471787977320
334.471787977320
334.471787977320
334.471787977320
334.471787977320
334.471787977320
334.471787977320
334.471787977320
334.471787977320
334.471787977320
334.471787977320
334.471787977320
334.471787977320
334.471787977320
334.471787977320
334.471787977320
334.471787977320
334.471787977320
334.471787977320
334.471787977320
334.471787977320
334.471787977320
334.471787977320
334.471787977320
334.471787977320
334.471787977320
334.471787977320
334.471787977320
334.471787977320
334.471787977320
334.471787977320
334.471787977320
334.471787977320
334.471787977320
334.471787977320
334.471787977320
334.471787977320
334.471787977320
334.471787977320
334.471787977320
334.471787977320
334.471787977320
334.471787977320
334.471787977320
334.471787977320
334.471787977320
334.471787977320
334.471787977320
334.471787977320
334.471787977320
334.471787977320
334.471787977320
334.471787977320
334.471787977320
334.471787977320
334.471787977320
334.471787977320
334.471787977320
334.471787977320
334.471787977320
334.471787977320
334.471787977320
334.471787977320
334.471787977320
334.471787977320
334.471787977320
334.471787977320
334.471787977320
334.471787977320

ave
338.188370903174
350.721811034209
383.018622119953
351.284193186447
352.148164370172
336.670238656016
349.833480328044
335.659538968392
353.308967736473
380.453210467190
350.728252544397
366.988698555556
334.478479607563
336.691021032510
337.315220703421
364.538977517189
350.430289326958
365.634453982180
351.021297810283
335.094826513874
379.606094937917
334.935983302881
334.919181235222
334.937810049147
334.670926953874
334.895687537320
364.111409029961
334.471787977321
349.864626941378
349.467243782293
334.471787977321
334.471787977321
334.471787977321
334.478479607563
349.467243782293
349.865804919307
335.242102991768
349.467243782293
334.471787977321
334.471787977321
334.471787977321
334.471787977321
349.534987901012
349.952195830770
334.471787977321
334.471787977321
334.471787977321
334.471787977321
334.471787977321
334.471787977321
334.471787977321
334.471787977321
334.471787977321
334.471787977321
334.471787977321
334.471787977321
334.471787977321
334.471787977321
334.471787977321
334.471787977321
334.471787977321
334.471787977321
334.471787977321
334.471787977321
334.471787977321
334.471787977321
334.471787977321
334.471787977321
334.471787977321
334.471787977321
334.471787977321
334.478479607563
334.471787977321
334.471787977321
334.471787977321
334.471787977321
334.471787977321
334.471787977321
334.471787977321
334.471787977321
349.534987901012
334.888995907078
334.471787977321
349.291598503641
334.471787977321
334.888995907078
349.467243782293
335.235411361525
334.471787977321
334.471787977321
334.471787977321
334.471787977321
334.471787977321
334.478479607563
334.471787977321
334.471787977321
334.471787977321
334.471787977321
334.471787977321
334.471787977321