最优解为:320.4001
最优解路径:

Best_route =

     1     5     4     6     2     8     3     7     0
     0     0     0     0     0     0     0     0     0

本次运算用时:4.53秒
算法在第1代时收敛

best
320.400051676784
320.400051676784
320.400051676784
320.400051676784
320.400051676784
320.400051676784
320.400051676784
320.400051676784
320.400051676784
320.400051676784
320.400051676784
320.400051676784
320.400051676784
320.400051676784
320.400051676784
320.400051676784
320.400051676784
320.400051676784
320.400051676784
320.400051676784
320.400051676784
320.400051676784
320.400051676784
320.400051676784
320.400051676784
320.400051676784
320.400051676784
320.400051676784
320.400051676784
320.400051676784
320.400051676784
320.400051676784
320.400051676784
320.400051676784
320.400051676784
320.400051676784
320.400051676784
320.400051676784
320.400051676784
320.400051676784
320.400051676784
320.400051676784
320.400051676784
320.400051676784
320.400051676784
320.400051676784
320.400051676784
320.400051676784
320.400051676784
320.400051676784
320.400051676784
320.400051676784
320.400051676784
320.400051676784
320.400051676784
320.400051676784
320.400051676784
320.400051676784
320.400051676784
320.400051676784
320.400051676784
320.400051676784
320.400051676784
320.400051676784
320.400051676784
320.400051676784
320.400051676784
320.400051676784
320.400051676784
320.400051676784
320.400051676784
320.400051676784
320.400051676784
320.400051676784
320.400051676784
320.400051676784
320.400051676784
320.400051676784
320.400051676784
320.400051676784
320.400051676784
320.400051676784
320.400051676784
320.400051676784
320.400051676784
320.400051676784
320.400051676784
320.400051676784
320.400051676784
320.400051676784
320.400051676784
320.400051676784
320.400051676784
320.400051676784
320.400051676784
320.400051676784
320.400051676784
320.400051676784
320.400051676784
320.400051676784
320.400051676784
320.400051676784
320.400051676784
320.400051676784
320.400051676784
320.400051676784
320.400051676784
320.400051676784
320.400051676784
320.400051676784
320.400051676784
320.400051676784
320.400051676784
320.400051676784
320.400051676784
320.400051676784
320.400051676784
320.400051676784
320.400051676784
320.400051676784
320.400051676784
320.400051676784
320.400051676784
320.400051676784
320.400051676784
320.400051676784
320.400051676784
320.400051676784
320.400051676784
320.400051676784
320.400051676784
320.400051676784
320.400051676784
320.400051676784
320.400051676784
320.400051676784
320.400051676784
320.400051676784
320.400051676784
320.400051676784
320.400051676784
320.400051676784
320.400051676784
320.400051676784
320.400051676784
320.400051676784
320.400051676784
320.400051676784
320.400051676784
320.400051676784
320.400051676784
320.400051676784
320.400051676784
320.400051676784
320.400051676784
320.400051676784
320.400051676784
320.400051676784
320.400051676784
320.400051676784
320.400051676784
320.400051676784
320.400051676784
320.400051676784
320.400051676784
320.400051676784
320.400051676784
320.400051676784
320.400051676784
320.400051676784
320.400051676784
320.400051676784
320.400051676784
320.400051676784
320.400051676784
320.400051676784
320.400051676784
320.400051676784
320.400051676784
320.400051676784
320.400051676784
320.400051676784
320.400051676784
320.400051676784
320.400051676784
320.400051676784
320.400051676784
320.400051676784
320.400051676784
320.400051676784
320.400051676784
320.400051676784
320.400051676784
320.400051676784
320.400051676784
320.400051676784
320.400051676784
320.400051676784
320.400051676784
320.400051676784

ave
438.480963133230
437.499388493246
444.456409367165
356.292907765221
409.074111635446
406.793678121217
394.934748750902
417.404246994796
375.326282462617
384.868488205200
375.703696033701
364.430522607220
344.635859083362
363.416884625019
403.644359182215
366.074374913226
383.647965493411
352.842674178779
332.750335074704
332.295359653930
334.873804280645
320.566540218890
332.213998902758
321.356336301406
342.068914221173
351.809365840957
321.874037790039
331.323747305478
321.327381828184
341.839740257700
331.281347688874
341.043613668597
320.534065743329
340.718482086023
320.805613371244
320.400051676784
350.906858028318
320.400051676784
350.530521927529
340.455567657791
330.816957503947
330.622796707226
320.464615700635
320.943146932613
320.400051676784
330.400051676784
320.671599304698
340.437655899693
320.400051676784
320.400051676784
320.400051676784
320.400051676784
330.435480732113
320.400051676784
320.400051676784
320.400051676784
330.400051676784
320.400051676784
320.719705998501
320.400051676784
320.400051676784
320.719705998501
320.400051676784
320.400051676784
320.671599304698
320.400051676784
320.400051676784
330.574364349255
320.400051676784
320.574364349255
320.671599304698
320.400051676784
330.688056634746
320.400051676784
340.246885897173
320.400051676784
339.991795599307
320.400051676784
320.400051676784
320.979926043715
320.659559268325
320.801631696120
320.719705998501
320.400051676784
330.246885897173
320.400051676784
320.894018670972
320.400051676784
320.400051676784
320.719705998501
320.732545355847
320.464615700635
320.400051676784
320.400051676784
330.400051676784
320.400051676784
320.400051676784
330.400051676784
320.400051676784
320.400051676784
320.400051676784
320.400051676784
330.311449921024
320.877887005092
320.400051676784
320.671599304698
330.400051676784
320.400051676784
320.400051676784
320.400051676784
320.400051676784
320.752393480097
320.400051676784
320.400051676784
320.400051676784
330.544169413551
320.400051676784
320.400051676784
330.400051676784
320.400051676784
320.400051676784
320.400051676784
320.400051676784
330.493586723861
320.400051676784
330.435480732113
320.400051676784
320.400051676784
330.144961378918
320.400051676784
320.400051676784
320.400051676784
320.598098843700
320.768319886665
320.400051676784
320.400051676784
320.400051676784
320.400051676784
330.254710027539
320.400051676784
320.400051676784
320.671599304698
320.400051676784
320.702354320477
320.400051676784
320.400051676784
320.400051676784
320.400051676784
320.400051676784
320.400051676784
320.400051676784
320.400051676784
320.400051676784
340.144961378918
320.574364349255
320.400051676784
320.534065743329
320.400051676784
330.254710027539
320.400051676784
330.659559268325
320.752393480097
320.400051676784
321.039867514579
320.400051676784
320.574364349255
320.877887005092
320.400051676784
320.400051676784
330.815717041466
320.464615700635
320.400051676784
320.400051676784
330.544169413551
320.574364349255
320.920682057245
330.254710027539
320.400051676784
320.400051676784
330.416509006832
320.400051676784
320.598098843700
320.400051676784
320.671599304698
320.400051676784
320.400051676784
320.719705998501
320.400051676784
330.400051676784
330.687542261270
330.246885897173
320.801631696120
320.574364349255
320.909806981780
330.956111112573
320.574364349255
320.671599304698
320.400051676784
320.801631696120
320.400051676784